-1.419735026642334219e+01 -1.385949054559982940e+01 0.000000000000000000e+00 -1.656314701915107435e+01 -1.807652837543389523e+01 -1.737969978129397930e+01 -1.844287656877231640e+01 -2.170318715048797031e+01
-3.584815784686566253e+00 -2.181938800906769060e+00 0.000000000000000000e+00 -1.091030795794309505e+00 -2.052733505025124749e+00 4.273151984080715060e+00 -4.937969813517107731e+00 -1.581727586060914792e+00
-1.345668541277293129e-01 -3.395122881170919982e-01 0.000000000000000000e+00 1.990824788570295212e+00 -1.886861757854325639e-01 5.851191127078079646e+00 2.944098793071001197e+00 3.835575147290593456e+00
-7.716207647195830188e-02 -7.387740765223660411e-02 0.000000000000000000e+00 2.479779424666264664e-01 -8.917297665264445339e-02 7.284803566364795868e-01 4.440254858137254734e-01 5.753820817969534929e-01
5.187966456999253406e-01 2.037579888283452823e-01 0.000000000000000000e+00 -1.020738449172000906e-01 -6.999181486669758812e-02 -9.630631557269669907e-01 6.667121297392436530e-01 4.896396114746279782e-01
-2.819834709315393084e+01 -3.215008040427463953e+01 0.000000000000000000e+00 -2.983631897972009028e+01 -3.063960371162081842e+01 -2.959121034582444665e+01 -2.948471362937355167e+01 -2.947974102726096746e+01
7.240383579827214255e-01 3.205123901790604135e-01 0.000000000000000000e+00 -4.188358104452287733e-01 -5.366680028254884327e-01 -8.482986990614931333e-01 7.200818851846897406e-01 2.612979995468486472e+00
9.432656023554020219e-01 1.227192806553568660e+00 0.000000000000000000e+00 1.010747012662143618e+00 1.018141787410339116e+00 -2.968798314188947352e-01 4.268626252554460487e-01 3.164328588347254945e-01
-2.162436786190860549e-01 -5.044195700859355203e-02 0.000000000000000000e+00 -6.538229762987095572e-01 -7.820137683370567694e-02 -1.246473702549671936e+00 -1.753433941458497347e-01 -1.015396428576235133e-01
-2.499632530162523292e-01 -7.701922617098606594e-01 0.000000000000000000e+00 -1.155550078103623868e+00 -1.389217035679811696e+00 -1.178614108805441374e+00 -1.815699166748785398e-03 -1.097580521231753536e-01
-5.099239962378260271e-01 -4.973447891188785830e-01 0.000000000000000000e+00 -5.319863458227659381e-01 -4.665712834442570789e-01 -4.865537850158206945e-01 -4.871637975403948495e-01 -5.248635523282699777e-01
1.543151482531847085e-01 1.387844898801036675e-01 0.000000000000000000e+00 1.499320035232027948e-01 1.800789531051189829e-01 1.283072883108857809e-01 1.611612918248971904e-01 9.437762896686355263e-02
-1.168768912516939679e-02 1.983853102884512026e-02 0.000000000000000000e+00 1.129673255599872306e-02 5.528991766869006952e-02 4.202973240129385252e-02 4.243632965747839991e-02 8.886044185573600818e-02
-3.257054757459893965e-04 -9.323818933707241075e-04 0.000000000000000000e+00 8.107910372274693134e-03 1.205888080209932198e-02 4.446622767066352178e-03 -7.507214954358868743e-03 -1.145357473606050183e-02
-3.494498886004519800e-02 -4.377994319464947187e-02 0.000000000000000000e+00 -7.368114735471975596e-02 -5.710476762884432456e-02 -3.502140417190803545e-02 -4.540778875715818785e-02 -1.654258081534605573e-02
1.859087031217072916e-02 1.526590052328490911e-02 0.000000000000000000e+00 -1.079543033748013581e-03 1.483744283199711286e-02 3.207503990099894176e-02 8.140044169396697116e-03 2.795742969446022089e-02
1.249517946790050689e-02 1.767321025840971546e-02 0.000000000000000000e+00 2.077397085472079685e-02 7.806442901782858698e-03 8.237163258171115165e-03 2.245626592744482536e-02 2.007623067058501160e-02
-4.369119604576947834e-03 -9.945101393008958304e-03 0.000000000000000000e+00 -1.175609478689933207e-02 -9.594609412713247729e-03 -8.945514682727577493e-03 -7.637581627729652170e-03 -4.265618316197212177e-03
3.463914137160093408e-03 1.081017591068487646e-03 0.000000000000000000e+00 -4.844862705618083187e-05 3.305298095967096599e-03 2.841816894576739121e-03 3.938498684697145681e-03 4.019183986958628496e-03
1.290284567373713685e-02 1.412416120901337571e-02 0.000000000000000000e+00 1.137799000502437430e-02 1.222836327978950657e-02 1.333631841758966749e-02 1.239939249812007163e-02 9.360235364786591294e-03
-5.360852380164590932e-03 -2.065056583369243547e-03 0.000000000000000000e+00 2.765910001543248065e-03 -3.238846898085957250e-03 -3.629418153201851519e-03 -4.891946804931882747e-03 -1.217806453189646497e-03
-2.206809432145042521e-02 -2.005061478677734599e-02 0.000000000000000000e+00 -2.765225959386374832e-02 -2.877329783948485986e-02 -2.692664868782277190e-02 -2.937208187193759978e-02 -3.215935599929985178e-02
8.729378448955247422e-03 1.036259382399153453e-02 0.000000000000000000e+00 8.362728144408616837e-03 1.101569775335171746e-02 9.264488008409652725e-03 1.068869202890260911e-02 6.231638168536769891e-03
1.005921327430004016e-03 2.476507735638583440e-04 0.000000000000000000e+00 -2.981805598366224323e-03 1.206620188290527095e-03 1.278832814337069060e-03 3.878895830734840119e-04 -1.409152877100599719e-03
1.008854861579088673e-03 8.955142996166692891e-04 0.000000000000000000e+00 -1.430068549974784081e-03 -4.003246316714038477e-04 1.003306841185289209e-03 -1.377034277345583202e-03 1.367170905891613476e-04
1.544019466374911987e-03 2.545552612174799105e-03 0.000000000000000000e+00 2.912001072105746720e-03 1.842046344561827816e-03 4.428206385128758381e-04 8.985350756799664190e-04 8.486210396704656211e-04
-8.180405208336617023e-04 1.433630053636911726e-03 0.000000000000000000e+00 6.538843237628653646e-03 4.068719912787682400e-03 4.664263176990532563e-03 5.719646940687975536e-04 -4.850823701317079698e-03
4.672275369641154530e-03 4.796989372609083979e-03 0.000000000000000000e+00 1.254665411559863523e-03 2.220582219007347004e-03 5.858942809358405612e-03 5.712839731269636796e-03 6.486730968794283958e-03
-8.933686580381505152e-04 -5.135390179126981570e-04 0.000000000000000000e+00 -3.999626362445519068e-04 -1.413233079144933838e-04 -3.201866527120606973e-04 -5.687521214490848980e-04 -7.087106844860346748e-04
9.408679793240314450e-04 4.730289936354796802e-04 0.000000000000000000e+00 -6.352568436387776019e-04 1.322434959807590330e-03 1.648683550604156198e-03 1.337411019959776392e-03 1.565417828824991215e-04
-2.830267295454386711e-01 -3.067901371413030986e-01 0.000000000000000000e+00 -2.584679898468069670e-01 -3.703369194385829344e-01 -3.497551227801687368e-01 -3.342344009006349426e-01 -2.410075530012740774e-01
6.209921406872251359e-02 8.882363919560173904e-02 0.000000000000000000e+00 6.777061028338771109e-02 3.976191278023310377e-02 9.258081996162392802e-02 7.554535320470961990e-02 1.380688098414133980e-01
9.505505372491296345e-02 7.089415809105922839e-02 0.000000000000000000e+00 3.981942452133502286e-02 4.927624857665402480e-02 6.398782515177378616e-02 8.367243773123470008e-02 1.058722560404687513e-01
2.469312829857576302e-02 2.469257802308595651e-02 0.000000000000000000e+00 2.847590489737095165e-03 2.282470102447160115e-02 3.304357297653673364e-02 3.109240840789933083e-02 3.427687803739808831e-02
-8.036752754368986507e-02 -8.172880813289588875e-02 0.000000000000000000e+00 -1.057092359466491605e-01 -9.180830081790304631e-02 -8.260603437655240910e-02 -8.966894509174344607e-02 -8.822194185274276346e-02
-7.808013607104299925e-03 -1.028571930996376865e-02 0.000000000000000000e+00 -1.221460840998186276e-02 -1.177217071337200403e-02 -1.021989829530875298e-02 -1.272194094105092918e-02 -1.536484510588406911e-02
1.044134427666979122e-02 2.132478969173417366e-02 0.000000000000000000e+00 2.173218120488881744e-02 2.100483227704064843e-02 1.291277557389356942e-02 1.682238947315494934e-02 1.450998739310904902e-02
-2.855003473455236442e-03 -5.295280780045566633e-03 0.000000000000000000e+00 -5.565086341269231962e-03 -1.464059472262106351e-03 6.007291968377573982e-05 -6.833903167349717096e-03 -6.506545576370074795e-03
2.128377257780317364e-03 4.360335536200102453e-03 0.000000000000000000e+00 6.139581428398946383e-03 1.070886654038107934e-02 1.260243933147702465e-02 2.855569889839693759e-03 -1.604397970548072060e-03
2.643726901139872680e-03 6.894575172741036328e-04 0.000000000000000000e+00 1.848646576941948005e-03 -6.177504499075173010e-04 -8.756513930687452726e-04 2.348903910891049496e-03 3.990892232126758143e-03
3.724650989850820590e-03 8.165669132155379054e-03 0.000000000000000000e+00 6.291851816411044018e-03 7.560020301776254788e-03 6.868241214705283690e-03 7.733952287349582164e-03 4.024848857756477098e-03
-7.752075637506047716e-04 -1.434462267930190467e-03 0.000000000000000000e+00 -4.370999411990127322e-03 5.437713575552000425e-04 -7.530721740284132375e-04 -1.304802180850769128e-03 -3.517407227983212342e-03
5.276697416532939548e-03 6.116166040961389799e-03 0.000000000000000000e+00 4.789422165038680415e-03 6.228432319201056971e-03 5.413687784895474496e-03 6.298194398531416216e-03 4.283986415664990319e-03
-7.684545202262518457e-03 -7.784424604363018689e-03 0.000000000000000000e+00 -1.843113634953254427e-03 -3.623614900045913495e-03 -8.971285095792895167e-03 -9.339555547261266938e-03 -9.668092584433751052e-03
-6.271744138056688581e-04 2.250239690461061821e-03 0.000000000000000000e+00 8.226614835895996666e-03 5.959568755395969024e-03 6.737521479203766733e-03 7.342669156476721790e-04 -6.304962165705302671e-03
-9.173007727045355726e-04 -3.739298184773466658e-04 0.000000000000000000e+00 -4.461367897682167252e-04 7.592674618402215497e-06 -4.855826602038941720e-05 -8.160616625004549728e-04 -1.319807663324526047e-03
1.795534585047224531e-03 7.802386146360650726e-04 0.000000000000000000e+00 -6.452086694127391955e-04 2.410050626344925964e-03 2.751686176285147653e-03 2.367208203338269819e-03 8.691751028172640600e-04
3.054920737423006045e-04 -3.935230726531528146e-05 0.000000000000000000e+00 -8.581866685691233888e-04 -8.136319513681586129e-04 -5.370994656183777048e-04 3.454993579352495618e-05 1.309606928822766364e-03
2.545402944385912239e-04 3.123651863279154400e-04 0.000000000000000000e+00 -4.233348090582110881e-05 7.710535222818775281e-06 2.048965129407159011e-04 3.905383331659320785e-04 4.383536442056941017e-04
2.051448631590586458e-04 4.856266000898015961e-04 0.000000000000000000e+00 2.686856129615973390e-04 4.094758436872352738e-04 1.314852740673867109e-04 5.810860684205797211e-04 4.500022078604146093e-04
