1.36474298503 nan 
4.36474298503 nan 
7.36474298503 nan 
10.364742985 nan 
13.364742985 nan 
16.364742985 nan 
19.364742985 nan 
22.364742985 nan 
25.364742985 nan 
28.364742985 nan 
31.364742985 nan 
34.364742985 nan 
37.364742985 nan 
40.364742985 nan 
43.364742985 nan 
46.364742985 nan 
49.364742985 nan 
52.364742985 nan 
55.364742985 nan 
58.364742985 nan 
61.364742985 nan 
64.364742985 nan 
67.364742985 nan 
70.364742985 nan 
73.364742985 nan 
76.364742985 nan 
79.364742985 nan 
82.364742985 nan 
85.364742985 nan 
88.364742985 nan 
91.364742985 nan 
94.364742985 nan 
97.364742985 nan 
100.364742985 nan 
103.364742985 nan 
106.364742985 nan 
109.364742985 nan 
112.364742985 nan 
115.364742985 nan 
118.364742985 nan 
121.364742985 nan 
124.364742985 nan 
127.364742985 nan 
130.364742985 nan 
133.364742985 nan 
136.364742985 nan 
139.364742985 nan 
142.364742985 nan 
145.364742985 nan 
148.364742985 nan 
151.364742985 nan 
154.364742985 nan 
157.364742985 nan 
160.364742985 nan 
163.364742985 nan 
166.364742985 nan 
169.364742985 nan 
172.364742985 nan 
175.364742985 nan 
178.364742985 nan 
181.364742985 nan 
184.364742985 nan 
187.364742985 nan 
190.364742985 nan 
193.364742985 nan 
196.364742985 nan 
199.364742985 nan 
202.364742985 nan 
205.364742985 nan 
208.364742985 nan 
211.364742985 nan 
214.364742985 nan 
217.364742985 nan 
220.364742985 nan 
223.364742985 nan 
226.364742985 nan 
229.364742985 nan 
232.364742985 nan 
235.364742985 nan 
238.364742985 nan 
241.364742985 nan 
244.364742985 nan 
247.364742985 nan 
250.364742985 nan 
253.364742985 nan 
256.364742985 nan 
259.364742985 nan 
262.364742985 nan 
265.364742985 nan 
268.364742985 nan 
271.364742985 nan 
274.364742985 nan 
277.364742985 nan 
280.364742985 nan 
283.364742985 nan 
286.364742985 nan 
289.364742985 nan 
292.364742985 nan 
295.364742985 nan 
298.364742985 nan 
301.364742985 nan 
304.364742985 nan 
307.364742985 nan 
310.364742985 nan 
313.364742985 nan 
316.364742985 nan 
319.364742985 nan 
322.364742985 nan 
325.364742985 nan 
328.364742985 nan 
331.364742985 nan 
334.364742985 nan 
337.364742985 nan 
340.364742985 nan 
343.364742985 nan 
346.364742985 nan 
349.364742985 nan 
352.364742985 nan 
355.364742985 nan 
358.364742985 nan 
361.364742985 nan 
364.364742985 nan 
367.364742985 nan 
370.364742985 nan 
373.364742985 nan 
376.364742985 nan 
379.364742985 nan 
382.364742985 nan 
385.364742985 nan 
388.364742985 nan 
391.364742985 nan 
394.364742985 nan 
397.364742985 nan 
400.364742985 nan 
403.364742985 nan 
406.364742985 nan 
409.364742985 nan 
412.364742985 nan 
415.364742985 nan 
418.364742985 nan 
421.364742985 nan 
424.364742985 nan 
427.364742985 nan 
430.364742985 nan 
433.364742985 nan 
436.364742985 nan 
439.364742985 nan 
442.364742985 nan 
445.364742985 nan 
448.364742985 nan 
451.364742985 nan 
454.364742985 nan 
457.364742985 nan 
460.364742985 nan 
463.364742985 nan 
466.364742985 nan 
469.364742985 nan 
472.364742985 nan 
475.364742985 nan 
478.364742985 nan 
481.364742985 nan 
484.364742985 nan 
487.364742985 nan 
490.364742985 nan 
493.364742985 nan 
496.364742985 nan 
499.364742985 nan 
502.364742985 nan 
505.364742985 nan 
508.364742985 nan 
511.364742985 nan 
514.364742985 nan 
517.364742985 nan 
520.364742985 nan 
523.364742985 nan 
526.364742985 nan 
529.364742985 nan 
532.364742985 nan 
535.364742985 nan 
538.364742985 nan 
541.364742985 nan 
544.364742985 nan 
547.364742985 nan 
550.364742985 nan 
553.364742985 nan 
556.364742985 nan 
559.364742985 nan 
562.364742985 nan 
565.364742985 nan 
568.364742985 nan 
571.364742985 nan 
574.364742985 nan 
577.364742985 nan 
580.364742985 nan 
583.364742985 nan 
586.364742985 nan 
589.364742985 nan 
592.364742985 nan 
595.364742985 nan 
598.364742985 nan 
601.364742985 nan 
604.364742985 nan 
607.364742985 nan 
610.364742985 nan 
613.364742985 nan 
616.364742985 nan 
619.364742985 nan 
622.364742985 nan 
625.364742985 nan 
628.364742985 nan 
631.364742985 nan 
634.364742985 nan 
637.364742985 nan 
640.364742985 nan 
643.364742985 nan 
646.364742985 nan 
649.364742985 nan 
652.364742985 nan 
655.364742985 nan 
658.364742985 nan 
661.364742985 nan 
664.364742985 nan 
667.364742985 nan 
670.364742985 nan 
673.364742985 nan 
676.364742985 nan 
679.364742985 nan 
682.364742985 nan 
685.364742985 nan 
688.364742985 nan 
691.364742985 nan 
694.364742985 nan 
697.364742985 nan 
700.364742985 nan 
703.364742985 nan 
706.364742985 nan 
709.364742985 nan 
712.364742985 nan 
715.364742985 nan 
718.364742985 nan 
721.364742985 nan 
724.364742985 nan 
727.364742985 nan 
730.364742985 nan 
733.364742985 nan 
736.364742985 nan 
739.364742985 nan 
742.364742985 nan 
745.364742985 nan 
748.364742985 nan 
751.364742985 nan 
754.364742985 nan 
757.364742985 nan 
760.364742985 nan 
763.364742985 nan 
766.364742985 nan 
769.364742985 nan 
772.364742985 nan 
775.364742985 nan 
778.364742985 nan 
781.364742985 nan 
784.364742985 nan 
787.364742985 nan 
790.364742985 nan 
793.364742985 nan 
796.364742985 nan 
799.364742985 nan 
802.364742985 nan 
805.364742985 nan 
808.364742985 nan 
811.364742985 nan 
814.364742985 nan 
817.364742985 nan 
820.364742985 nan 
823.364742985 nan 
826.364742985 nan 
829.364742985 nan 
832.364742985 -0.304629792453 
835.364742985 -0.424008420971 
838.364742985 -0.477492232255 
841.364742985 -0.436097132737 
844.364742985 -0.353562348724 
847.364742985 -0.267597563779 
850.364742985 -0.169963561887 
853.364742985 -0.124485841841 
856.364742985 -0.103237255324 
859.364742985 -0.0602797234265 
862.364742985 -0.0512307605508 
865.364742985 -0.0353762573269 
868.364742985 -0.0233196578393 
871.364742985 -0.0206176820006 
874.364742985 0.000908687735986 
877.364742985 0.000990565474483 
880.364742985 -0.00220352841475 
883.364742985 -0.00211805675617 
886.364742985 -0.0124621892392 
889.364742985 0.00418226798179 
892.364742985 0.0124390120199 
895.364742985 -0.00145572033497 
898.364742985 0.00129662002703 
901.364742985 -0.00202893435898 
904.364742985 0.00100467319257 
907.364742985 -0.0125421518049 
910.364742985 -0.00415258355949 
913.364742985 0.00342483762161 
916.364742985 0.00479214029349 
919.364742985 0.00973563935391 
922.364742985 0.00203731756091 
925.364742985 0.00312317165849 
928.364742985 0.004867103882 
931.364742985 0.00460018294302 
934.364742985 0.00615541944981 
937.364742985 -0.00129276795463 
940.364742985 0.00200335377508 
943.364742985 0.00548639872044 
946.364742985 0.00615454985638 
949.364742985 0.0048327288696 
952.364742985 0.00426436265777 
955.364742985 -0.000402843566662 
958.364742985 -0.00439651505017 
961.364742985 -0.00298878313108 
964.364742985 0.00438939660366 
967.364742985 -0.000878290613142 
970.364742985 -0.0032135208882 
973.364742985 -0.00818714259122 
976.364742985 -0.0121922223531 
979.364742985 -0.00886407604141 
982.364742985 -0.00868202289132 
985.364742985 0.00109564406835 
988.364742985 0.00807599001104 
991.364742985 0.00870224791739 
994.364742985 0.00516958176413 
997.364742985 0.000441290123735 
1000.36474299 0.00455877217713 
1003.36474299 0.00552795064384 
1006.36474299 0.00919790511046 
1009.36474299 0.00802883339736 
1012.36474299 0.00621582590739 
1015.36474299 -0.00373566644486 
1018.36474299 -0.00578483939261 
1021.36474299 -0.0069373603884 
1024.36474299 -0.00315042506414 
1027.36474299 -0.00438467177759 
1030.36474299 -0.000440839756242 
1033.36474299 -0.00141347868862 
1036.36474299 -0.00434699536506 
1039.36474299 -0.00184699682109 
1042.36474299 0.00137980867367 
1045.36474299 0.00632983218666 
1048.36474299 0.00627111593217 
1051.36474299 0.00190259984157 
1054.36474299 0.000155351354909 
1057.36474299 -0.00191037509183 
1060.36474299 -0.00106213035373 
1063.36474299 0.0011885464449 
1066.36474299 0.00663821076847 
1069.36474299 0.0125683417889 
1072.36474299 0.0119690544465 
1075.36474299 0.0112405532106 
1078.36474299 0.0077428066849 
1081.36474299 0.00716191406139 
1084.36474299 0.00743246717255 
1087.36474299 0.0101107675269 
1090.36474299 0.0109748463315 
1093.36474299 0.00983457706965 
1096.36474299 0.0101313754691 
1099.36474299 0.00799628658531 
1102.36474299 0.00534721900186 
1105.36474299 0.00356372791463 
1108.36474299 0.00453169837859 
1111.36474299 0.00479496871064 
1114.36474299 0.00279859103947 
1117.36474299 -0.00131827664301 
1120.36474299 -0.003912006403 
1123.36474299 -0.00186148692854 
1126.36474299 0.0010383081815 
1129.36474299 0.00307929379652 
1132.36474299 0.00181697477954 
1135.36474299 -0.002214546864 
1138.36474299 -0.00231070435629 
1141.36474299 0.00289845971002 
1144.36474299 0.00617602159817 
1147.36474299 0.00535699152546 
1150.36474299 0.0029340379848 
1153.36474299 0.00172756901393 
1156.36474299 0.00204650017256 
1159.36474299 0.00394136347683 
1162.36474299 0.00468343848147 
1165.36474299 0.00547074919898 
1168.36474299 0.00125062638263 
1171.36474299 2.68580646556e-05 
1174.36474299 -0.000961727075474 
1177.36474299 -7.74180024639e-05 
1180.36474299 0.000493797884078 
1183.36474299 0.000774146529359 
1186.36474299 0.000309957386348 
1189.36474299 0.00229366959515 
1192.36474299 0.00227113364167 
1195.36474299 0.00171941348114 
1198.36474299 -0.00143509645995 
1201.36474299 -0.00501367224782 
1204.36474299 -0.0073689410288 
1207.36474299 -0.00811281210465 
1210.36474299 -0.00526211630161 
1213.36474299 -0.000273785611417 
1216.36474299 0.00352105594858 
1219.36474299 0.00369937474531 
1222.36474299 0.00159321077218 
1225.36474299 0.000917248174863 
1228.36474299 0.00235994356987 
1231.36474299 0.00650544792253 
1234.36474299 0.011607271978 
1237.36474299 0.0166779297208 
1240.36474299 0.0218398173476 
1243.36474299 0.024922775182 
1246.36474299 0.0235498730869 
1249.36474299 0.0222476550851 
1252.36474299 0.0198511209094 
1255.36474299 0.0171721231948 
1258.36474299 0.0157575111642 
1261.36474299 0.0171316615551 
1264.36474299 0.0157553348105 
1267.36474299 0.0155879188508 
1270.36474299 0.0164419196416 
1273.36474299 0.0182344924761 
1276.36474299 0.0191113165391 
1279.36474299 0.0170633012936 
1282.36474299 0.0175036947972 
1285.36474299 0.0186503172002 
1288.36474299 0.0199102343011 
1291.36474299 0.0208800137406 
1294.36474299 0.0228664706201 
1297.36474299 0.0212387602693 
1300.36474299 0.0171362028238 
1303.36474299 0.0143962756315 
1306.36474299 0.0160451733022 
1309.36474299 0.0180857419627 
1312.36474299 0.0201469743963 
1315.36474299 0.0193018581009 
1318.36474299 0.0179217169434 
1321.36474299 0.016776960137 
1324.36474299 0.0177285018163 
1327.36474299 0.0195522820467 
1330.36474299 0.0198318918865 
1333.36474299 0.0197412793032 
1336.36474299 0.0200093668985 
1339.36474299 0.0201669808389 
1342.36474299 0.0191837724751 
1345.36474299 0.0186847806994 
1348.36474299 0.015800114395 
1351.36474299 0.0148815098177 
1354.36474299 0.0163513028447 
1357.36474299 0.0193144927509 
1360.36474299 0.0207010765897 
1363.36474299 0.0208760718646 
1366.36474299 0.0186259896525 
1369.36474299 0.018479512407 
1372.36474299 0.0192488123751 
1375.36474299 0.0175296540835 
1378.36474299 0.0151624848823 
1381.36474299 0.0125273039316 
1384.36474299 0.00931737070886 
1387.36474299 0.00833983182029 
1390.36474299 0.00781940938592 
1393.36474299 0.0103860583685 
1396.36474299 0.0137448811553 
1399.36474299 0.0153355123794 
1402.36474299 0.0137656597505 
1405.36474299 0.0148167322178 
1408.36474299 0.0164216277237 
1411.36474299 0.0172459390886 
1414.36474299 0.0135349019946 
1417.36474299 0.0124952664453 
1420.36474299 0.0144851342801 
1423.36474299 0.0165923872201 
1426.36474299 0.0157719671674 
1429.36474299 0.0153943950734 
1432.36474299 0.0165367205998 
1435.36474299 0.0148521185079 
1438.36474299 0.0129437491167 
1441.36474299 0.0123308200603 
1444.36474299 0.012312632864 
1447.36474299 0.00879430736506 
1450.36474299 0.00639651383267 
1453.36474299 0.00587607981074 
1456.36474299 0.00400380539402 
1459.36474299 0.00474688667257 
1462.36474299 0.00479863933244 
1465.36474299 0.00332115822517 
1468.36474299 0.00286429748728 
1471.36474299 0.00485381242825 
1474.36474299 0.0070943817834 
1477.36474299 0.00798731149626 
1480.36474299 0.00639451076556 
1483.36474299 0.00585726793983 
1486.36474299 0.00484499219109 
1489.36474299 0.00651199067817 
1492.36474299 0.00700271209898 
1495.36474299 0.00985197841894 
1498.36474299 0.0101037033313 
1501.36474299 0.0107295072161 
1504.36474299 0.0104584089631 
1507.36474299 0.0102880244822 
1510.36474299 0.0106231871736 
1513.36474299 0.0101764795052 
1516.36474299 0.00930923835118 
1519.36474299 0.0074683875436 
1522.36474299 0.00716460553469 
1525.36474299 0.00741790740809 
1528.36474299 0.00736827527102 
1531.36474299 0.00801224107018 
1534.36474299 0.00871515750849 
1537.36474299 0.00857962997698 
1540.36474299 0.00814800456648 
1543.36474299 0.00768803072626 
1546.36474299 0.00627342501611 
1549.36474299 0.0041369909224 
1552.36474299 0.00389981260685 
1555.36474299 0.00497151355784 
1558.36474299 0.00701728871807 
1561.36474299 0.00967922586288 
1564.36474299 0.0115533361172 
1567.36474299 0.0122829044617 
1570.36474299 0.0121089657612 
1573.36474299 0.01175452875 
1576.36474299 0.0115176812066 
1579.36474299 0.0105509440273 
1582.36474299 0.010271653372 
1585.36474299 0.0085786977054 
1588.36474299 0.00728457097812 
1591.36474299 0.00671432837224 
1594.36474299 0.00661575039745 
1597.36474299 0.00745608050542 
1600.36474299 0.00701985430837 
1603.36474299 0.00581672518725 
1606.36474299 0.00541391170873 
1609.36474299 0.00381694577825 
1612.36474299 0.00291383139348 
1615.36474299 0.00381332414021 
1618.36474299 0.00586302274165 
1621.36474299 0.00681984571312 
1624.36474299 0.00669236363261 
1627.36474299 0.0067704031906 
1630.36474299 0.00714395598269 
1633.36474299 0.00780277176193 
1636.36474299 0.00775166115802 
1639.36474299 0.0059344968956 
1642.36474299 0.00307793831579 
1645.36474299 0.000538747693759 
1648.36474299 0.000218026109553 
1651.36474299 0.000307917515574 
1654.36474299 0.00123075648883 
1657.36474299 0.000700928118998 
1660.36474299 0.000413103030978 
1663.36474299 -0.00101278507451 
1666.36474299 -0.00187023039814 
1669.36474299 -0.00486303401621 
1672.36474299 -0.00563894257835 
1675.36474299 -0.00511649706199 
1678.36474299 -0.00463023052987 
1681.36474299 -0.0054193741881 
1684.36474299 -0.00497387267896 
1687.36474299 -0.00461759693328 
1690.36474299 -0.00290372493758 
1693.36474299 -0.00218789627462 
1696.36474299 -0.00269513286001 
1699.36474299 -0.00406296092223 
1702.36474299 -0.00493677775107 
1705.36474299 -0.00429138325889 
1708.36474299 -0.0021305177245 
1711.36474299 0.00134029299994 
1714.36474299 0.00318023800297 
1717.36474299 0.00375492259321 
1720.36474299 0.00317956987501 
1723.36474299 0.00151969062449 
1726.36474299 0.00232679657508 
1729.36474299 0.00352900975255 
1732.36474299 0.00356006124313 
1735.36474299 0.00308247747761 
1738.36474299 0.0025675917883 
1741.36474299 0.00319158143051 
1744.36474299 0.00414757641841 
1747.36474299 0.00476137480487 
1750.36474299 0.00349249314906 
1753.36474299 0.00534592224898 
1756.36474299 0.00669333646063 
1759.36474299 0.00838864703465 
1762.36474299 0.00945878840591 
1765.36474299 0.00787509444103 
1768.36474299 0.00599770438156 
1771.36474299 0.00363699603297 
1774.36474299 0.00475746031767 
1777.36474299 0.00628991516211 
1780.36474299 0.00728648766527 
1783.36474299 0.00675850066348 
1786.36474299 0.0067982233331 
1789.36474299 0.00724138415588 
1792.36474299 0.00756131763812 
1795.36474299 0.00629998106157 
1798.36474299 0.00446546601374 
1801.36474299 0.00262005102576 
1804.36474299 0.00240969447939 
1807.36474299 0.00326278775389 
1810.36474299 0.0039890304697 
1813.36474299 0.00417044314396 
1816.36474299 0.00579016545484 
1819.36474299 0.00568217575082 
1822.36474299 0.00449953869627 
1825.36474299 0.00285888820533 
1828.36474299 0.00251192042758 
1831.36474299 0.00319609531038 
1834.36474299 0.00288387703379 
1837.36474299 0.00210500719265 
1840.36474299 0.000304192939211 
1843.36474299 -0.000588437571098 
1846.36474299 -0.0011966951305 
1849.36474299 -0.000863384407082 
1852.36474299 -0.00100139272906 
1855.36474299 -0.00116346452096 
1858.36474299 -0.000572653475973 
1861.36474299 0.000964388328953 
1864.36474299 0.00250002948801 
1867.36474299 0.00393388212913 
1870.36474299 0.0037337452807 
1873.36474299 0.00352461806872 
1876.36474299 0.00277635820592 
1879.36474299 0.00129803423561 
1882.36474299 0.00161016981918 
1885.36474299 0.00262485090759 
1888.36474299 0.00345620513645 
1891.36474299 0.00434317120814 
1894.36474299 0.00376659152574 
1897.36474299 0.00307453210095 
1900.36474299 0.00176972230516 
1903.36474299 0.00122306709182 
1906.36474299 0.001402516202 
1909.36474299 0.00122922087427 
1912.36474299 0.00203803533102 
1915.36474299 0.00308127289846 
1918.36474299 0.00316984686188 
1921.36474299 0.00252821068823 
1924.36474299 0.00290782377226 
1927.36474299 0.00235382823704 
1930.36474299 0.0024994727586 
1933.36474299 0.00170441128271 
1936.36474299 0.00128438067071 
1939.36474299 -0.000148599578847 
1942.36474299 -0.00253457989388 
1945.36474299 -0.00438880300476 
1948.36474299 -0.00361340850876 
1951.36474299 -0.00213031810251 
1954.36474299 -0.00110416941536 
1957.36474299 -0.00107362343192 
1960.36474299 -0.000110800402413 
1963.36474299 0.00281039191212 
1966.36474299 0.00425597010678 
1969.36474299 0.00495027251377 
1972.36474299 0.00326326047352 
1975.36474299 0.00128517929036 
1978.36474299 -0.000910692251546 
1981.36474299 -0.00276081349918 
1984.36474299 -0.00412585291063 
1987.36474299 -0.00451334684969 
1990.36474299 -0.00407164737578 
1993.36474299 -0.00340256712851 
1996.36474299 -0.00331966764407 
1999.36474299 -0.00311437854675 
2002.36474299 -0.00311456473771 
2005.36474299 -0.00379982384708 
2008.36474299 -0.00532136927064 
2011.36474299 -0.00500683980328 
2014.36474299 -0.00370483590791 
2017.36474299 -0.00249035124499 
2020.36474299 -0.000613851583874 
2023.36474299 0.00140474930844 
2026.36474299 0.00145752246332 
2029.36474299 0.000412317085222 
2032.36474299 -0.000634550778012 
2035.36474299 -0.00076871624496 
2038.36474299 -0.000544926626467 
2041.36474299 0.000529354794305 
2044.36474299 0.00177017803849 
2047.36474299 0.00224786345848 
2050.36474299 0.000994557519298 
2053.36474299 0.000216348366373 
2056.36474299 0.000360811385144 
2059.36474299 0.00129124300589 
2062.36474299 0.00283157607183 
2065.36474299 0.00417700565111 
2068.36474299 0.00541381216109 
2071.36474299 0.00752714224771 
2074.36474299 0.00883740359369 
2077.36474299 0.00867650247417 
2080.36474299 0.00878720155953 
2083.36474299 0.00734159966305 
2086.36474299 0.00518769838166 
2089.36474299 0.0025088336606 
2092.36474299 0.00176402688958 
2095.36474299 0.000333900404941 
2098.36474299 -9.84075027442e-05 
2101.36474299 -6.82755563524e-05 
2104.36474299 -0.000387865037133 
2107.36474299 -0.00115850991891 
2110.36474299 -0.0013530752596 
2113.36474299 -0.00125982229363 
2116.36474299 -0.000799940100441 
2119.36474299 -0.000869606990642 
2122.36474299 -0.00121430821604 
2125.36474299 -0.00109246427172 
2128.36474299 -0.000553344854426 
2131.36474299 -0.000764250756298 
2134.36474299 0.000655809466771 
2137.36474299 0.0011245199294 
2140.36474299 0.00186105318524 
2143.36474299 -8.11016520394e-05 
2146.36474299 -0.00119617987928 
2149.36474299 -0.000726328437389 
2152.36474299 0.00157338578016 
2155.36474299 0.00261159052955 
2158.36474299 0.00328655409517 
2161.36474299 0.00522586831875 
2164.36474299 0.00643188116126 
2167.36474299 0.00662436469213 
2170.36474299 0.0061754827768 
2173.36474299 0.00692479105008 
2176.36474299 0.00600236310589 
2179.36474299 0.00486426071706 
2182.36474299 0.00310353364748 
2185.36474299 0.0014896858326 
2188.36474299 -0.002143102469 
2191.36474299 -0.0044480309552 
2194.36474299 -0.0048362809823 
2197.36474299 -0.00315694780491 
2200.36474299 -0.00131185884863 
2203.36474299 0.000286478890501 
2206.36474299 0.000165388022121 
2209.36474299 -0.00138226391883 
2212.36474299 -0.00210979272171 
2215.36474299 -0.00240377587167 
2218.36474299 -0.001126073452 
2221.36474299 7.50965573646e-05 
2224.36474299 -0.000202073550453 
2227.36474299 -0.000183268164624 
2230.36474299 0.000118701231171 
2233.36474299 0.00106837578321 
2236.36474299 0.00218291467884 
2239.36474299 0.0020433117511 
2242.36474299 0.000811522982193 
2245.36474299 -0.0010462901643 
2248.36474299 -0.00302232541955 
2251.36474299 -0.00438240483022 
2254.36474299 -0.00414940698895 
2257.36474299 -0.00328760750938 
2260.36474299 -0.00286831494571 
2263.36474299 -0.00367141897573 
2266.36474299 -0.00491584641078 
2269.36474299 -0.00673790009524 
2272.36474299 -0.00694839700905 
2275.36474299 -0.00728094301959 
2278.36474299 -0.00629852471643 
2281.36474299 -0.00460979113401 
2284.36474299 -0.00373180647185 
2287.36474299 -0.0029004459225 
2290.36474299 -0.00237220662801 
2293.36474299 -0.00167064672384 
2296.36474299 -0.00121182189516 
2299.36474299 -0.00233900669915 
2302.36474299 -0.00295249353835 
2305.36474299 -0.00264946603737 
2308.36474299 -0.00101558412774 
2311.36474299 3.09901343478e-06 
2314.36474299 0.000838095421405 
2317.36474299 0.00131780063146 
2320.36474299 0.00215479299652 
2323.36474299 0.00287865894652 
2326.36474299 0.0024741065445 
2329.36474299 0.00307747138994 
2332.36474299 0.00192578759509 
2335.36474299 -0.0006009463381 
2338.36474299 -0.00236825685144 
2341.36474299 -0.00318089875703 
2344.36474299 -0.003963582616 
2347.36474299 -0.00564137965212 
2350.36474299 -0.00567416980285 
2353.36474299 -0.00565960319119 
2356.36474299 -0.00493336574246 
2359.36474299 -0.00442539993108 
2362.36474299 -0.00514194280887 
2365.36474299 -0.00440989288389 
2368.36474299 -0.0045548698042 
2371.36474299 -0.00474192877861 
2374.36474299 -0.00353280625735 
2377.36474299 -0.00273922535512 
2380.36474299 -0.00188695743065 
2383.36474299 -0.00173243670931 
2386.36474299 -0.0010436364164 
2389.36474299 0.000378448337101 
2392.36474299 -0.000451646995946 
2395.36474299 -0.00198205782179 
2398.36474299 -0.00384568318117 
2401.36474299 -0.00401044164017 
2404.36474299 -0.00357520644254 
2407.36474299 -0.000673609599174 
2410.36474299 0.00120404585484 
2413.36474299 0.00168676277612 
2416.36474299 0.0012329548326 
2419.36474299 0.00189991429372 
2422.36474299 0.00235678227383 
2425.36474299 0.00291608043281 
2428.36474299 0.00229564501014 
2431.36474299 0.00180591248192 
2434.36474299 0.000876315263989 
2437.36474299 -0.0003259380749 
2440.36474299 -0.00230683384914 
2443.36474299 -0.0024740736253 
2446.36474299 -0.00175625321944 
2449.36474299 -0.00186143162429 
2452.36474299 -0.00218398902965 
2455.36474299 -0.00427013931793 
2458.36474299 -0.00586882968746 
2461.36474299 -0.00512877460457 
2464.36474299 -0.00330837267358 
2467.36474299 -0.00133403045248 
2470.36474299 0.000547939424018 
2473.36474299 0.00149009969271 
2476.36474299 0.00134857270393 
2479.36474299 0.000738827921178 
2482.36474299 0.00106149540832 
2485.36474299 0.00107091800089 
2488.36474299 0.000580865563939 
2491.36474299 0.000974925828781 
2494.36474299 0.00172815313211 
2497.36474299 0.00267912570443 
2500.36474299 0.00229938673741 
2503.36474299 0.00163067623852 
2506.36474299 0.00104536908525 
2509.36474299 0.00134878444018 
2512.36474299 0.00255448046838 
2515.36474299 0.00278232158375 
2518.36474299 0.00222469809001 
2521.36474299 -2.86062420519e-06 
2524.36474299 -0.00149891453111 
2527.36474299 -0.00184790947283 
2530.36474299 -0.00118525597395 
2533.36474299 -0.000863077534356 
2536.36474299 -0.00145229397358 
2539.36474299 -0.00319175261032 
2542.36474299 -0.00471746060011 
2545.36474299 -0.00636308373281 
2548.36474299 -0.00753250517943 
2551.36474299 -0.00800360570722 
2554.36474299 -0.00694542111392 
2557.36474299 -0.00511666139461 
2560.36474299 -0.00317138774351 
2563.36474299 -0.000740145215644 
2566.36474299 0.00107727028607 
2569.36474299 0.00180251982979 
2572.36474299 0.00239553843593 
2575.36474299 0.00298199045292 
2578.36474299 0.00296197426622 
2581.36474299 0.00282631453122 
2584.36474299 0.00277654149999 
2587.36474299 0.00333990662787 
2590.36474299 0.00463155519823 
2593.36474299 0.00496242944043 
2596.36474299 0.00419225224164 
2599.36474299 0.0034622664818 
2602.36474299 0.00294669554656 
2605.36474299 0.00244399417268 
2608.36474299 0.00182015753889 
2611.36474299 0.00194946887317 
2614.36474299 0.00162340899726 
2617.36474299 0.000580175050926 
2620.36474299 -0.000379785811033 
2623.36474299 -0.00123525614761 
2626.36474299 -0.00062379535312 
2629.36474299 -0.00090526756341 
2632.36474299 -0.00122199260933 
2635.36474299 -0.000702750196384 
2638.36474299 0.000440393635326 
2641.36474299 -9.49991975369e-05 
2644.36474299 0.000195771532878 
2647.36474299 0.000455513849066 
2650.36474299 0.000124220611368 
2653.36474299 -0.000333046382292 
2656.36474299 0.00130895089871 
2659.36474299 0.00368279953611 
2662.36474299 0.00531911391082 
2665.36474299 0.00588614939715 
2668.36474299 0.00483972195981 
2671.36474299 0.00505304202369 
2674.36474299 0.00585995835972 
2677.36474299 0.00715473557027 
2680.36474299 0.00796161134985 
2683.36474299 0.00810416146718 
2686.36474299 0.00639273260238 
2689.36474299 0.00564997603875 
2692.36474299 0.00487252422481 
2695.36474299 0.00401264617275 
2698.36474299 0.00375857662374 
2701.36474299 0.00324436906984 
2704.36474299 0.00383790292719 
2707.36474299 0.00521187897808 
2710.36474299 0.00555375507825 
2713.36474299 0.00631176244606 
2716.36474299 0.00409158086947 
2719.36474299 0.00223899186738 
2722.36474299 0.00235996516486 
2725.36474299 0.00257754628921 
2728.36474299 0.00444737573156 
2731.36474299 0.00747143823114 
2734.36474299 0.0100939329145 
2737.36474299 0.0111139654788 
2740.36474299 0.0107526370318 
2743.36474299 0.0102891263534 
2746.36474299 0.00962291560644 
2749.36474299 0.00907363594328 
2752.36474299 0.00949513224947 
2755.36474299 0.0114182947364 
2758.36474299 0.0134628684777 
2761.36474299 0.0148607343827 
2764.36474299 0.0158144218667 
2767.36474299 0.0142483625824 
2770.36474299 0.0134685800895 
2773.36474299 0.0125722583829 
2776.36474299 0.0102668297883 
2779.36474299 0.00847091289044 
2782.36474299 0.00614595610328 
2785.36474299 0.00541257387269 
2788.36474299 0.00430221499047 
2791.36474299 0.00331757398333 
2794.36474299 0.00215326462418 
2797.36474299 0.00137626222307 
2800.36474299 0.00224930057881 
2803.36474299 0.0025961938275 
2806.36474299 0.00383362395868 
2809.36474299 0.00440121775454 
2812.36474299 0.00439317520043 
2815.36474299 0.00400905719055 
2818.36474299 0.00173337108771 
2821.36474299 6.82358228853e-05 
2824.36474299 0.000304599590014 
2827.36474299 0.0021290407061 
2830.36474299 0.00536069585652 
2833.36474299 0.00671045918186 
2836.36474299 0.00657724600135 
2839.36474299 0.00644269340468 
2842.36474299 0.00632039148854 
2845.36474299 0.00581522986578 
2848.36474299 0.00494692423671 
2851.36474299 0.00287310877042 
2854.36474299 0.000340199295192 
2857.36474299 -0.000128886281649 
2860.36474299 0.00200398108324 
2863.36474299 0.00351325725985 
2866.36474299 0.00432104608619 
2869.36474299 0.00426900400077 
2872.36474299 0.0038490406756 
2875.36474299 0.00391755789587 
2878.36474299 0.00401443987379 
2881.36474299 0.00406438355812 
2884.36474299 0.00548667155472 
2887.36474299 0.00531302201646 
2890.36474299 0.00371622068195 
2893.36474299 0.00201801453563 
2896.36474299 0.000574248805951 
2899.36474299 -0.000987704862366 
2902.36474299 -0.00144292688278 
2905.36474299 -0.000662821452602 
2908.36474299 0.000191327342934 
2911.36474299 0.000101781794194 
2914.36474299 -0.000541419250945 
2917.36474299 -0.000787571174175 
2920.36474299 -0.000181065656573 
2923.36474299 0.000801767313222 
2926.36474299 0.000681767567985 
2929.36474299 -0.000642833576407 
2932.36474299 -0.00163353441462 
2935.36474299 -0.00165191543912 
2938.36474299 -0.00250617010278 
2941.36474299 -0.0039345615813 
2944.36474299 -0.00450596030927 
2947.36474299 -0.00379359527223 
2950.36474299 -0.00377009807828 
2953.36474299 -0.00424062238849 
2956.36474299 -0.00380658518617 
2959.36474299 -0.00288768723298 
2962.36474299 -0.00181597943479 
2965.36474299 -0.000484684435662 
2968.36474299 -0.00165019824228 
2971.36474299 -0.00286889511359 
2974.36474299 -0.00277270048844 
2977.36474299 -0.00215743443264 
2980.36474299 -0.00205203849775 
2983.36474299 -0.000908239508241 
2986.36474299 -0.000981536924668 
2989.36474299 4.56727974778e-05 
2992.36474299 -0.000309035648917 
2995.36474299 -0.000223972320019 
2998.36474299 2.05214407783e-05 
3001.36474299 -0.000649458103325 
3004.36474299 -0.00104093473815 
3007.36474299 -0.00169394771939 
3010.36474299 -0.00168567868122 
3013.36474299 -0.00160152260531 
3016.36474299 -0.00168126948438 
3019.36474299 -0.0014318377231 
3022.36474299 -0.00112605488557 
3025.36474299 -0.000833262291185 
3028.36474299 -8.87697503254e-05 
3031.36474299 -3.76296245824e-06 
3034.36474299 0.00109377063702 
3037.36474299 0.0021085346818 
3040.36474299 0.00286624261661 
3043.36474299 0.00315227275266 
3046.36474299 0.0037156681662 
3049.36474299 0.00404932473867 
3052.36474299 0.0045268642608 
3055.36474299 0.00621938486729 
3058.36474299 0.00748758707094 
3061.36474299 0.00777433063176 
3064.36474299 0.00775236589213 
3067.36474299 0.00804384771005 
3070.36474299 0.0067608750591 
3073.36474299 0.00587863592032 
3076.36474299 0.00531253428568 
3079.36474299 0.00628386698444 
3082.36474299 0.00693640968208 
3085.36474299 0.00775110179508 
3088.36474299 0.00711161721995 
3091.36474299 0.0060102310566 
3094.36474299 0.0051245430397 
3097.36474299 0.00480408127024 
3100.36474299 0.00513464633536 
3103.36474299 0.00556605158229 
3106.36474299 0.00586699463992 
3109.36474299 0.00440349418264 
3112.36474299 0.00246880760768 
3115.36474299 0.000138496628839 
3118.36474299 -0.00139149406579 
3121.36474299 -0.0026029296213 
3124.36474299 -0.00230112039384 
3127.36474299 -0.00376980733596 
3130.36474299 -0.00518980362995 
3133.36474299 -0.00671246751604 
3136.36474299 -0.00717944656074 
3139.36474299 -0.00688745963071 
3142.36474299 -0.00572181941438 
3145.36474299 -0.00461489545255 
3148.36474299 -0.00337164520787 
3151.36474299 -0.00410739261672 
3154.36474299 -0.00459564694145 
3157.36474299 -0.00406855481502 
3160.36474299 -0.00259815949841 
3163.36474299 -0.000951628059309 
3166.36474299 -0.000296959374285 
3169.36474299 0.000723899066712 
3172.36474299 0.00265056685521 
3175.36474299 0.0042855075778 
3178.36474299 0.00506626711235 
3181.36474299 0.00387307432074 
3184.36474299 0.00164604225988 
3187.36474299 0.00116646108934 
3190.36474299 0.00182567031879 
3193.36474299 0.00252547339142 
3196.36474299 0.00362948466297 
3199.36474299 0.00303108192515 
3202.36474299 0.00277611460389 
3205.36474299 0.00140529747886 
3208.36474299 0.00113331514797 
3211.36474299 0.000863939293016 
3214.36474299 0.00124877895746 
3217.36474299 0.00259212159153 
3220.36474299 0.00432846238556 
3223.36474299 0.00385594238213 
3226.36474299 0.00400857288336 
3229.36474299 0.0047818494901 
3232.36474299 0.00620782101283 
3235.36474299 0.00653816960134 
3238.36474299 0.00591525417828 
3241.36474299 0.00475955029146 
3244.36474299 0.00417335741436 
3247.36474299 0.00400587956659 
3250.36474299 0.00358252767128 
3253.36474299 0.00278795761311 
3256.36474299 0.00126278475773 
3259.36474299 0.00187197590548 
3262.36474299 0.00348902372937 
3265.36474299 0.00505248160733 
3268.36474299 0.00561875284166 
3271.36474299 0.00655271883166 
3274.36474299 0.00714440315702 
3277.36474299 0.00865304610002 
3280.36474299 0.00902567504785 
3283.36474299 0.00831037467212 
3286.36474299 0.0062777761435 
3289.36474299 0.00468182412419 
3292.36474299 0.00418828376697 
3295.36474299 0.0048849287038 
3298.36474299 0.00416821701638 
3301.36474299 0.00242285162284 
3304.36474299 0.00146848705677 
3307.36474299 0.00101040376586 
3310.36474299 0.000381143563189 
3313.36474299 -0.000894874117974 
3316.36474299 -0.00105310489832 
3319.36474299 -0.00106392998023 
3322.36474299 -0.000782245506975 
3325.36474299 -0.00139038192374 
3328.36474299 -0.00210012474947 
3331.36474299 -0.00196967283096 
3334.36474299 -0.000534797423401 
3337.36474299 0.000895444080898 
3340.36474299 0.00180901676192 
3343.36474299 0.002157591128 
3346.36474299 0.00196203636802 
3349.36474299 0.00238132471803 
3352.36474299 0.00308773032755 
3355.36474299 0.00407788569471 
3358.36474299 0.00341752060653 
3361.36474299 0.00402865912211 
3364.36474299 0.00409711972137 
3367.36474299 0.00489940261501 
3370.36474299 0.00439856209733 
3373.36474299 0.0046354085874 
3376.36474299 0.00304892755188 
3379.36474299 0.00182334688208 
3382.36474299 0.000518742436229 
3385.36474299 -2.34004176914e-05 
3388.36474299 -0.000549083201413 
3391.36474299 -0.000920822145914 
3394.36474299 -0.00133706046676 
3397.36474299 -0.000479696618149 
3400.36474299 0.000529366678134 
3403.36474299 0.00112774074334 
3406.36474299 0.00156906757197 
3409.36474299 0.00251214533152 
3412.36474299 0.00284178576232 
3415.36474299 0.00300816068542 
3418.36474299 0.00307375283779 
3421.36474299 0.00366511534511 
3424.36474299 0.00324812791508 
3427.36474299 0.002802014899 
3430.36474299 0.00198153098301 
3433.36474299 0.000778461050597 
3436.36474299 0.000228740056261 
3439.36474299 0.000130199749258 
3442.36474299 -0.00013005264984 
3445.36474299 0.000273525500406 
3448.36474299 0.000963072746285 
3451.36474299 0.00172523583314 
3454.36474299 0.00194724722261 
3457.36474299 0.00150002522472 
3460.36474299 0.002844564669 
3463.36474299 0.00349503477419 
3466.36474299 0.00332905093112 
3469.36474299 0.00332743815396 
3472.36474299 0.0029695322498 
3475.36474299 0.00161792742475 
3478.36474299 0.000252346426717 
3481.36474299 -0.000277795761788 
3484.36474299 0.000223187378299 
3487.36474299 0.000643297802881 
3490.36474299 0.000956622361903 
3493.36474299 0.000871358620953 
3496.36474299 0.00058581957344 
3499.36474299 0.000828302487906 
3502.36474299 0.00109543009358 
3505.36474299 0.00128420619899 
3508.36474299 0.000412134087423 
3511.36474299 0.000151081883588 
3514.36474299 0.00084660286038 
3517.36474299 0.00145571835982 
3520.36474299 0.00159823503124 
3523.36474299 0.000351720255941 
3526.36474299 0.00021926125417 
3529.36474299 0.00153278653824 
3532.36474299 0.0019961762057 
3535.36474299 0.00245049400169 
3538.36474299 0.00251648882165 
3541.36474299 0.0029061588511 
3544.36474299 0.00276284000476 
3547.36474299 0.00410292166347 
3550.36474299 0.00494970472351 
3553.36474299 0.00560049401321 
3556.36474299 0.00570714588119 
3559.36474299 0.00625562810979 
3562.36474299 0.00673938382915 
3565.36474299 0.00690972459339 
3568.36474299 0.00683716384268 
3571.36474299 0.00561574639751 
3574.36474299 0.00464509841798 
3577.36474299 0.00345459288601 
3580.36474299 0.00326369974724 
3583.36474299 0.00297870880431 
3586.36474299 0.00284973008557 
3589.36474299 0.0016292957392 
3592.36474299 3.1955313799e-05 
3595.36474299 -0.000136675999897 
3598.36474299 0.000660562274159 
3601.36474299 -0.000121734833653 
3604.36474299 -0.00114978514742 
3607.36474299 -0.00181891780205 
3610.36474299 -0.00253168010793 
3613.36474299 -0.00263826060709 
3616.36474299 -0.00351658394191 
3619.36474299 -0.00292761663515 
3622.36474299 -0.00192193275748 
3625.36474299 -0.000602395704372 
3628.36474299 0.000749157240024 
3631.36474299 0.00186728531537 
3634.36474299 0.00135955797063 
3637.36474299 0.000330368142509 
3640.36474299 -0.00113233981809 
3643.36474299 -0.00335220576545 
3646.36474299 -0.00452238409018 
3649.36474299 -0.00492958187862 
3652.36474299 -0.00462727728314 
3655.36474299 -0.00412114836278 
3658.36474299 -0.00268049988326 
3661.36474299 -0.00218264065946 
3664.36474299 -0.000879018127329 
3667.36474299 -0.000252533605254 
3670.36474299 0.000502043450865 
3673.36474299 0.0020699656324 
3676.36474299 0.00392944146154 
3679.36474299 0.00595214790405 
3682.36474299 0.00688501728987 
3685.36474299 0.00640292596495 
3688.36474299 0.00573172150793 
3691.36474299 0.00599242624967 
3694.36474299 0.00509324399678 
3697.36474299 0.00390857701305 
3700.36474299 0.00246655804164 
3703.36474299 0.00142612795474 
3706.36474299 0.000998755572428 
3709.36474299 0.00200547732644 
3712.36474299 0.00327648398206 
3715.36474299 0.0036725887922 
3718.36474299 0.00343591980242 
3721.36474299 0.00442902367595 
3724.36474299 0.00548728200825 
3727.36474299 0.00601427248021 
3730.36474299 0.00572381774113 
3733.36474299 0.00469968792232 
3736.36474299 0.00448233222861 
3739.36474299 0.00510620678531 
3742.36474299 0.00511291598039 
3745.36474299 0.00523250746179 
3748.36474299 0.00596075061117 
3751.36474299 0.00719704279166 
3754.36474299 0.00817509258611 
3757.36474299 0.00901808414507 
3760.36474299 0.00906613036706 
3763.36474299 0.00887401921811 
3766.36474299 0.00782564770485 
3769.36474299 0.00688999835895 
3772.36474299 0.00611013580658 
3775.36474299 0.0057285164952 
3778.36474299 0.00512027355192 
3781.36474299 0.00422333770483 
3784.36474299 0.00267242625342 
3787.36474299 0.00099460275027 
3790.36474299 0.000609743136789 
3793.36474299 0.000631344316843 
3796.36474299 0.00106164156954 
3799.36474299 0.00111761321915 
3802.36474299 0.00179734190394 
3805.36474299 0.00193721253055 
3808.36474299 0.00265667665761 
3811.36474299 0.00369495461929 
3814.36474299 0.00542947801047 
3817.36474299 0.00577060671326 
3820.36474299 0.00521304247407 
3823.36474299 0.00372427008326 
3826.36474299 0.00255307179023 
3829.36474299 0.00112578903016 
3832.36474299 0.000333095431891 
3835.36474299 -0.000237581542756 
3838.36474299 0.00053767228953 
3841.36474299 0.00176646383167 
3844.36474299 0.00242277525031 
3847.36474299 0.00366156244234 
3850.36474299 0.00514902754612 
3853.36474299 0.00519886404555 
3856.36474299 0.00425266475636 
3859.36474299 0.00262970846385 
3862.36474299 0.00178211941026 
3865.36474299 0.000618371060014 
3868.36474299 -0.000850815792986 
3871.36474299 -0.00192788125583 
3874.36474299 -0.00236422938557 
3877.36474299 -0.00307733918646 
3880.36474299 -0.00296877168474 
3883.36474299 -0.00304159473558 
3886.36474299 -0.00272520019837 
3889.36474299 -0.0016346939603 
3892.36474299 -0.000152165484696 
3895.36474299 7.06684649068e-05 
3898.36474299 0.000614181697551 
3901.36474299 0.00181851618788 
3904.36474299 0.00342531692507 
3907.36474299 0.00386862575254 
3910.36474299 0.0037483819444 
3913.36474299 0.0033571183626 
3916.36474299 0.00246333433082 
3919.36474299 0.000820609008921 
3922.36474299 -0.00107722393584 
3925.36474299 -0.00218558784906 
3928.36474299 -0.00253319939457 
3931.36474299 -0.00263250448851 
3934.36474299 -0.00218295786882 
3937.36474299 -0.00169126783365 
3940.36474299 -0.0020052536076 
3943.36474299 -0.00184830265968 
3946.36474299 -0.00195228241085 
3949.36474299 -0.00186589625706 
3952.36474299 -0.00232668939018 
3955.36474299 -0.00263316260904 
3958.36474299 -0.00265045282313 
3961.36474299 -0.00257423409159 
3964.36474299 -0.00309345616047 
3967.36474299 -0.00332611322225 
3970.36474299 -0.00301367030508 
3973.36474299 -0.00149975410224 
3976.36474299 -0.000154332110826 
3979.36474299 0.00135031031066 
3982.36474299 0.00195402278279 
3985.36474299 0.00128602412855 
3988.36474299 0.00148271683924 
3991.36474299 0.00257187181023 
3994.36474299 0.00256458481745 
3997.36474299 0.00263020067164 
4000.36474299 0.00221544621638 
4003.36474299 0.00147687684255 
4006.36474299 0.00115274313451 
4009.36474299 0.00135877265034 
4012.36474299 0.00240303347801 
4015.36474299 0.00257110624145 
4018.36474299 0.00322654003438 
4021.36474299 0.00295789044269 
4024.36474299 0.00243804764948 
4027.36474299 0.00247954979906 
4030.36474299 0.0023978835993 
4033.36474299 0.00168219227522 
4036.36474299 0.00270670224489 
4039.36474299 0.00369593324109 
4042.36474299 0.00395738959387 
4045.36474299 0.00476774848753 
4048.36474299 0.00559005204488 
4051.36474299 0.00585740435697 
4054.36474299 0.00565903750776 
4057.36474299 0.0058333528038 
4060.36474299 0.00607635755333 
4063.36474299 0.005819791676 
4066.36474299 0.00598233770181 
4069.36474299 0.00613710268358 
4072.36474299 0.0053771844224 
4075.36474299 0.00396094065316 
4078.36474299 0.00257692767171 
4081.36474299 0.00194483766929 
4084.36474299 0.0019853802902 
4087.36474299 0.00241021460266 
4090.36474299 0.00258153899241 
4093.36474299 0.00289649719935 
4096.36474299 0.00282677171298 
4099.36474299 0.00229496345115 
4102.36474299 0.00168868078003 
4105.36474299 0.00179470349638 
4108.36474299 0.00108147288205 
4111.36474299 -0.000403937076448 
4114.36474299 -0.00199609443442 
4117.36474299 -0.00317344506146 
4120.36474299 -0.00414169151994 
4123.36474299 -0.00494737141105 
4126.36474299 -0.0057249127652 
4129.36474299 -0.00698157902987 
4132.36474299 -0.00860524743037 
4135.36474299 -0.00977606096387 
4138.36474299 -0.0109315741827 
4141.36474299 -0.0114142390917 
4144.36474299 -0.0116915324736 
4147.36474299 -0.0121481748914 
4150.36474299 -0.013419484667 
4153.36474299 -0.0146543378837 
4156.36474299 -0.0149502208661 
4159.36474299 -0.0123908393882 
4162.36474299 -0.00941690676387 
4165.36474299 -0.00586118295374 
4168.36474299 -0.00255053780235 
4171.36474299 -5.21447974254e-05 
4174.36474299 0.00217585403844 
4177.36474299 0.00372225832548 
4180.36474299 0.00391003256813 
4183.36474299 0.00497520788147 
4186.36474299 0.00622797651356 
4189.36474299 0.00707862955406 
4192.36474299 0.00772785294353 
4195.36474299 0.00816197757923 
4198.36474299 0.00872809712191 
4201.36474299 0.0088404890439 
4204.36474299 0.00934113151971 
4207.36474299 0.00909673837026 
4210.36474299 0.00915784903524 
4213.36474299 0.00969908272069 
4216.36474299 0.0108198754073 
4219.36474299 0.0122321636062 
4222.36474299 0.0132596037791 
4225.36474299 0.0138681095492 
4228.36474299 0.0140147995844 
4231.36474299 0.0136685244265 
4234.36474299 0.0135351664015 
4237.36474299 0.0132853018187 
4240.36474299 0.0138469253895 
4243.36474299 0.0134274758672 
4246.36474299 0.0123442363436 
4249.36474299 0.0117549880386 
4252.36474299 0.0101511048638 
4255.36474299 0.00978183788738 
4258.36474299 0.00956877643669 
4261.36474299 0.00923155537389 
4264.36474299 0.00950878344418 
4267.36474299 0.00967525449132 
4270.36474299 0.0100000442131 
4273.36474299 0.0102495927716 
4276.36474299 0.0100238145046 
4279.36474299 0.00998928780059 
4282.36474299 0.00971737420498 
4285.36474299 0.00950808713739 
4288.36474299 0.00910693963344 
4291.36474299 0.00812157019037 
4294.36474299 0.00773357772304 
4297.36474299 0.00788798612409 
4300.36474299 0.00701638857563 
4303.36474299 0.00561481728618 
4306.36474299 0.00469491753608 
4309.36474299 0.00386614048507 
4312.36474299 0.00210956215568 
4315.36474299 0.00166347415818 
4318.36474299 0.00153126567147 
4321.36474299 0.00228119269393 
4324.36474299 0.00185305987824 
4327.36474299 0.00280320815394 
4330.36474299 0.00348614738188 
4333.36474299 0.00383099832377 
4336.36474299 0.00289221981096 
4339.36474299 0.00269264890931 
4342.36474299 0.00246617064857 
4345.36474299 0.00136056082096 
4348.36474299 0.000971788695434 
4351.36474299 0.00109664843295 
4354.36474299 0.000944607382811 
4357.36474299 0.000685644066429 
4360.36474299 0.00037014986917 
4363.36474299 0.000661889707736 
4366.36474299 0.00180343682686 
4369.36474299 0.00234098000731 
4372.36474299 0.0032240571371 
4375.36474299 0.00370173860679 
4378.36474299 0.00368161944885 
4381.36474299 0.00389697997605 
4384.36474299 0.00457927003748 
4387.36474299 0.00423280394825 
4390.36474299 0.00305152290113 
4393.36474299 0.00103687237793 
4396.36474299 -5.47799007196e-05 
4399.36474299 0.000686039820979 
4402.36474299 0.0018338082069 
4405.36474299 0.00341526946037 
4408.36474299 0.00545180881153 
4411.36474299 0.00727987696442 
4414.36474299 0.00861939952354 
4417.36474299 0.00928738632687 
4420.36474299 0.00893079508363 
4423.36474299 0.00910561759861 
4426.36474299 0.00941219800236 
4429.36474299 0.00931637101877 
4432.36474299 0.00857326103468 
4435.36474299 0.00793335035351 
4438.36474299 0.00765515050861 
4441.36474299 0.00697754392675 
4444.36474299 0.00635433512782 
4447.36474299 0.00643142555962 
4450.36474299 0.006144541368 
4453.36474299 0.00604188720694 
4456.36474299 0.00683284747797 
4459.36474299 0.00691826093541 
4462.36474299 0.00643967115932 
4465.36474299 0.00595566525409 
4468.36474299 0.00556344332871 
4471.36474299 0.00592995510024 
4474.36474299 0.00632631009626 
4477.36474299 0.00633686741344 
4480.36474299 0.00659387677815 
4483.36474299 0.00611305587077 
4486.36474299 0.00528004277788 
4489.36474299 0.00382707909621 
4492.36474299 0.0021006751584 
4495.36474299 0.00152341260024 
4498.36474299 0.00147766663985 
4501.36474299 0.00126636557598 
4504.36474299 0.000815804847591 
4507.36474299 0.000680739830749 
4510.36474299 0.00112886947666 
4513.36474299 0.00197486181767 
4516.36474299 0.00297919600838 
4519.36474299 0.00369716389224 
4522.36474299 0.00365339058163 
4525.36474299 0.00353764511551 
4528.36474299 0.00391731640067 
4531.36474299 0.00477113679432 
4534.36474299 0.005975493143 
4537.36474299 0.00651233198438 
4540.36474299 0.00656244605845 
4543.36474299 0.00652693862577 
4546.36474299 0.00605729338972 
4549.36474299 0.00540944523249 
4552.36474299 0.00441301098994 
4555.36474299 0.00410476987869 
4558.36474299 0.0034009914842 
4561.36474299 0.0032793634898 
4564.36474299 0.00309264608495 
4567.36474299 0.00305888389626 
4570.36474299 0.00294774869741 
4573.36474299 0.00326428096853 
4576.36474299 0.00300429070498 
4579.36474299 0.00258258529607 
4582.36474299 0.00139426586193 
4585.36474299 6.79261931766e-05 
4588.36474299 -0.000828733795185 
4591.36474299 -0.00139622415894 
4594.36474299 -0.00172211917553 
4597.36474299 -0.00161607249401 
4600.36474299 -0.0022474312953 
4603.36474299 -0.00142550183167 
4606.36474299 -0.000861683669845 
4609.36474299 -0.000787347060303 
4612.36474299 0.000882600657371 
4615.36474299 0.000764771340431 
4618.36474299 0.000440537558042 
4621.36474299 4.86214149457e-05 
4624.36474299 -0.00119063365348 
4627.36474299 -0.0019143826745 
4630.36474299 -0.00390282510813 
4633.36474299 -0.00600023257565 
4636.36474299 -0.00853399343999 
4639.36474299 -0.0107623768996 
4642.36474299 -0.0127689108005 
4645.36474299 -0.0155898771478 
4648.36474299 -0.0181310113849 
4651.36474299 -0.0207012135336 
4654.36474299 -0.0209871586064 
4657.36474299 -0.0196276053762 
4660.36474299 -0.017879422363 
4663.36474299 -0.01773879578 
4666.36474299 -0.018649029928 
4669.36474299 -0.0196547139374 
4672.36474299 -0.0190288510613 
4675.36474299 -0.0179054964714 
4678.36474299 -0.0171790820491 
4681.36474299 -0.0171250124047 
4684.36474299 -0.0174662522427 
4687.36474299 -0.0178422621234 
4690.36474299 -0.0175930338027 
4693.36474299 -0.0175475294692 
4696.36474299 -0.017638651905 
4699.36474299 -0.0178236567217 
4702.36474299 -0.0179300726249 
4705.36474299 -0.0180852679263 
4708.36474299 -0.0178528468293 
4711.36474299 -0.0182685851735 
4714.36474299 -0.0184748247138 
4717.36474299 -0.0182689686162 
4720.36474299 -0.0182369342902 
4723.36474299 -0.0172743939131 
4726.36474299 -0.0157946324275 
4729.36474299 -0.0155179300109 
4732.36474299 -0.015792807914 
4735.36474299 -0.0164244782626 
4738.36474299 -0.0159545312234 
4741.36474299 -0.0139333411706 
4744.36474299 -0.0129456273542 
4747.36474299 -0.0122943603412 
4750.36474299 -0.0119308639678 
4753.36474299 -0.0122615433284 
4756.36474299 -0.0115911273519 
4759.36474299 -0.0123015277714 
4762.36474299 -0.0126589227697 
4765.36474299 -0.0129261676336 
4768.36474299 -0.013567428265 
4771.36474299 -0.0136382777444 
4774.36474299 -0.0133358267243 
4777.36474299 -0.0131848798423 
4780.36474299 -0.012408412444 
4783.36474299 -0.0123869565034 
4786.36474299 -0.0124495398414 
4789.36474299 -0.0134769705337 
4792.36474299 -0.014243265111 
4795.36474299 -0.0149746885179 
4798.36474299 -0.0151479393389 
4801.36474299 -0.0152593716006 
4804.36474299 -0.0159819242064 
4807.36474299 -0.0159686954308 
4810.36474299 -0.0162973975329 
4813.36474299 -0.0160907155586 
4816.36474299 -0.0156933361173 
4819.36474299 -0.015281572305 
4822.36474299 -0.0144774095937 
4825.36474299 -0.0129815814345 
4828.36474299 -0.0113948204542 
4831.36474299 -0.00955465436583 
4834.36474299 -0.00807629550116 
4837.36474299 -0.00621908517095 
4840.36474299 -0.00520354752511 
4843.36474299 -0.00557292247646 
4846.36474299 -0.00546520297318 
4849.36474299 -0.00613199731162 
4852.36474299 -0.00614872131557 
4855.36474299 -0.00538957573372 
4858.36474299 -0.00467062422434 
4861.36474299 -0.00384398560418 
4864.36474299 -0.00292024352576 
4867.36474299 -0.00188567015849 
4870.36474299 -0.000309098063709 
4873.36474299 -0.000159778739604 
4876.36474299 -0.000809102631376 
4879.36474299 -0.00194075424079 
4882.36474299 -0.00330130716114 
4885.36474299 -0.00381293911731 
4888.36474299 -0.00482619875493 
4891.36474299 -0.00550967548746 
4894.36474299 -0.0061754311595 
4897.36474299 -0.00736335108631 
4900.36474299 -0.00825387216758 
4903.36474299 -0.00827168540183 
4906.36474299 -0.00884127594431 
4909.36474299 -0.00926432708987 
4912.36474299 -0.00841212816403 
4915.36474299 -0.00840135331682 
4918.36474299 -0.00886599114844 
4921.36474299 -0.0100721061721 
4924.36474299 -0.0128625498428 
4927.36474299 -0.0140549072769 
4930.36474299 -0.0154385647311 
4933.36474299 -0.0163420475475 
4936.36474299 -0.0167254376481 
4939.36474299 -0.0158965555191 
4942.36474299 -0.0143526063455 
4945.36474299 -0.0125915348095 
4948.36474299 -0.0114029570255 
4951.36474299 -0.010809607779 
4954.36474299 -0.0113255742713 
4957.36474299 -0.0120364402999 
4960.36474299 -0.0123871598123 
4963.36474299 -0.0126651853172 
4966.36474299 -0.0127257987707 
4969.36474299 -0.0127072797489 
4972.36474299 -0.0127720562953 
4975.36474299 -0.0130348799797 
4978.36474299 -0.0132420275631 
4981.36474299 -0.013100149524 
4984.36474299 -0.0127173229999 
4987.36474299 -0.0120586188826 
4990.36474299 -0.0132235443574 
4993.36474299 -0.0142417376604 
4996.36474299 -0.0145712424642 
4999.36474299 -0.0143700140153 
5002.36474299 -0.0131432763016 
5005.36474299 -0.0121196020845 
5008.36474299 -0.0108973877314 
5011.36474299 -0.00951194895387 
5014.36474299 -0.00794133365308 
5017.36474299 -0.00699785849302 
5020.36474299 -0.00753623426573 
5023.36474299 -0.00776243705865 
5026.36474299 -0.00871532236782 
5029.36474299 -0.0101471008364 
5032.36474299 -0.0120432737979 
5035.36474299 -0.0125701241657 
5038.36474299 -0.0121331721663 
5041.36474299 -0.013544529147 
5044.36474299 -0.0134894334772 
5047.36474299 -0.0130158289838 
5050.36474299 -0.0119103529398 
5053.36474299 -0.0132384849311 
5056.36474299 -0.0139192643966 
5059.36474299 -0.0150782391345 
5062.36474299 -0.0148755738286 
5065.36474299 -0.0155088948772 
5068.36474299 -0.0144069193286 
5071.36474299 -0.0126564461929 
5074.36474299 -0.0116254244117 
5077.36474299 -0.0104497077617 
5080.36474299 -0.00891403631701 
5083.36474299 -0.00733511431849 
5086.36474299 -0.00759474721127 
5089.36474299 -0.00674314925824 
5092.36474299 -0.00581048265466 
5095.36474299 -0.00538843067247 
5098.36474299 -0.00613211160707 
5101.36474299 -0.00529018452316 
5104.36474299 -0.00614836315474 
5107.36474299 -0.00817526692616 
5110.36474299 -0.0103963628663 
5113.36474299 -0.0100481873491 
5116.36474299 -0.0106886568666 
5119.36474299 -0.0103709545156 
5122.36474299 -0.00927161355594 
5125.36474299 -0.0099810806505 
5128.36474299 -0.0085278620426 
5131.36474299 -0.00854890715163 
5134.36474299 -0.00945990397156 
5137.36474299 -0.012358947273 
5140.36474299 -0.011365997988 
5143.36474299 -0.00964347509152 
5146.36474299 -0.0115949512455 
5149.36474299 -0.013353284958 
5152.36474299 -0.0121776631153 
5155.36474299 -0.0117589172736 
5158.36474299 -0.0119153471765 
5161.36474299 -0.0127802392169 
5164.36474299 -0.0133360584754 
5167.36474299 -0.0127061957857 
5170.36474299 -0.0107770414788 
5173.36474299 -0.00898539670223 
5176.36474299 -0.00767036549671 
5179.36474299 -0.00724856633394 
5182.36474299 -0.00626295144536 
5185.36474299 -0.00585022323232 
5188.36474299 -0.00526109765007 
5191.36474299 -0.00567163212802 
5194.36474299 -0.00741464498429 
5197.36474299 -0.00969498283259 
5200.36474299 -0.0120248569573 
5203.36474299 -0.0135142592898 
5206.36474299 -0.0148747700736 
5209.36474299 -0.0144503737181 
5212.36474299 -0.0135198760943 
5215.36474299 -0.0123432271728 
5218.36474299 -0.0123321431485 
5221.36474299 -0.0112940634921 
5224.36474299 -0.0110321057141 
5227.36474299 -0.0108217873541 
5230.36474299 -0.0122266247543 
5233.36474299 -0.0120776877866 
5236.36474299 -0.0122797400054 
5239.36474299 -0.0123144784457 
5242.36474299 -0.0101077073587 
5245.36474299 -0.00823911172771 
5248.36474299 -0.00614046886868 
5251.36474299 -0.00652041746512 
5254.36474299 -0.00678759596388 
5257.36474299 -0.00800157103768 
5260.36474299 -0.00903266971818 
5263.36474299 -0.0104972483449 
5266.36474299 -0.0116373448468 
5269.36474299 -0.0119556139346 
5272.36474299 -0.0125484596491 
5275.36474299 -0.0123418282388 
5278.36474299 -0.0119688184817 
5281.36474299 -0.0119939076479 
5284.36474299 -0.0117933259953 
5287.36474299 -0.0110075169197 
5290.36474299 -0.0090012621736 
5293.36474299 -0.00558142721606 
5296.36474299 -0.00150259568706 
5299.36474299 0.000881344329252 
5302.36474299 0.00444384047348 
5305.36474299 0.0069051359211 
5308.36474299 0.00788183365842 
5311.36474299 0.0071470709285 
5314.36474299 0.00670232208381 
5317.36474299 0.00680584162465 
5320.36474299 0.0065837445136 
5323.36474299 0.00677867617908 
5326.36474299 0.00558445420178 
5329.36474299 0.00516018109574 
5332.36474299 0.00349123115884 
5335.36474299 0.00212806603461 
5338.36474299 0.000283232498349 
5341.36474299 -0.00163515022033 
5344.36474299 -0.00237556807274 
5347.36474299 -0.00283160425066 
5350.36474299 -0.00245772516352 
5353.36474299 -0.00164831644948 
5356.36474299 -0.00111248993915 
5359.36474299 0.0011193093477 
5362.36474299 0.00423017725992 
5365.36474299 0.00773832177392 
5368.36474299 0.0113335328156 
5371.36474299 0.013510879937 
5374.36474299 0.0142652245836 
5377.36474299 0.0129840759194 
5380.36474299 0.0109267990561 
5383.36474299 0.0104749528332 
5386.36474299 0.0102655235547 
5389.36474299 0.0106161925033 
5392.36474299 0.0103714875432 
5395.36474299 0.00937630396667 
5398.36474299 0.00861617660277 
5401.36474299 0.00774915666574 
5404.36474299 0.00634104104053 
5407.36474299 0.00569401823334 
5410.36474299 0.00600353450249 
5413.36474299 0.00696218672773 
5416.36474299 0.00722439837849 
5419.36474299 0.00694880889401 
5422.36474299 0.00664031232981 
5425.36474299 0.00637523117874 
5428.36474299 0.00567880008499 
5431.36474299 0.00628306059587 
5434.36474299 0.00693310880866 
5437.36474299 0.00844412720069 
5440.36474299 0.0100428802484 
5443.36474299 0.0120200892046 
5446.36474299 0.0133648630335 
5449.36474299 0.0141722239103 
5452.36474299 0.0141659634697 
5455.36474299 0.0129233982076 
5458.36474299 0.0104435421284 
5461.36474299 0.0075337777038 
5464.36474299 0.00436469562063 
5467.36474299 0.00262526832297 
5470.36474299 0.00158102132136 
5473.36474299 0.000794219271236 
5476.36474299 4.3859155635e-05 
5479.36474299 -0.000708333884227 
5482.36474299 -0.000498445317126 
5485.36474299 0.000857680695858 
5488.36474299 0.00283274746843 
5491.36474299 0.00507047076175 
5494.36474299 0.00693300188712 
5497.36474299 0.00856275112114 
5500.36474299 0.0106463728203 
5503.36474299 0.0114108323501 
5506.36474299 0.011236385904 
5509.36474299 0.0103883927344 
5512.36474299 0.00953492286431 
5515.36474299 0.0106761865492 
5518.36474299 0.0118416840279 
5521.36474299 0.0110823609457 
5524.36474299 0.0098213082643 
5527.36474299 0.0077567533623 
5530.36474299 0.00596248295084 
5533.36474299 0.00573389838839 
5536.36474299 0.00565783819569 
5539.36474299 0.00517950176572 
5542.36474299 0.00304915956636 
5545.36474299 0.00160427333316 
5548.36474299 0.000545327648088 
5551.36474299 -0.000968209193959 
5554.36474299 -0.00153439562844 
5557.36474299 -0.000937478863033 
5560.36474299 0.00144907460809 
5563.36474299 0.00299287274839 
5566.36474299 0.00477020610287 
5569.36474299 0.00524440998891 
5572.36474299 0.00571024449908 
5575.36474299 0.0064338636868 
5578.36474299 0.00666079438894 
5581.36474299 0.00738371937671 
5584.36474299 0.00746578192356 
5587.36474299 0.00586528916231 
5590.36474299 0.00481608966549 
5593.36474299 0.00405457864203 
5596.36474299 0.00310365637024 
5599.36474299 0.00242309496152 
5602.36474299 0.00209183503805 
5605.36474299 0.00281755670885 
5608.36474299 0.00345618670171 
5611.36474299 0.00487945779712 
5614.36474299 0.00573659565547 
5617.36474299 0.00718458774878 
5620.36474299 0.00951673566803 
5623.36474299 0.0121832177684 
5626.36474299 0.0153755684547 
5629.36474299 0.0181246761518 
5632.36474299 0.0210795893826 
5635.36474299 0.0241676309941 
5638.36474299 0.026323723377 
5641.36474299 0.026241346386 
5644.36474299 0.0239266329986 
5647.36474299 0.0203318338419 
5650.36474299 0.0157930986564 
5653.36474299 0.0120217767741 
5656.36474299 0.00905006158674 
5659.36474299 0.00820623993738 
5662.36474299 0.00710637332403 
5665.36474299 0.00571208955406 
5668.36474299 0.00378953857412 
5671.36474299 0.00282202555527 
5674.36474299 0.00192599116739 
5677.36474299 0.00134058400561 
5680.36474299 0.000738284622801 
5683.36474299 0.00119461687595 
5686.36474299 0.00404994493629 
5689.36474299 0.00674687413087 
5692.36474299 0.00967321297459 
5695.36474299 0.0119558119765 
5698.36474299 0.0133921148591 
5701.36474299 0.0147712026024 
5704.36474299 0.0144436350274 
5707.36474299 0.0140271392784 
5710.36474299 0.0119282936372 
5713.36474299 0.00961881677176 
5716.36474299 0.00552407144602 
5719.36474299 -0.000774058503434 
5722.36474299 -0.00708071162724 
5725.36474299 -0.0120413018065 
5728.36474299 -0.0131947629744 
5731.36474299 -0.00934399469952 
5734.36474299 -0.00290380499706 
5737.36474299 0.00425543707919 
5740.36474299 0.0130728502948 
5743.36474299 0.0226610063927 
5746.36474299 0.0271956532776 
5749.36474299 0.0282932561039 
5752.36474299 0.0290857290777 
5755.36474299 0.0305099071627 
5758.36474299 0.0245321776214 
5761.36474299 0.0205193773868 
5764.36474299 0.0167512294416 
5767.36474299 0.0164932209135 
5770.36474299 0.00932984313307 
5773.36474299 0.00599045373157 
5776.36474299 0.00411882611117 
5779.36474299 0.00548480964511 
5782.36474299 0.00301611527945 
5785.36474299 0.00498743486017 
5788.36474299 0.00700619521306 
5791.36474299 0.0105118802682 
5794.36474299 0.0109980182838 
5797.36474299 0.0126458161902 
5800.36474299 0.0127158060835 
5803.36474299 0.0139737838488 
5806.36474299 0.0132966786921 
5809.36474299 0.0106873853956 
5812.36474299 0.00662071777214 
5815.36474299 0.00296505839966 
5818.36474299 0.00448937324917 
5821.36474299 0.00586316495257 
5824.36474299 0.0071518829246 
5827.36474299 0.00624836639896 
5830.36474299 0.00877180959784 
5833.36474299 0.00942066639917 
5836.36474299 0.00771531836788 
5839.36474299 0.00281274813635 
5842.36474299 -0.00105106153811 
5845.36474299 -0.0024760569409 
5848.36474299 -0.00553462981662 
5851.36474299 -0.00752688626805 
5854.36474299 -0.00920376104004 
5857.36474299 -0.00328895008579 
5860.36474299 0.00410641452162 
5863.36474299 0.0116988726638 
5866.36474299 0.0176828594856 
5869.36474299 0.0217121224774 
5872.36474299 0.0238157442987 
5875.36474299 0.0213981081296 
5878.36474299 0.0177089314872 
5881.36474299 0.0146273820675 
5884.36474299 0.0138073454575 
5887.36474299 0.015043060367 
5890.36474299 0.0157092542594 
5893.36474299 0.014455622881 
5896.36474299 0.011955719276 
5899.36474299 0.00875422021412 
5902.36474299 0.00694177788088 
5905.36474299 0.00688613127539 
5908.36474299 0.00602049341781 
5911.36474299 0.00568475134856 
5914.36474299 0.00786837523851 
5917.36474299 0.0133262796314 
5920.36474299 0.0208354479991 
5923.36474299 0.0271200307785 
5926.36474299 0.0286410429112 
5929.36474299 0.0270997272731 
5932.36474299 0.0230913977284 
5935.36474299 0.01780683159 
5938.36474299 0.00927278495254 
5941.36474299 -0.000535949792705 
5944.36474299 -0.00836324605788 
5947.36474299 -0.0133150786781 
5950.36474299 -0.0151094728657 
5953.36474299 -0.0132827177936 
5956.36474299 -0.00860107854365 
5959.36474299 -0.00373778854778 
5962.36474299 -0.000880976951047 
5965.36474299 6.86558800302e-05 
5968.36474299 0.00187403835882 
5971.36474299 0.00665267256541 
5974.36474299 0.0153743759898 
5977.36474299 0.0264950885865 
5980.36474299 0.0346872970467 
5983.36474299 0.0375962645634 
5986.36474299 0.0356642944803 
5989.36474299 0.0289897061591 
5992.36474299 0.0223614512083 
5995.36474299 0.0176978980268 
5998.36474299 0.0134662099075 
