1.36474298503 nan 
4.36474298503 nan 
7.36474298503 nan 
10.364742985 nan 
13.364742985 nan 
16.364742985 nan 
19.364742985 nan 
22.364742985 nan 
25.364742985 nan 
28.364742985 nan 
31.364742985 nan 
34.364742985 nan 
37.364742985 nan 
40.364742985 nan 
43.364742985 nan 
46.364742985 nan 
49.364742985 nan 
52.364742985 nan 
55.364742985 nan 
58.364742985 nan 
61.364742985 nan 
64.364742985 nan 
67.364742985 nan 
70.364742985 nan 
73.364742985 nan 
76.364742985 nan 
79.364742985 nan 
82.364742985 nan 
85.364742985 nan 
88.364742985 nan 
91.364742985 nan 
94.364742985 nan 
97.364742985 nan 
100.364742985 nan 
103.364742985 nan 
106.364742985 nan 
109.364742985 nan 
112.364742985 nan 
115.364742985 nan 
118.364742985 nan 
121.364742985 nan 
124.364742985 nan 
127.364742985 nan 
130.364742985 nan 
133.364742985 nan 
136.364742985 nan 
139.364742985 nan 
142.364742985 nan 
145.364742985 nan 
148.364742985 nan 
151.364742985 nan 
154.364742985 nan 
157.364742985 nan 
160.364742985 nan 
163.364742985 nan 
166.364742985 nan 
169.364742985 nan 
172.364742985 nan 
175.364742985 nan 
178.364742985 nan 
181.364742985 nan 
184.364742985 nan 
187.364742985 nan 
190.364742985 nan 
193.364742985 nan 
196.364742985 nan 
199.364742985 nan 
202.364742985 nan 
205.364742985 nan 
208.364742985 nan 
211.364742985 nan 
214.364742985 nan 
217.364742985 nan 
220.364742985 nan 
223.364742985 nan 
226.364742985 nan 
229.364742985 nan 
232.364742985 nan 
235.364742985 nan 
238.364742985 nan 
241.364742985 nan 
244.364742985 nan 
247.364742985 nan 
250.364742985 nan 
253.364742985 nan 
256.364742985 nan 
259.364742985 nan 
262.364742985 nan 
265.364742985 nan 
268.364742985 nan 
271.364742985 nan 
274.364742985 nan 
277.364742985 nan 
280.364742985 nan 
283.364742985 nan 
286.364742985 nan 
289.364742985 nan 
292.364742985 nan 
295.364742985 nan 
298.364742985 nan 
301.364742985 nan 
304.364742985 nan 
307.364742985 nan 
310.364742985 nan 
313.364742985 nan 
316.364742985 nan 
319.364742985 nan 
322.364742985 nan 
325.364742985 nan 
328.364742985 nan 
331.364742985 nan 
334.364742985 nan 
337.364742985 nan 
340.364742985 nan 
343.364742985 nan 
346.364742985 nan 
349.364742985 nan 
352.364742985 nan 
355.364742985 nan 
358.364742985 nan 
361.364742985 nan 
364.364742985 nan 
367.364742985 nan 
370.364742985 nan 
373.364742985 nan 
376.364742985 nan 
379.364742985 nan 
382.364742985 nan 
385.364742985 nan 
388.364742985 nan 
391.364742985 nan 
394.364742985 nan 
397.364742985 nan 
400.364742985 nan 
403.364742985 nan 
406.364742985 nan 
409.364742985 nan 
412.364742985 nan 
415.364742985 nan 
418.364742985 nan 
421.364742985 nan 
424.364742985 nan 
427.364742985 nan 
430.364742985 nan 
433.364742985 nan 
436.364742985 nan 
439.364742985 nan 
442.364742985 nan 
445.364742985 nan 
448.364742985 nan 
451.364742985 nan 
454.364742985 nan 
457.364742985 nan 
460.364742985 nan 
463.364742985 nan 
466.364742985 nan 
469.364742985 nan 
472.364742985 nan 
475.364742985 nan 
478.364742985 nan 
481.364742985 nan 
484.364742985 nan 
487.364742985 nan 
490.364742985 nan 
493.364742985 nan 
496.364742985 nan 
499.364742985 nan 
502.364742985 nan 
505.364742985 nan 
508.364742985 nan 
511.364742985 nan 
514.364742985 nan 
517.364742985 nan 
520.364742985 nan 
523.364742985 nan 
526.364742985 nan 
529.364742985 nan 
532.364742985 nan 
535.364742985 nan 
538.364742985 nan 
541.364742985 nan 
544.364742985 nan 
547.364742985 nan 
550.364742985 nan 
553.364742985 nan 
556.364742985 nan 
559.364742985 nan 
562.364742985 nan 
565.364742985 nan 
568.364742985 nan 
571.364742985 nan 
574.364742985 nan 
577.364742985 nan 
580.364742985 nan 
583.364742985 nan 
586.364742985 nan 
589.364742985 nan 
592.364742985 nan 
595.364742985 nan 
598.364742985 nan 
601.364742985 nan 
604.364742985 nan 
607.364742985 nan 
610.364742985 nan 
613.364742985 nan 
616.364742985 nan 
619.364742985 nan 
622.364742985 nan 
625.364742985 nan 
628.364742985 nan 
631.364742985 nan 
634.364742985 nan 
637.364742985 nan 
640.364742985 nan 
643.364742985 nan 
646.364742985 nan 
649.364742985 nan 
652.364742985 nan 
655.364742985 nan 
658.364742985 nan 
661.364742985 nan 
664.364742985 nan 
667.364742985 nan 
670.364742985 nan 
673.364742985 nan 
676.364742985 nan 
679.364742985 nan 
682.364742985 nan 
685.364742985 nan 
688.364742985 nan 
691.364742985 nan 
694.364742985 nan 
697.364742985 nan 
700.364742985 nan 
703.364742985 nan 
706.364742985 nan 
709.364742985 nan 
712.364742985 nan 
715.364742985 nan 
718.364742985 nan 
721.364742985 nan 
724.364742985 nan 
727.364742985 nan 
730.364742985 nan 
733.364742985 nan 
736.364742985 nan 
739.364742985 nan 
742.364742985 nan 
745.364742985 nan 
748.364742985 nan 
751.364742985 nan 
754.364742985 nan 
757.364742985 nan 
760.364742985 nan 
763.364742985 nan 
766.364742985 nan 
769.364742985 nan 
772.364742985 nan 
775.364742985 nan 
778.364742985 nan 
781.364742985 nan 
784.364742985 nan 
787.364742985 nan 
790.364742985 nan 
793.364742985 nan 
796.364742985 nan 
799.364742985 nan 
802.364742985 nan 
805.364742985 nan 
808.364742985 nan 
811.364742985 nan 
814.364742985 nan 
817.364742985 nan 
820.364742985 nan 
823.364742985 nan 
826.364742985 nan 
829.364742985 nan 
832.364742985 nan 
835.364742985 -0.527549093713 
838.364742985 -0.643799058013 
841.364742985 -0.661664637165 
844.364742985 -0.573322553498 
847.364742985 -0.453701997577 
850.364742985 -0.330361184242 
853.364742985 -0.241574589248 
856.364742985 -0.176938581905 
859.364742985 -0.138791524731 
862.364742985 -0.123015378709 
865.364742985 -0.0920729987365 
868.364742985 -0.0894394842139 
871.364742985 -0.0895996448723 
874.364742985 -0.0609800085827 
877.364742985 -0.0515535184945 
880.364742985 -0.0476107476385 
883.364742985 -0.0532650358589 
886.364742985 -0.0540629444268 
889.364742985 -0.0381658538653 
892.364742985 -0.0303379192798 
895.364742985 -0.0387153528293 
898.364742985 -0.0329294603001 
901.364742985 -0.0372760536479 
904.364742985 -0.0369242030784 
907.364742985 -0.0467895460483 
910.364742985 -0.0340749851107 
913.364742985 -0.0172797640759 
916.364742985 -0.0104979617236 
919.364742985 -0.00249235366182 
922.364742985 -0.00868959364548 
925.364742985 -0.0138472655003 
928.364742985 -0.0231799887068 
931.364742985 -0.0234257740423 
934.364742985 -0.0207483125338 
937.364742985 -0.0194511548802 
940.364742985 -0.0143134133079 
943.364742985 -0.0151120518957 
946.364742985 -0.0224058506852 
949.364742985 -0.0297197498488 
952.364742985 -0.0232095001042 
955.364742985 -0.0174318945156 
958.364742985 -0.0196781308466 
961.364742985 -0.0194508548431 
964.364742985 -0.0112424774187 
967.364742985 -0.0114788327144 
970.364742985 -0.0203033934086 
973.364742985 -0.0179277586755 
976.364742985 -0.0244866672565 
979.364742985 -0.0242362588139 
982.364742985 -0.0215964308342 
985.364742985 -0.0128827158948 
988.364742985 -0.00274676955445 
991.364742985 -0.00518373969228 
994.364742985 -0.0059108004111 
997.364742985 -0.00893540433624 
1000.36474299 -0.00397458218572 
1003.36474299 -0.00696492007606 
1006.36474299 -0.00505692488439 
1009.36474299 -0.00693157845139 
1012.36474299 -0.00714991461654 
1015.36474299 -0.0153969371386 
1018.36474299 -0.016105334281 
1021.36474299 -0.0169385922923 
1024.36474299 -0.0143808529889 
1027.36474299 -0.014999913023 
1030.36474299 -0.010336355816 
1033.36474299 -0.00938391017269 
1036.36474299 -0.00621008902039 
1039.36474299 -0.00540628482882 
1042.36474299 -0.00646011924723 
1045.36474299 -0.00671479582351 
1048.36474299 -0.00814294661876 
1051.36474299 -0.00820687565413 
1054.36474299 -0.00264456650605 
1057.36474299 -0.00351620813904 
1060.36474299 -0.00405752712988 
1063.36474299 -0.00314552575049 
1066.36474299 0.00287551505893 
1069.36474299 0.00871698735124 
1072.36474299 0.0100801272871 
1075.36474299 0.00838284002819 
1078.36474299 0.00264263475299 
1081.36474299 0.00153247364814 
1084.36474299 0.000987331627136 
1087.36474299 0.000457460069176 
1090.36474299 -0.00250293313962 
1093.36474299 -0.00376040956382 
1096.36474299 -0.00124806328788 
1099.36474299 -0.00486757241043 
1102.36474299 -0.00172974052548 
1105.36474299 0.00421568049774 
1108.36474299 0.00632349618371 
1111.36474299 0.00235811980233 
1114.36474299 -0.000592382019958 
1117.36474299 -0.00299439895611 
1120.36474299 -0.00485394290744 
1123.36474299 -0.0027138816831 
1126.36474299 -0.00295921828351 
1129.36474299 -0.00479360163984 
1132.36474299 -0.00866196381897 
1135.36474299 -0.0098842431953 
1138.36474299 -0.00878323480723 
1141.36474299 -0.00422406199235 
1144.36474299 -0.00280158443415 
1147.36474299 -0.000107891546461 
1150.36474299 -0.000251696855771 
1153.36474299 -0.00119751548535 
1156.36474299 -0.00602833255655 
1159.36474299 -0.00612975249751 
1162.36474299 -0.0042512433479 
1165.36474299 -0.00529029090182 
1168.36474299 -0.00685944540815 
1171.36474299 -0.00532045625328 
1174.36474299 -0.00524767612294 
1177.36474299 -0.00572156203576 
1180.36474299 -0.00523729526126 
1183.36474299 -0.00190887787129 
1186.36474299 0.00127260083044 
1189.36474299 0.00753218408992 
1192.36474299 0.00847052376281 
1195.36474299 0.00953640192466 
1198.36474299 0.00514801520241 
1201.36474299 -0.000273896680661 
1204.36474299 -0.00379768389331 
1207.36474299 -0.0011639958457 
1210.36474299 0.000409516429035 
1213.36474299 0.0062142044943 
1216.36474299 0.0114988718131 
1219.36474299 0.00877583265912 
1222.36474299 0.00421169338478 
1225.36474299 0.000881682905998 
1228.36474299 -0.00120084138095 
1231.36474299 0.00171057539049 
1234.36474299 0.00462983102778 
1237.36474299 0.0102658513193 
1240.36474299 0.0110712196128 
1243.36474299 0.0120790590806 
1246.36474299 0.0113338503421 
1249.36474299 0.0111989466814 
1252.36474299 0.011054948938 
1255.36474299 0.0089407289386 
1258.36474299 0.00496236406662 
1261.36474299 0.00495806793656 
1264.36474299 0.00533059888125 
1267.36474299 0.00671193754738 
1270.36474299 0.00875887263847 
1273.36474299 0.00922913750475 
1276.36474299 0.00910352337356 
1279.36474299 0.00505209101175 
1282.36474299 0.00515680238101 
1285.36474299 0.0066355950045 
1288.36474299 0.00672103427132 
1291.36474299 0.00622090937305 
1294.36474299 0.00688346845044 
1297.36474299 0.00761834650958 
1300.36474299 0.00863335517418 
1303.36474299 0.00785296338598 
1306.36474299 0.0104405204627 
1309.36474299 0.0108691900424 
1312.36474299 0.00853485636924 
1315.36474299 0.00329249824574 
1318.36474299 0.00547158410413 
1321.36474299 0.00995567421508 
1324.36474299 0.014154249956 
1327.36474299 0.0157240187988 
1330.36474299 0.0136436322103 
1333.36474299 0.0100949062281 
1336.36474299 0.00915603726439 
1339.36474299 0.00969242228217 
1342.36474299 0.0106633983869 
1345.36474299 0.0103281914257 
1348.36474299 0.00495922371334 
1351.36474299 0.00305482791061 
1354.36474299 0.00590962086377 
1357.36474299 0.0118656946573 
1360.36474299 0.0132803696657 
1363.36474299 0.0126287556043 
1366.36474299 0.00936612029586 
1369.36474299 0.0102247430648 
1372.36474299 0.0125113396704 
1375.36474299 0.0130378308586 
1378.36474299 0.0138531637651 
1381.36474299 0.0120933531024 
1384.36474299 0.00905490045705 
1387.36474299 0.0049475951621 
1390.36474299 0.00214439776433 
1393.36474299 0.00285498602282 
1396.36474299 0.00521107476402 
1399.36474299 0.00978335043224 
1402.36474299 0.00986862964404 
1405.36474299 0.0124011753379 
1408.36474299 0.0125631119202 
1411.36474299 0.010799687078 
1414.36474299 0.00713432800523 
1417.36474299 0.00722069537982 
1420.36474299 0.0113199725689 
1423.36474299 0.0131685804843 
1426.36474299 0.013364721298 
1429.36474299 0.0130349414167 
1432.36474299 0.0131219310513 
1435.36474299 0.00894684589251 
1438.36474299 0.00577892247685 
1441.36474299 0.00372287587125 
1444.36474299 0.00289589222766 
1447.36474299 0.00322296702084 
1450.36474299 0.00413962267319 
1453.36474299 0.00430197286305 
1456.36474299 0.00328965555252 
1459.36474299 0.00400018438464 
1462.36474299 0.00514711297812 
1465.36474299 0.00497197898847 
1468.36474299 0.00500637708186 
1471.36474299 0.00546116151194 
1474.36474299 0.00405924943802 
1477.36474299 0.00371998141107 
1480.36474299 0.00156698438751 
1483.36474299 0.000111159592144 
1486.36474299 -0.000777931140483 
1489.36474299 -0.000107759182485 
1492.36474299 0.000664042227422 
1495.36474299 0.00469028745047 
1498.36474299 0.00670460301327 
1501.36474299 0.00727693385112 
1504.36474299 0.00561546193836 
1507.36474299 0.00533629694531 
1510.36474299 0.00497986764043 
1513.36474299 0.00462892246468 
1516.36474299 0.00484502895258 
1519.36474299 0.0050206959307 
1522.36474299 0.00537791600243 
1525.36474299 0.00490290336571 
1528.36474299 0.00662811203654 
1531.36474299 0.00937147447935 
1534.36474299 0.00932428941677 
1537.36474299 0.00787071100406 
1540.36474299 0.00386389331642 
1543.36474299 0.00041030148434 
1546.36474299 -8.00679734845e-05 
1549.36474299 0.000754815472761 
1552.36474299 0.00381980027368 
1555.36474299 0.00396896890328 
1558.36474299 0.00327281147932 
1561.36474299 0.00454897102465 
1564.36474299 0.0052008761432 
1567.36474299 0.00525581568622 
1570.36474299 0.00477173960432 
1573.36474299 0.00618442845157 
1576.36474299 0.00771673174413 
1579.36474299 0.00618147720619 
1582.36474299 0.00313092799391 
1585.36474299 3.33072347549e-06 
1588.36474299 -0.00149802920218 
1591.36474299 -0.00111370951918 
1594.36474299 0.00135295412476 
1597.36474299 0.00366418190252 
1600.36474299 0.00285045614905 
1603.36474299 0.001746170595 
1606.36474299 -0.000490892583169 
1609.36474299 -0.00387921554643 
1612.36474299 -0.00408468788428 
1615.36474299 -0.00154134600453 
1618.36474299 0.00168710778662 
1621.36474299 0.00389970892672 
1624.36474299 0.00348145401569 
1627.36474299 0.00361978221972 
1630.36474299 0.00463905294327 
1633.36474299 0.00584260165738 
1636.36474299 0.00569537745846 
1639.36474299 0.00397842720364 
1642.36474299 0.00159850756539 
1645.36474299 -0.00110328230494 
1648.36474299 -0.000993554095856 
1651.36474299 0.000484119727258 
1654.36474299 0.00175974846309 
1657.36474299 0.00210366231125 
1660.36474299 0.00391534043795 
1663.36474299 0.00505587898035 
1666.36474299 0.00614259810071 
1669.36474299 0.00488962672326 
1672.36474299 0.00532478037976 
1675.36474299 0.00545281223962 
1678.36474299 0.0034593172983 
1681.36474299 -0.000399052964713 
1684.36474299 -0.00248825139377 
1687.36474299 -0.00208197195189 
1690.36474299 -0.000247517944214 
1693.36474299 0.00076709579917 
1696.36474299 0.000717549793108 
1699.36474299 -0.00164234005653 
1702.36474299 -0.00259422207375 
1705.36474299 -0.00372136380039 
1708.36474299 -0.00273872612982 
1711.36474299 0.000473348269289 
1714.36474299 0.00324887163393 
1717.36474299 0.00447371505986 
1720.36474299 0.00328762977374 
1723.36474299 0.000328574450531 
1726.36474299 -0.000118402213476 
1729.36474299 -0.000574533707203 
1732.36474299 -0.000705119844316 
1735.36474299 -0.00173303868877 
1738.36474299 -0.000220359665909 
1741.36474299 0.00256551755443 
1744.36474299 0.0056751413283 
1747.36474299 0.00636916732661 
1750.36474299 0.00460228571876 
1753.36474299 0.00446914636086 
1756.36474299 0.0052862551913 
1759.36474299 0.0064772810534 
1762.36474299 0.00677532355783 
1765.36474299 0.00485954641754 
1768.36474299 0.0026363780811 
1771.36474299 0.000816339853265 
1774.36474299 0.00174057830987 
1777.36474299 0.00227472480249 
1780.36474299 0.00407447922701 
1783.36474299 0.00500590378387 
1786.36474299 0.0054926659375 
1789.36474299 0.00519638984877 
1792.36474299 0.00625258547478 
1795.36474299 0.00667717814168 
1798.36474299 0.0053927641421 
1801.36474299 0.00398709737833 
1804.36474299 0.00334256112912 
1807.36474299 0.00248233147128 
1810.36474299 0.000761898831433 
1813.36474299 -0.000761527350618 
1816.36474299 0.00127742849633 
1819.36474299 0.00359102117932 
1822.36474299 0.00360539100278 
1825.36474299 0.00293178311136 
1828.36474299 0.00425367771595 
1831.36474299 0.00601199215481 
1834.36474299 0.00578776987417 
1837.36474299 0.00276423879302 
1840.36474299 -0.00126051680913 
1843.36474299 -0.00338116079863 
1846.36474299 -0.00411633044313 
1849.36474299 -0.00350964403475 
1852.36474299 -0.00379641322555 
1855.36474299 -0.00391176191427 
1858.36474299 -0.0029962926763 
1861.36474299 -0.00148689904006 
1864.36474299 -0.00111280571019 
1867.36474299 0.000308306395209 
1870.36474299 0.00214067648531 
1873.36474299 0.00360998664172 
1876.36474299 0.00323320129748 
1879.36474299 0.00202091070086 
1882.36474299 0.0025025240221 
1885.36474299 0.00315724383745 
1888.36474299 0.00323780380347 
1891.36474299 0.00358727652593 
1894.36474299 0.00272807745333 
1897.36474299 0.00113438976238 
1900.36474299 -0.0013250508049 
1903.36474299 -0.00174270841493 
1906.36474299 -0.000315721782191 
1909.36474299 0.00068744670728 
1912.36474299 0.00133727084657 
1915.36474299 0.00205402161917 
1918.36474299 0.00240684017808 
1921.36474299 0.0032974937581 
1924.36474299 0.00366476348855 
1927.36474299 0.00188412296029 
1930.36474299 0.00136550682201 
1933.36474299 0.000998393647019 
1936.36474299 0.000992714797485 
1939.36474299 -6.17585719701e-06 
1942.36474299 -0.000895904691774 
1945.36474299 -0.00245642210408 
1948.36474299 -0.00241178181053 
1951.36474299 -0.00105820839701 
1954.36474299 0.000129759730962 
1957.36474299 0.00149658210415 
1960.36474299 0.00307073912193 
1963.36474299 0.00382172515969 
1966.36474299 0.00407715182876 
1969.36474299 0.0036211131062 
1972.36474299 0.00246725883201 
1975.36474299 0.000586031718522 
1978.36474299 -0.00120250188566 
1981.36474299 -0.0035398616814 
1984.36474299 -0.0052556524618 
1987.36474299 -0.00617584464319 
1990.36474299 -0.0068981718539 
1993.36474299 -0.00725544527729 
1996.36474299 -0.00799760240593 
1999.36474299 -0.00838733741555 
2002.36474299 -0.00805996100055 
2005.36474299 -0.00612635859173 
2008.36474299 -0.00614178356333 
2011.36474299 -0.00592594489024 
2014.36474299 -0.00571318054115 
2017.36474299 -0.00523360977012 
2020.36474299 -0.00426738988763 
2023.36474299 -0.00215701134059 
2026.36474299 -0.00307743475658 
2029.36474299 -0.00385944214957 
2032.36474299 -0.00498993473089 
2035.36474299 -0.00486795538035 
2038.36474299 -0.00406764017673 
2041.36474299 -0.00182998738997 
2044.36474299 0.00106335346572 
2047.36474299 0.00211623138376 
2050.36474299 -0.000491257395025 
2053.36474299 -0.00107341943369 
2056.36474299 0.000365886548779 
2059.36474299 0.00309612632947 
2062.36474299 0.0046936792433 
2065.36474299 0.0055499666881 
2068.36474299 0.00717383095549 
2071.36474299 0.0102515984997 
2074.36474299 0.0119526737273 
2077.36474299 0.0118031538218 
2080.36474299 0.0118088471318 
2083.36474299 0.00929049298232 
2086.36474299 0.00552141879027 
2089.36474299 0.00261356152608 
2092.36474299 0.00170321602936 
2095.36474299 0.0007772746112 
2098.36474299 0.00156810979081 
2101.36474299 0.00222814245531 
2104.36474299 0.0010261874903 
2107.36474299 -0.0026453636117 
2110.36474299 -0.00757585111166 
2113.36474299 -0.0104212240614 
2116.36474299 -0.010155286585 
2119.36474299 -0.00780312553043 
2122.36474299 -0.00724890045355 
2125.36474299 -0.00662095815858 
2128.36474299 -0.00552361677345 
2131.36474299 -0.00409502543074 
2134.36474299 -0.00121198488098 
2137.36474299 -1.08278676219e-05 
2140.36474299 0.00155304388653 
2143.36474299 0.000897530200963 
2146.36474299 0.000666774321569 
2149.36474299 0.0024655507862 
2152.36474299 0.00530593033657 
2155.36474299 0.00624043608446 
2158.36474299 0.00702407757045 
2161.36474299 0.00809983741251 
2164.36474299 0.00883461722005 
2167.36474299 0.0104592453143 
2170.36474299 0.0106487356574 
2173.36474299 0.0130817862963 
2176.36474299 0.0136773715955 
2179.36474299 0.0126057161344 
2182.36474299 0.0111595308898 
2185.36474299 0.00772006067707 
2188.36474299 0.00196351896189 
2191.36474299 -0.00172850775853 
2194.36474299 -0.00214381063184 
2197.36474299 -0.00113596878694 
2200.36474299 0.000350338234462 
2203.36474299 0.00141293289152 
2206.36474299 0.000376592406643 
2209.36474299 -4.66561472943e-05 
2212.36474299 0.000505683706543 
2215.36474299 0.000989374375441 
2218.36474299 0.0024963486983 
2221.36474299 0.00340789024967 
2224.36474299 0.00363332509229 
2227.36474299 0.00335611641519 
2230.36474299 0.00200983111719 
2233.36474299 0.00165434893651 
2236.36474299 0.00226812874002 
2239.36474299 0.00344308043049 
2242.36474299 0.00310546392828 
2245.36474299 0.00189967219901 
2248.36474299 -0.00010637050387 
2251.36474299 -0.0010823438872 
2254.36474299 -0.00170323227257 
2257.36474299 -0.000873532645975 
2260.36474299 -0.00141258597361 
2263.36474299 -0.00271609366449 
2266.36474299 -0.0046101833507 
2269.36474299 -0.00570741433486 
2272.36474299 -0.00570062599508 
2275.36474299 -0.00664743801889 
2278.36474299 -0.00647866132979 
2281.36474299 -0.00473220496 
2284.36474299 -0.00424694880254 
2287.36474299 -0.00428515995567 
2290.36474299 -0.00342243412635 
2293.36474299 -0.00224993687684 
2296.36474299 -0.00150903602157 
2299.36474299 -0.00296413165543 
2302.36474299 -0.00381120827767 
2305.36474299 -0.00164280212954 
2308.36474299 0.00149745448319 
2311.36474299 0.00291666055394 
2314.36474299 0.0027294159992 
2317.36474299 0.00217014945358 
2320.36474299 0.00261232176003 
2323.36474299 0.00391460275867 
2326.36474299 0.00406157789508 
2329.36474299 0.00477378334307 
2332.36474299 0.00285295839522 
2335.36474299 -0.000844553378752 
2338.36474299 -0.00408803609779 
2341.36474299 -0.00573003755609 
2344.36474299 -0.00645454637471 
2347.36474299 -0.00695591315196 
2350.36474299 -0.00681150391396 
2353.36474299 -0.00787520944788 
2356.36474299 -0.00747047628004 
2359.36474299 -0.00735334506446 
2362.36474299 -0.00690877563047 
2365.36474299 -0.00458225295884 
2368.36474299 -0.00250054103031 
2371.36474299 -0.00296256411996 
2374.36474299 -0.00274306900863 
2377.36474299 -0.00155145099581 
2380.36474299 -0.00159870221975 
2383.36474299 -0.00192481140051 
2386.36474299 -0.00189215489581 
2389.36474299 -0.00143335324342 
2392.36474299 -0.00204721452707 
2395.36474299 -0.00180317632672 
2398.36474299 -0.000544882922047 
2401.36474299 0.000991647169811 
2404.36474299 0.00264005828989 
2407.36474299 0.00440851879025 
2410.36474299 0.0046068074049 
2413.36474299 0.00290502381507 
2416.36474299 0.000467187934135 
2419.36474299 -0.000475579564247 
2422.36474299 0.000486527419479 
2425.36474299 0.00303718699587 
2428.36474299 0.00436859113956 
2431.36474299 0.00403148887349 
2434.36474299 0.00275986501251 
2437.36474299 0.000443594247331 
2440.36474299 -0.00239315917223 
2443.36474299 -0.00363045598735 
2446.36474299 -0.00300673322846 
2449.36474299 -0.00196575431765 
2452.36474299 -0.000373657965721 
2455.36474299 -0.000535028974149 
2458.36474299 -0.000564847737831 
2461.36474299 0.000367126677986 
2464.36474299 0.000605004312087 
2467.36474299 0.00011193520526 
2470.36474299 -0.000872346561745 
2473.36474299 -0.00232565610317 
2476.36474299 -0.00191597219082 
2479.36474299 8.54650233983e-06 
2482.36474299 0.00186826496857 
2485.36474299 0.0025007145553 
2488.36474299 0.00177106746899 
2491.36474299 0.00129923850077 
2494.36474299 0.00140634897844 
2497.36474299 0.0020658721609 
2500.36474299 0.00136066225263 
2503.36474299 0.000124170309855 
2506.36474299 -0.00139730349323 
2509.36474299 -0.00188135474811 
2512.36474299 -0.000160955618132 
2515.36474299 0.00167487929321 
2518.36474299 0.00279105698744 
2521.36474299 0.00236932286078 
2524.36474299 0.00159983330158 
2527.36474299 0.00154357330472 
2530.36474299 0.000757090314039 
2533.36474299 -0.000625695714235 
2536.36474299 -0.000815489528001 
2539.36474299 -0.00152835342012 
2542.36474299 -0.00339634912123 
2545.36474299 -0.00599809694993 
2548.36474299 -0.00783916960209 
2551.36474299 -0.00785978658923 
2554.36474299 -0.00613257749487 
2557.36474299 -0.00437904674639 
2560.36474299 -0.0048088015836 
2563.36474299 -0.0049102637833 
2566.36474299 -0.00407256569804 
2569.36474299 -0.00233397156849 
2572.36474299 0.000418035264584 
2575.36474299 0.00306097867152 
2578.36474299 0.00434007968989 
2581.36474299 0.00620040384337 
2584.36474299 0.00630175141622 
2587.36474299 0.00593998166193 
2590.36474299 0.00625638770571 
2593.36474299 0.00649094330693 
2596.36474299 0.0056301051231 
2599.36474299 0.00467589147941 
2602.36474299 0.0042648297998 
2605.36474299 0.00379414313838 
2608.36474299 0.00174277351982 
2611.36474299 0.000217568937747 
2614.36474299 -0.000980075667886 
2617.36474299 -0.00121685256062 
2620.36474299 -0.000645380499778 
2623.36474299 -0.00111902051951 
2626.36474299 -0.000347499271901 
2629.36474299 -0.000835250115175 
2632.36474299 -0.00144833198903 
2635.36474299 -0.000535855066661 
2638.36474299 0.00116341491996 
2641.36474299 0.00105275939545 
2644.36474299 0.000428672319923 
2647.36474299 0.000744229524096 
2650.36474299 -0.000875754597787 
2653.36474299 -0.00236933527429 
2656.36474299 0.000146057279691 
2659.36474299 0.00498844246882 
2662.36474299 0.00809049400312 
2665.36474299 0.00735922167174 
2668.36474299 0.00395799747559 
2671.36474299 0.00247448322925 
2674.36474299 0.00213035835147 
2677.36474299 0.00359396635 
2680.36474299 0.00665880773529 
2683.36474299 0.00785394326072 
2686.36474299 0.00633668778042 
2689.36474299 0.00571984051998 
2692.36474299 0.00566022610287 
2695.36474299 0.0058556258038 
2698.36474299 0.00544940459975 
2701.36474299 0.0035062720507 
2704.36474299 0.000830904727258 
2707.36474299 0.000918972620315 
2710.36474299 0.00135890204367 
2713.36474299 0.00259789118963 
2716.36474299 0.00123689099907 
2719.36474299 1.98691785402e-05 
2722.36474299 0.000262750737543 
2725.36474299 0.00102631109715 
2728.36474299 0.00219157411105 
2731.36474299 0.00406476050711 
2734.36474299 0.00675064708963 
2737.36474299 0.00746079638536 
2740.36474299 0.00733682664774 
2743.36474299 0.00930247016823 
2746.36474299 0.0107129140194 
2749.36474299 0.0108169624546 
2752.36474299 0.010433905912 
2755.36474299 0.0109895366205 
2758.36474299 0.0124222941476 
2761.36474299 0.0145082874157 
2764.36474299 0.0171327469448 
2767.36474299 0.0176762948206 
2770.36474299 0.0171068793082 
2773.36474299 0.0146676441014 
2776.36474299 0.0106929108406 
2779.36474299 0.00694557032316 
2782.36474299 0.00441252307083 
2785.36474299 0.00420290330088 
2788.36474299 0.00488015442469 
2791.36474299 0.00509754293739 
2794.36474299 0.00381633452803 
2797.36474299 0.00223120410167 
2800.36474299 0.0011231510481 
2803.36474299 -5.61906991111e-05 
2806.36474299 0.000317824452082 
2809.36474299 -0.000112050434634 
2812.36474299 -0.000920085478056 
2815.36474299 -0.0025412142838 
2818.36474299 -0.00472218646709 
2821.36474299 -0.00673592783914 
2824.36474299 -0.00770402823596 
2827.36474299 -0.00674118746868 
2830.36474299 -0.00364029250351 
2833.36474299 0.00184248832026 
2836.36474299 0.00584457514095 
2839.36474299 0.00760912565056 
2842.36474299 0.00807008725326 
2845.36474299 0.0075818671728 
2848.36474299 0.00707788563546 
2851.36474299 0.00526395630596 
2854.36474299 0.00321252541221 
2857.36474299 0.00354528479947 
2860.36474299 0.00556231205337 
2863.36474299 0.00741052062353 
2866.36474299 0.00778114464218 
2869.36474299 0.00691282032098 
2872.36474299 0.00678979453817 
2875.36474299 0.00728741454909 
2878.36474299 0.00694017229622 
2881.36474299 0.00631104834098 
2884.36474299 0.00600892258493 
2887.36474299 0.00537257344009 
2890.36474299 0.00474765370214 
2893.36474299 0.00363861668 
2896.36474299 0.00267806739338 
2899.36474299 0.00188361744 
2902.36474299 0.00163420498325 
2905.36474299 0.00214076496457 
2908.36474299 0.00332894034199 
2911.36474299 0.00385450447888 
2914.36474299 0.00303442749957 
2917.36474299 0.00283254636302 
2920.36474299 0.00302490184932 
2923.36474299 0.00298640122376 
2926.36474299 0.00205457758584 
2929.36474299 -0.000351862322654 
2932.36474299 -0.0022382222234 
2935.36474299 -0.00215296823479 
2938.36474299 -0.00180786572726 
2941.36474299 -0.00273017771315 
2944.36474299 -0.0032907666935 
2947.36474299 -0.00272125504243 
2950.36474299 -0.00268214985264 
2953.36474299 -0.00339430247719 
2956.36474299 -0.00309893521568 
2959.36474299 -0.00157046162225 
2962.36474299 -0.000218563718601 
2965.36474299 0.000777831436247 
2968.36474299 -0.000615624992161 
2971.36474299 -0.00163270862736 
2974.36474299 -0.00144438290894 
2977.36474299 -0.00125960547279 
2980.36474299 -0.0014981056641 
2983.36474299 -0.00114158537085 
2986.36474299 -0.000818561078755 
2989.36474299 0.00067622146298 
2992.36474299 0.00169035537148 
2995.36474299 0.00253598925361 
2998.36474299 0.00300207393727 
3001.36474299 0.00279032353403 
3004.36474299 0.00218303718347 
3007.36474299 0.000869607732609 
3010.36474299 -9.24207092692e-05 
3013.36474299 -0.000498684006988 
3016.36474299 -0.00049350820164 
3019.36474299 -9.42392468492e-05 
3022.36474299 3.72817330256e-05 
3025.36474299 0.000313360508566 
3028.36474299 -4.33105832188e-05 
3031.36474299 -0.000935072081158 
3034.36474299 -0.000530622079944 
3037.36474299 -0.000162494876555 
3040.36474299 0.000674245800438 
3043.36474299 0.000120392732609 
3046.36474299 0.00118638149353 
3049.36474299 0.0019594368988 
3052.36474299 0.00141121216809 
3055.36474299 0.00129923982135 
3058.36474299 0.00216082690945 
3061.36474299 0.00440526935657 
3064.36474299 0.00742658211753 
3067.36474299 0.0100421504059 
3070.36474299 0.00914825214637 
3073.36474299 0.00813689622238 
3076.36474299 0.00853465564018 
3079.36474299 0.00874263524243 
3082.36474299 0.00922817083587 
3085.36474299 0.00949696606017 
3088.36474299 0.00840714937351 
3091.36474299 0.00765297544139 
3094.36474299 0.00640693555523 
3097.36474299 0.0062470485222 
3100.36474299 0.00593260275614 
3103.36474299 0.0056808599935 
3106.36474299 0.00542762391232 
3109.36474299 0.00461449163016 
3112.36474299 0.00396777139598 
3115.36474299 0.00280017431252 
3118.36474299 0.00100409105078 
3121.36474299 -0.000258240557013 
3124.36474299 1.67692434429e-05 
3127.36474299 -0.000748534832231 
3130.36474299 -0.00223026622157 
3133.36474299 -0.00259966235944 
3136.36474299 -0.00258187142614 
3139.36474299 -0.00280825920354 
3142.36474299 -0.00235637345953 
3145.36474299 -0.000405519807855 
3148.36474299 0.00225204558841 
3151.36474299 0.00269461776828 
3154.36474299 0.0036779910052 
3157.36474299 0.00439780117917 
3160.36474299 0.00559694309811 
3163.36474299 0.00527783988969 
3166.36474299 0.00379041459614 
3169.36474299 0.00201066955718 
3172.36474299 0.00276568113694 
3175.36474299 0.00448783053847 
3178.36474299 0.00533306098161 
3181.36474299 0.00548460930701 
3184.36474299 0.00453891397064 
3187.36474299 0.00388824333579 
3190.36474299 0.00235256039979 
3193.36474299 0.000367765346344 
3196.36474299 0.000653586422498 
3199.36474299 0.000539893286297 
3202.36474299 0.000156390682809 
3205.36474299 -0.000760687325924 
3208.36474299 -0.000629561861528 
3211.36474299 -0.000385981310216 
3214.36474299 -0.000150451529286 
3217.36474299 0.000462169542626 
3220.36474299 0.00191621795186 
3223.36474299 0.00207469288239 
3226.36474299 0.0025251696933 
3229.36474299 0.00357736077461 
3232.36474299 0.00473149765419 
3235.36474299 0.00430168603179 
3238.36474299 0.00249885173682 
3241.36474299 0.00155311216082 
3244.36474299 0.000925116778292 
3247.36474299 0.00105045127541 
3250.36474299 0.00115690007352 
3253.36474299 0.000692068691915 
3256.36474299 -0.000731904033649 
3259.36474299 -0.00126464231949 
3262.36474299 0.000695206007847 
3265.36474299 0.00294429170104 
3268.36474299 0.003871828453 
3271.36474299 0.00415987702743 
3274.36474299 0.0048536333621 
3277.36474299 0.00757830211909 
3280.36474299 0.0103940041448 
3283.36474299 0.0107514814667 
3286.36474299 0.0083227523131 
3289.36474299 0.00555311707784 
3292.36474299 0.00325582821636 
3295.36474299 0.00281966299106 
3298.36474299 0.00290393406758 
3301.36474299 0.00208729074368 
3304.36474299 0.00198776108938 
3307.36474299 0.00249228657606 
3310.36474299 0.00272371291692 
3313.36474299 0.00161295675605 
3316.36474299 0.000179855909619 
3319.36474299 -0.00150050556487 
3322.36474299 -0.00271243749035 
3325.36474299 -0.00362357679126 
3328.36474299 -0.00521726250133 
3331.36474299 -0.00549807558559 
3334.36474299 -0.00398344041185 
3337.36474299 -0.00188198361112 
3340.36474299 -0.000326790933238 
3343.36474299 -0.000473420208206 
3346.36474299 -0.00218770822787 
3349.36474299 -0.00252070981059 
3352.36474299 -5.59492877542e-05 
3355.36474299 0.00317771450367 
3358.36474299 0.00434065837064 
3361.36474299 0.00489126953213 
3364.36474299 0.00473052517473 
3367.36474299 0.005249607876 
3370.36474299 0.00493284580226 
3373.36474299 0.00520322097554 
3376.36474299 0.00380518191595 
3379.36474299 0.00255869646412 
3382.36474299 0.00201180565723 
3385.36474299 0.00134389450929 
3388.36474299 0.0011176460537 
3391.36474299 0.000968117168262 
3394.36474299 0.00150978730289 
3397.36474299 0.00268656034545 
3400.36474299 0.00370188542243 
3403.36474299 0.00435107488813 
3406.36474299 0.00481226944218 
3409.36474299 0.00535708666508 
3412.36474299 0.00581491214038 
3415.36474299 0.0071627565221 
3418.36474299 0.00813429519638 
3421.36474299 0.00835754552579 
3424.36474299 0.00676275950354 
3427.36474299 0.00431954933319 
3430.36474299 0.00214706376315 
3433.36474299 -1.08836324568e-05 
3436.36474299 -0.00120120625883 
3439.36474299 -0.00126385696705 
3442.36474299 -0.000283768852644 
3445.36474299 0.000659930451151 
3448.36474299 0.00192574452651 
3451.36474299 0.00235740589359 
3454.36474299 0.00185862878529 
3457.36474299 4.59601407473e-05 
3460.36474299 7.13598649605e-05 
3463.36474299 0.00147998260345 
3466.36474299 0.00191165347874 
3469.36474299 0.00230119145694 
3472.36474299 0.00253481789392 
3475.36474299 0.00231330624791 
3478.36474299 0.000482531194475 
3481.36474299 -0.000513540796496 
3484.36474299 -0.00166019160473 
3487.36474299 -0.0025523703294 
3490.36474299 -0.00352041262044 
3493.36474299 -0.00366518950956 
3496.36474299 -0.00302628423865 
3499.36474299 -0.00194834265662 
3502.36474299 0.000134588750452 
3505.36474299 0.00259468956116 
3508.36474299 0.00211487263293 
3511.36474299 0.00145028460735 
3514.36474299 0.000803486920808 
3517.36474299 0.000852192506001 
3520.36474299 0.000653744034425 
3523.36474299 -0.00129144691188 
3526.36474299 -0.0017226664109 
3529.36474299 -0.00103030131348 
3532.36474299 0.00041644161453 
3535.36474299 0.00264748051091 
3538.36474299 0.00335628914783 
3541.36474299 0.00443471710165 
3544.36474299 0.00457249435724 
3547.36474299 0.00543082976666 
3550.36474299 0.00592969588245 
3553.36474299 0.00683566429719 
3556.36474299 0.00749011286419 
3559.36474299 0.0081886246287 
3562.36474299 0.00817921202062 
3565.36474299 0.00787373620225 
3568.36474299 0.00767834600954 
3571.36474299 0.00746167959321 
3574.36474299 0.00705677316449 
3577.36474299 0.00550142670438 
3580.36474299 0.00395491417162 
3583.36474299 0.00304237821906 
3586.36474299 0.00196168810159 
3589.36474299 -0.000391607897562 
3592.36474299 -0.00280550472546 
3595.36474299 -0.003111684152 
3598.36474299 -0.00160291502084 
3601.36474299 -0.000586065261404 
3604.36474299 -0.000937743560412 
3607.36474299 -0.00211944119986 
3610.36474299 -0.00211099499654 
3613.36474299 -0.00108348513754 
3616.36474299 -0.00123877521104 
3619.36474299 -5.24636022924e-06 
3622.36474299 0.00127663350361 
3625.36474299 0.00284796288286 
3628.36474299 0.00423509099759 
3631.36474299 0.00484261967566 
3634.36474299 0.00502174923002 
3637.36474299 0.00648672641202 
3640.36474299 0.00744738557139 
3643.36474299 0.00721399683988 
3646.36474299 0.00713095575706 
3649.36474299 0.0065419406369 
3652.36474299 0.00443724153366 
3655.36474299 0.00218007167577 
3658.36474299 0.00166604708262 
3661.36474299 0.00132034925497 
3664.36474299 0.00261878233039 
3667.36474299 0.0033666330331 
3670.36474299 0.00318614116232 
3673.36474299 0.00308078244185 
3676.36474299 0.00285168904805 
3679.36474299 0.00413196063377 
3682.36474299 0.00315655924572 
3685.36474299 0.00084166334253 
3688.36474299 8.98999088664e-05 
3691.36474299 0.001230331913 
3694.36474299 0.00178016472116 
3697.36474299 0.000967684214174 
3700.36474299 -0.00031917554352 
3703.36474299 -0.00114035088715 
3706.36474299 -0.000617906436369 
3709.36474299 0.00133265764383 
3712.36474299 0.00276651020078 
3715.36474299 0.00232858991681 
3718.36474299 0.000975848142261 
3721.36474299 0.00254675889578 
3724.36474299 0.00475034558444 
3727.36474299 0.00625134570873 
3730.36474299 0.00497459057915 
3733.36474299 0.00329052080041 
3736.36474299 0.00264535515995 
3739.36474299 0.00430201749885 
3742.36474299 0.00480696385625 
3745.36474299 0.00510279622812 
3748.36474299 0.00543953559717 
3751.36474299 0.00691839900407 
3754.36474299 0.00789733982646 
3757.36474299 0.00830465922974 
3760.36474299 0.00763087834157 
3763.36474299 0.00781196236307 
3766.36474299 0.00814706948795 
3769.36474299 0.00854932418017 
3772.36474299 0.00890133005051 
3775.36474299 0.00862536087535 
3778.36474299 0.00746875951836 
3781.36474299 0.00573874866895 
3784.36474299 0.00269346912266 
3787.36474299 -3.40939294437e-05 
3790.36474299 -0.00130195494597 
3793.36474299 -0.00200253421977 
3796.36474299 -0.00202885666625 
3799.36474299 -0.0015744838628 
3802.36474299 -0.00013990549533 
3805.36474299 -0.000379150183451 
3808.36474299 -0.000323689372169 
3811.36474299 0.00215589029522 
3814.36474299 0.00531183810967 
3817.36474299 0.00735925442227 
3820.36474299 0.00691499294891 
3823.36474299 0.00454008982033 
3826.36474299 0.00184052104344 
3829.36474299 0.000711366479759 
3832.36474299 0.000129351488337 
3835.36474299 -0.000291181961616 
3838.36474299 0.000962400021737 
3841.36474299 0.00300640387433 
3844.36474299 0.00522712199569 
3847.36474299 0.00645045625605 
3850.36474299 0.00753932000791 
3853.36474299 0.00739878906659 
3856.36474299 0.0071266395541 
3859.36474299 0.00628693761178 
3862.36474299 0.00564073055728 
3865.36474299 0.00412886465218 
3868.36474299 0.00161180203574 
3871.36474299 -3.63642064469e-05 
3874.36474299 -0.00106210201249 
3877.36474299 -0.00152525189206 
3880.36474299 -0.00100501308386 
3883.36474299 -0.00130754749522 
3886.36474299 -0.00226341530481 
3889.36474299 -0.00168783542945 
3892.36474299 0.000210220141309 
3895.36474299 0.00127948861034 
3898.36474299 0.00229221200103 
3901.36474299 0.00303583498002 
3904.36474299 0.00382041487435 
3907.36474299 0.0036102491742 
3910.36474299 0.00334715122161 
3913.36474299 0.00302486249586 
3916.36474299 0.00239372966534 
3919.36474299 0.00149155106803 
3922.36474299 0.000763527576057 
3925.36474299 0.000706582657322 
3928.36474299 0.000166651354658 
3931.36474299 -0.000213838381613 
3934.36474299 7.21088517633e-05 
3937.36474299 2.56425386927e-05 
3940.36474299 -0.00134716018617 
3943.36474299 -0.00165822828966 
3946.36474299 -0.00140775949625 
3949.36474299 -0.00140179599442 
3952.36474299 -0.00205674651613 
3955.36474299 -0.00309212020007 
3958.36474299 -0.00289830361752 
3961.36474299 -0.00306789431578 
3964.36474299 -0.00361617279433 
3967.36474299 -0.00327353542451 
3970.36474299 -0.0021742636069 
3973.36474299 -0.000665971537398 
3976.36474299 0.00113594013023 
3979.36474299 0.00177675813777 
3982.36474299 0.00236988490214 
3985.36474299 0.00303333828031 
3988.36474299 0.00380982377541 
3991.36474299 0.00435188097376 
3994.36474299 0.00443777927624 
3997.36474299 0.0051791266216 
4000.36474299 0.00539026876297 
4003.36474299 0.00476861826748 
4006.36474299 0.00372750109132 
4009.36474299 0.00219785719466 
4012.36474299 0.000952517417125 
4015.36474299 5.4301052107e-05 
4018.36474299 -7.26892575217e-05 
4021.36474299 0.000418355770783 
4024.36474299 0.00103418654324 
4027.36474299 0.000394895727272 
4030.36474299 -0.00075340653966 
4033.36474299 -0.00237861582379 
4036.36474299 -0.00180787285842 
4039.36474299 -0.000159755023965 
4042.36474299 0.000822153600649 
4045.36474299 0.00268690184896 
4048.36474299 0.00423192000672 
4051.36474299 0.00482514515475 
4054.36474299 0.00475941536843 
4057.36474299 0.00428574074935 
4060.36474299 0.00420235367303 
4063.36474299 0.0034759477007 
4066.36474299 0.00305530569859 
4069.36474299 0.00323817752928 
4072.36474299 0.00299496073336 
4075.36474299 0.00254526610547 
4078.36474299 0.00252726229373 
4081.36474299 0.00326106909358 
4084.36474299 0.00399271515077 
4087.36474299 0.00443544553683 
4090.36474299 0.00385192194109 
4093.36474299 0.00368454850656 
4096.36474299 0.00378847650427 
4099.36474299 0.00336754635031 
4102.36474299 0.00295436354561 
4105.36474299 0.00294983393596 
4108.36474299 0.00219830698622 
4111.36474299 0.0014103944613 
4114.36474299 0.000457461951011 
4117.36474299 -0.000418495719874 
4120.36474299 -0.00119627479489 
4123.36474299 -0.00163563200838 
4126.36474299 -0.00190697754817 
4129.36474299 -0.00283840263327 
4132.36474299 -0.00375810566965 
4135.36474299 -0.00471863884512 
4138.36474299 -0.00637529642991 
4141.36474299 -0.00736847792245 
4144.36474299 -0.00765555797918 
4147.36474299 -0.00728876630082 
4150.36474299 -0.0078617093623 
4153.36474299 -0.0095372956972 
4156.36474299 -0.0100023247045 
4159.36474299 -0.00733736703149 
4162.36474299 -0.0041542193733 
4165.36474299 0.000133739044213 
4168.36474299 0.00392060138808 
4171.36474299 0.00645305622558 
4174.36474299 0.00861194477903 
4177.36474299 0.00950541780995 
4180.36474299 0.00870970933821 
4183.36474299 0.00802332900404 
4186.36474299 0.00836791582278 
4189.36474299 0.00834609921541 
4192.36474299 0.00802807994389 
4195.36474299 0.0077723701412 
4198.36474299 0.00757232937317 
4201.36474299 0.00663658280276 
4204.36474299 0.00607960509662 
4207.36474299 0.00605112851042 
4210.36474299 0.00681478107994 
4213.36474299 0.00878432508295 
4216.36474299 0.0112432275115 
4219.36474299 0.0136457694466 
4222.36474299 0.0153773586602 
4225.36474299 0.0166200521817 
4228.36474299 0.016983408752 
4231.36474299 0.0163504508718 
4234.36474299 0.0153156629997 
4237.36474299 0.0146105905645 
4240.36474299 0.014778448654 
4243.36474299 0.0144634456007 
4246.36474299 0.0131514287145 
4249.36474299 0.0119771542205 
4252.36474299 0.0107899305894 
4255.36474299 0.0103966368649 
4258.36474299 0.00968970187521 
4261.36474299 0.00908878880428 
4264.36474299 0.00854786149922 
4267.36474299 0.00911864672334 
4270.36474299 0.0107017946861 
4273.36474299 0.0122492266108 
4276.36474299 0.0129102474697 
4279.36474299 0.0127782321946 
4282.36474299 0.0128384234436 
4285.36474299 0.0130860016065 
4288.36474299 0.0132469937058 
4291.36474299 0.0120915930256 
4294.36474299 0.0105261240104 
4297.36474299 0.00927706632131 
4300.36474299 0.00812968106923 
4303.36474299 0.00679529504257 
4306.36474299 0.00604491330493 
4309.36474299 0.00560454650352 
4312.36474299 0.00434538870934 
4315.36474299 0.00370725677353 
4318.36474299 0.00369563324052 
4321.36474299 0.0037126336711 
4324.36474299 0.00296870246736 
4327.36474299 0.00337086022858 
4330.36474299 0.00421878968519 
4333.36474299 0.00438449363501 
4336.36474299 0.00414276064941 
4339.36474299 0.00374090160473 
4342.36474299 0.00386684852356 
4345.36474299 0.00300419955234 
4348.36474299 0.00262671852344 
4351.36474299 0.00314057170453 
4354.36474299 0.00364932953697 
4357.36474299 0.00315581496351 
4360.36474299 0.00234732691785 
4363.36474299 0.00214887072085 
4366.36474299 0.00224836934137 
4369.36474299 0.00207980936041 
4372.36474299 0.00236475469002 
4375.36474299 0.00380914340955 
4378.36474299 0.00505137842359 
4381.36474299 0.00603100119654 
4384.36474299 0.00646536038856 
4387.36474299 0.00599787086562 
4390.36474299 0.00503797025079 
4393.36474299 0.0038526585639 
4396.36474299 0.00257457809431 
4399.36474299 0.00260917242677 
4402.36474299 0.00325376598941 
4405.36474299 0.00496915293464 
4408.36474299 0.00710966685582 
4411.36474299 0.00906936351387 
4414.36474299 0.0112372774796 
4417.36474299 0.0133459087595 
4420.36474299 0.01441521886 
4423.36474299 0.0150375528907 
4426.36474299 0.015182079925 
4429.36474299 0.0138738673827 
4432.36474299 0.0116908427448 
4435.36474299 0.00959984709737 
4438.36474299 0.00800628235296 
4441.36474299 0.00659625316572 
4444.36474299 0.00506873937412 
4447.36474299 0.00360219254372 
4450.36474299 0.00188932514434 
4453.36474299 0.00106923337446 
4456.36474299 0.00175642269955 
4459.36474299 0.00283890630473 
4462.36474299 0.00380335580976 
4465.36474299 0.00535256814835 
4468.36474299 0.00710799869171 
4471.36474299 0.00886250482493 
4474.36474299 0.00994475244142 
4477.36474299 0.010354461577 
4480.36474299 0.00997469699091 
4483.36474299 0.00825882856006 
4486.36474299 0.00585953790748 
4489.36474299 0.00361978618148 
4492.36474299 0.00237586689217 
4495.36474299 0.00219042546543 
4498.36474299 0.00225281126412 
4501.36474299 0.00208400855947 
4504.36474299 0.00148123570741 
4507.36474299 0.00109245548141 
4510.36474299 0.00166836193766 
4513.36474299 0.0027402030731 
4516.36474299 0.00363727945472 
4519.36474299 0.00365109648091 
4522.36474299 0.00298358494226 
4525.36474299 0.00333460908904 
4528.36474299 0.00450298716701 
4531.36474299 0.00585720733747 
4534.36474299 0.00704165192766 
4537.36474299 0.00756301607314 
4540.36474299 0.00717909533914 
4543.36474299 0.00727746683959 
4546.36474299 0.00767702542363 
4549.36474299 0.00815086379537 
4552.36474299 0.00736256064114 
4555.36474299 0.00671656910626 
4558.36474299 0.00607110527751 
4561.36474299 0.00546960322527 
4564.36474299 0.00528276620334 
4567.36474299 0.00481951047881 
4570.36474299 0.00406647911761 
4573.36474299 0.00333881277809 
4576.36474299 0.00231180526997 
4579.36474299 0.00122152413326 
4582.36474299 -0.000185932849773 
4585.36474299 -0.0012023617715 
4588.36474299 -0.00221137986226 
4591.36474299 -0.00349401622116 
4594.36474299 -0.00444479686973 
4597.36474299 -0.0044039154919 
4600.36474299 -0.00396652264995 
4603.36474299 -0.00196276094558 
4606.36474299 0.000302653693276 
4609.36474299 0.00176007213869 
4612.36474299 0.00400471399429 
4615.36474299 0.00413134524074 
4618.36474299 0.00361636401517 
4621.36474299 0.00302163075804 
4624.36474299 0.0019433476725 
4627.36474299 0.00152723977002 
4630.36474299 -0.000318591250287 
4633.36474299 -0.00272518088021 
4636.36474299 -0.00518717955444 
4639.36474299 -0.00681194815906 
4642.36474299 -0.00822225889521 
4645.36474299 -0.0113831240433 
4648.36474299 -0.0138886431543 
4651.36474299 -0.0158273625693 
4654.36474299 -0.0152535532035 
4657.36474299 -0.0152030064574 
4660.36474299 -0.015036985567 
4663.36474299 -0.0147474085465 
4666.36474299 -0.0144269763004 
4669.36474299 -0.0149699272713 
4672.36474299 -0.0150563781069 
4675.36474299 -0.0142822981911 
4678.36474299 -0.0129016689437 
4681.36474299 -0.0118407176237 
4684.36474299 -0.011272108197 
4687.36474299 -0.0108697394061 
4690.36474299 -0.0105924565121 
4693.36474299 -0.0102269901738 
4696.36474299 -0.0104843966652 
4699.36474299 -0.0111545633739 
4702.36474299 -0.0127751673788 
4705.36474299 -0.0142618502389 
4708.36474299 -0.0151222373106 
4711.36474299 -0.0151293874909 
4714.36474299 -0.0135339432887 
4717.36474299 -0.0118120450626 
4720.36474299 -0.0100902746692 
4723.36474299 -0.00922260430217 
4726.36474299 -0.00851217662693 
4729.36474299 -0.00869570267587 
4732.36474299 -0.00951593073022 
4735.36474299 -0.0101490016526 
4738.36474299 -0.00951009374052 
4741.36474299 -0.00856296477609 
4744.36474299 -0.00868531706009 
4747.36474299 -0.00926624491218 
4750.36474299 -0.00955030610953 
4753.36474299 -0.00920761301098 
4756.36474299 -0.00881443180039 
4759.36474299 -0.00977845686911 
4762.36474299 -0.00979339428039 
4765.36474299 -0.00833614199769 
4768.36474299 -0.00649205840966 
4771.36474299 -0.00622241325628 
4774.36474299 -0.00633933370634 
4777.36474299 -0.00674998890961 
4780.36474299 -0.00606229432836 
4783.36474299 -0.00563966722151 
4786.36474299 -0.00640276567318 
4789.36474299 -0.00849773734065 
4792.36474299 -0.0107728601677 
4795.36474299 -0.0118784758159 
4798.36474299 -0.0122592620072 
4801.36474299 -0.0128166485667 
4804.36474299 -0.0138530074078 
4807.36474299 -0.0135613322403 
4810.36474299 -0.0130166983148 
4813.36474299 -0.0123077211711 
4816.36474299 -0.0122798937849 
4819.36474299 -0.0133222987964 
4822.36474299 -0.0139504729863 
4825.36474299 -0.0124074856255 
4828.36474299 -0.00945293983907 
4831.36474299 -0.00626603907573 
4834.36474299 -0.00313427647153 
4837.36474299 -0.000634440502033 
4840.36474299 0.000866075693551 
4843.36474299 0.000453408907798 
4846.36474299 0.000557151099066 
4849.36474299 0.000749527318567 
4852.36474299 0.000761889653361 
4855.36474299 0.00117453742268 
4858.36474299 0.00031099639568 
4861.36474299 0.000467049998937 
4864.36474299 0.0013195534699 
4867.36474299 0.00271122519249 
4870.36474299 0.0038397131244 
4873.36474299 0.00310293368568 
4876.36474299 0.000795169804756 
4879.36474299 -0.000719266092578 
4882.36474299 -0.00212292384901 
4885.36474299 -0.00393792140044 
4888.36474299 -0.00599140369233 
4891.36474299 -0.00829599935562 
4894.36474299 -0.00881905279459 
4897.36474299 -0.0101278437535 
4900.36474299 -0.0102283730913 
4903.36474299 -0.0093306926737 
4906.36474299 -0.00855507770884 
4909.36474299 -0.00698937362936 
4912.36474299 -0.00523069180351 
4915.36474299 -0.00446553323783 
4918.36474299 -0.00538565146642 
4921.36474299 -0.00754080329 
4924.36474299 -0.0105469279925 
4927.36474299 -0.0119022167811 
4930.36474299 -0.0129054901911 
4933.36474299 -0.0148524817563 
4936.36474299 -0.0163354395077 
4939.36474299 -0.0152243323351 
4942.36474299 -0.0123643922663 
4945.36474299 -0.00984091001768 
4948.36474299 -0.00756178370237 
4951.36474299 -0.00583775140947 
4954.36474299 -0.00517840663817 
4957.36474299 -0.00531237373931 
4960.36474299 -0.00584452337398 
4963.36474299 -0.00706889455839 
4966.36474299 -0.0074366354739 
4969.36474299 -0.00793178704565 
4972.36474299 -0.00831231757152 
4975.36474299 -0.00876034746881 
4978.36474299 -0.00837926546627 
4981.36474299 -0.0081795485059 
4984.36474299 -0.00874088308905 
4987.36474299 -0.00991507623499 
4990.36474299 -0.0115445397866 
4993.36474299 -0.0122531799168 
4996.36474299 -0.0126896388404 
4999.36474299 -0.0132555627237 
5002.36474299 -0.0131324481975 
5005.36474299 -0.0121633811318 
5008.36474299 -0.00955458269492 
5011.36474299 -0.00634650343133 
5014.36474299 -0.00416723718091 
5017.36474299 -0.00252482713332 
5020.36474299 -0.0023743468978 
5023.36474299 -0.00220493685569 
5026.36474299 -0.00314623622571 
5029.36474299 -0.0041336813572 
5032.36474299 -0.00535797621175 
5035.36474299 -0.00638966704572 
5038.36474299 -0.00779037976352 
5041.36474299 -0.009620480988 
5044.36474299 -0.0100388563365 
5047.36474299 -0.00916429779333 
5050.36474299 -0.0075397610836 
5053.36474299 -0.00922355089814 
5056.36474299 -0.0116776400552 
5059.36474299 -0.0134490697609 
5062.36474299 -0.0135976134892 
5065.36474299 -0.0133276160035 
5068.36474299 -0.0120584177947 
5071.36474299 -0.00979145882969 
5074.36474299 -0.00957875258637 
5077.36474299 -0.00744080113007 
5080.36474299 -0.00500901191486 
5083.36474299 -0.0025081795633 
5086.36474299 -0.0023569188615 
5089.36474299 -0.00241164473372 
5092.36474299 -0.0032042284351 
5095.36474299 -0.00515900036419 
5098.36474299 -0.00679047279109 
5101.36474299 -0.00614174130458 
5104.36474299 -0.0057379362445 
5107.36474299 -0.00554268814684 
5110.36474299 -0.00504460434614 
5113.36474299 -0.00499414264581 
5116.36474299 -0.00655924717929 
5119.36474299 -0.0067363314102 
5122.36474299 -0.00441984704025 
5125.36474299 -0.00497542783062 
5128.36474299 -0.00516557952316 
5131.36474299 -0.00672240662419 
5134.36474299 -0.00753119629167 
5137.36474299 -0.00932207400186 
5140.36474299 -0.00859524306499 
5143.36474299 -0.00832368992909 
5146.36474299 -0.0102935941879 
5149.36474299 -0.0114353611393 
5152.36474299 -0.00997670216855 
5155.36474299 -0.0100891009325 
5158.36474299 -0.0103628700115 
5161.36474299 -0.0108387563479 
5164.36474299 -0.0110522221922 
5167.36474299 -0.00996301244683 
5170.36474299 -0.00744081644887 
5173.36474299 -0.00453198195111 
5176.36474299 -0.00356010679154 
5179.36474299 -0.00288614920898 
5182.36474299 -0.00170941565194 
5185.36474299 -0.00155495345375 
5188.36474299 -0.00145254241307 
5191.36474299 -0.00229380172234 
5194.36474299 -0.00443771219048 
5197.36474299 -0.00886264639174 
5200.36474299 -0.0129157315989 
5203.36474299 -0.0155372245639 
5206.36474299 -0.0163541907711 
5209.36474299 -0.0134331603984 
5212.36474299 -0.00952354892618 
5215.36474299 -0.00662988743223 
5218.36474299 -0.00607957234609 
5221.36474299 -0.00574656917867 
5224.36474299 -0.00696781427213 
5227.36474299 -0.0084545758392 
5230.36474299 -0.00935700508372 
5233.36474299 -0.00899743806673 
5236.36474299 -0.00840020256343 
5239.36474299 -0.00674371084423 
5242.36474299 -0.00405594823737 
5245.36474299 -0.000568900285824 
5248.36474299 0.00247988627442 
5251.36474299 0.00185114660968 
5254.36474299 0.000959696650333 
5257.36474299 -2.58929568581e-05 
5260.36474299 -0.00113493833376 
5263.36474299 -0.00345305666464 
5266.36474299 -0.00578207497952 
5269.36474299 -0.0074981282924 
5272.36474299 -0.00853423410916 
5275.36474299 -0.0087065225003 
5278.36474299 -0.00739366730622 
5281.36474299 -0.00600352561446 
5284.36474299 -0.00649904536556 
5287.36474299 -0.00732034098155 
5290.36474299 -0.00728872773971 
5293.36474299 -0.00476334120621 
5296.36474299 -0.00235046727113 
5299.36474299 0.000303772097478 
5302.36474299 0.00357164976881 
5305.36474299 0.00542124336947 
5308.36474299 0.00482787295699 
5311.36474299 0.00250229740956 
5314.36474299 0.000286794480023 
5317.36474299 -0.000486326624392 
5320.36474299 -2.17584809539e-05 
5323.36474299 0.00120242661226 
5326.36474299 -0.000128628170423 
5329.36474299 -0.00148987709334 
5332.36474299 -0.00392291875222 
5335.36474299 -0.0053898187073 
5338.36474299 -0.00703288746313 
5341.36474299 -0.00963966646001 
5344.36474299 -0.0118174763683 
5347.36474299 -0.0143063951862 
5350.36474299 -0.0153249873927 
5353.36474299 -0.0140227586893 
5356.36474299 -0.0105623165159 
5359.36474299 -0.00470130694748 
5362.36474299 0.00294237896442 
5365.36474299 0.00902060536936 
5368.36474299 0.0139837253393 
5371.36474299 0.0170026597251 
5374.36474299 0.017766180236 
5377.36474299 0.0165554058041 
5380.36474299 0.0132587036052 
5383.36474299 0.0119186924108 
5386.36474299 0.0111358438046 
5389.36474299 0.0101696978749 
5392.36474299 0.00849467516606 
5395.36474299 0.00599755762264 
5398.36474299 0.00410402311074 
5401.36474299 0.00348752290027 
5404.36474299 0.00339495431839 
5407.36474299 0.00399900589378 
5410.36474299 0.00413909813646 
5413.36474299 0.003158331472 
5416.36474299 0.000337782103688 
5419.36474299 -0.000958751374943 
5422.36474299 -0.0018667733668 
5425.36474299 -0.0026961538738 
5428.36474299 -0.00228029186443 
5431.36474299 -0.000536929033148 
5434.36474299 0.000743157604518 
5437.36474299 0.00184703866311 
5440.36474299 0.0044094619527 
5443.36474299 0.00877713105918 
5446.36474299 0.0127289183475 
5449.36474299 0.0161836249522 
5452.36474299 0.01594758871 
5455.36474299 0.0134487264085 
5458.36474299 0.00956635809531 
5461.36474299 0.00443235483758 
5464.36474299 -0.000167098736148 
5467.36474299 -0.00352320169787 
5470.36474299 -0.00618863425356 
5473.36474299 -0.0082408337283 
5476.36474299 -0.0111034936758 
5479.36474299 -0.0150778783019 
5482.36474299 -0.0170728789752 
5485.36474299 -0.0165267564852 
5488.36474299 -0.0121108704103 
5491.36474299 -0.00656187408877 
5494.36474299 -0.000645039062293 
5497.36474299 0.0045774407438 
5500.36474299 0.00814578587845 
5503.36474299 0.00865102250063 
5506.36474299 0.00846729413792 
5509.36474299 0.00873910505219 
5512.36474299 0.00995953349533 
5515.36474299 0.0112285457656 
5518.36474299 0.0130615464685 
5521.36474299 0.0140399896941 
5524.36474299 0.0147975580603 
5527.36474299 0.0130949625742 
5530.36474299 0.0105049154008 
5533.36474299 0.00805771811745 
5536.36474299 0.00476050511592 
5539.36474299 0.000562503697852 
5542.36474299 -0.00320897145143 
5545.36474299 -0.00572748195825 
5548.36474299 -0.00666886056342 
5551.36474299 -0.00617903042463 
5554.36474299 -0.00458825053178 
5557.36474299 -0.00143680591526 
5560.36474299 0.00304349675532 
5563.36474299 0.00412272313537 
5566.36474299 0.00427150139978 
5569.36474299 0.0031867972294 
5572.36474299 0.00302132464623 
5575.36474299 0.00339064286953 
5578.36474299 0.00247443832933 
5581.36474299 0.0021781644856 
5584.36474299 0.000581493260946 
5587.36474299 -0.00182101202788 
5590.36474299 -0.00411336361484 
5593.36474299 -0.00618958930128 
5596.36474299 -0.0070628362385 
5599.36474299 -0.00793238659165 
5602.36474299 -0.00949812500636 
5605.36474299 -0.0106538563613 
5608.36474299 -0.0115141483508 
5611.36474299 -0.0110859140363 
5614.36474299 -0.00838637180314 
5617.36474299 -0.00309522568988 
5620.36474299 0.00273925013831 
5623.36474299 0.00825140000024 
5626.36474299 0.0147782046097 
5629.36474299 0.0214334325008 
5632.36474299 0.0266487938866 
5635.36474299 0.0317435382384 
5638.36474299 0.0348811679416 
5641.36474299 0.036086490995 
5644.36474299 0.0325357059552 
5647.36474299 0.0263983960087 
5650.36474299 0.0182508331498 
5653.36474299 0.0102839750402 
5656.36474299 0.0064079450111 
5659.36474299 0.00567682903709 
5662.36474299 0.00395209155131 
5665.36474299 0.000865576644138 
5668.36474299 -0.00332076116114 
5671.36474299 -0.00795437434695 
5674.36474299 -0.00982112658437 
5677.36474299 -0.00988290993177 
5680.36474299 -0.00876301082646 
5683.36474299 -0.00807858337473 
5686.36474299 -0.00611292030957 
5689.36474299 -0.00273454832426 
5692.36474299 0.00272548778437 
5695.36474299 0.00893159576649 
5698.36474299 0.0133665278595 
5701.36474299 0.0176630731145 
5704.36474299 0.0179384121061 
5707.36474299 0.0165501086699 
5710.36474299 0.0131270190047 
5713.36474299 0.00823317485829 
5716.36474299 0.00141946200029 
5719.36474299 -0.00853985240983 
5722.36474299 -0.0207927053495 
5725.36474299 -0.032201208941 
5728.36474299 -0.0380194146226 
5731.36474299 -0.0359146542442 
5734.36474299 -0.0253635996849 
5737.36474299 -0.00871922231082 
5740.36474299 0.0102282188469 
5743.36474299 0.0256380892756 
5746.36474299 0.0337253256574 
5749.36474299 0.0374742387286 
5752.36474299 0.0392747487924 
5755.36474299 0.0400154094331 
5758.36474299 0.0348016369761 
5761.36474299 0.0282819635305 
5764.36474299 0.0198917847423 
5767.36474299 0.0125956247452 
5770.36474299 0.00186626520534 
5773.36474299 -0.00420290620617 
5776.36474299 -0.00890145471382 
5779.36474299 -0.00923703777786 
5782.36474299 -0.0111845269398 
5785.36474299 -0.0104543771064 
5788.36474299 -0.00702218701967 
5791.36474299 -0.00197318683923 
5794.36474299 0.00350296424713 
5797.36474299 0.00824364499157 
5800.36474299 0.0105132593907 
5803.36474299 0.0128765535127 
5806.36474299 0.0107584309179 
5809.36474299 0.0062076142424 
5812.36474299 -0.000144404814042 
5815.36474299 -0.00741998922446 
5818.36474299 -0.00922477006305 
5821.36474299 -0.00601514729865 
5824.36474299 -0.00151107249709 
5827.36474299 0.000317834983755 
5830.36474299 0.0044797480245 
5833.36474299 0.00616571839048 
5836.36474299 0.00481500833735 
5839.36474299 -0.00109209047146 
5842.36474299 -0.00733797767042 
5845.36474299 -0.0111946479102 
5848.36474299 -0.0147775622768 
5851.36474299 -0.0174023271254 
5854.36474299 -0.0166381674509 
5857.36474299 -0.0097703843916 
5860.36474299 0.00197638688299 
5863.36474299 0.0148381222334 
5866.36474299 0.0260534653094 
5869.36474299 0.0332251046205 
5872.36474299 0.0351710629593 
5875.36474299 0.0321912253116 
5878.36474299 0.0263732330366 
5881.36474299 0.0201737013082 
5884.36474299 0.014855057427 
5887.36474299 0.0120832564309 
5890.36474299 0.0104745947484 
5893.36474299 0.00736132774214 
5896.36474299 0.00471183888419 
5899.36474299 -5.13547259113e-05 
5902.36474299 -0.00525100294295 
5905.36474299 -0.00837330909561 
5908.36474299 -0.0110203686037 
5911.36474299 -0.00948844035757 
5914.36474299 -0.00319994049267 
5917.36474299 0.00842136204725 
5920.36474299 0.0199515386133 
5923.36474299 0.0293866072275 
5926.36474299 0.0324896249024 
5929.36474299 0.032169692366 
5932.36474299 0.0273847553544 
5935.36474299 0.0192836813453 
5938.36474299 0.00348216158562 
5941.36474299 -0.0136009350269 
5944.36474299 -0.0294617707512 
5947.36474299 -0.0396335002155 
5950.36474299 -0.0442469089652 
5953.36474299 -0.0415038217325 
5956.36474299 -0.0335890242886 
5959.36474299 -0.0257876831339 
5962.36474299 -0.0204367641332 
5965.36474299 -0.016892715138 
5968.36474299 -0.0102774439506 
5971.36474299 0.00272192088185 
5974.36474299 0.0200241961933 
5977.36474299 0.0379410669021 
5980.36474299 0.0510478672084 
5983.36474299 0.0557729658315 
5986.36474299 0.0522777066749 
5989.36474299 0.0392711229917 
5992.36474299 0.0250865576657 
5995.36474299 0.0139040285083 
5998.36474299 0.0050910741794 
