1.36474298503 nan 
4.36474298503 nan 
7.36474298503 nan 
10.364742985 nan 
13.364742985 nan 
16.364742985 nan 
19.364742985 nan 
22.364742985 nan 
25.364742985 nan 
28.364742985 nan 
31.364742985 nan 
34.364742985 nan 
37.364742985 nan 
40.364742985 nan 
43.364742985 nan 
46.364742985 nan 
49.364742985 nan 
52.364742985 nan 
55.364742985 nan 
58.364742985 nan 
61.364742985 nan 
64.364742985 nan 
67.364742985 nan 
70.364742985 nan 
73.364742985 nan 
76.364742985 nan 
79.364742985 nan 
82.364742985 nan 
85.364742985 nan 
88.364742985 nan 
91.364742985 nan 
94.364742985 nan 
97.364742985 nan 
100.364742985 nan 
103.364742985 nan 
106.364742985 nan 
109.364742985 nan 
112.364742985 nan 
115.364742985 nan 
118.364742985 nan 
121.364742985 nan 
124.364742985 nan 
127.364742985 nan 
130.364742985 nan 
133.364742985 nan 
136.364742985 nan 
139.364742985 nan 
142.364742985 nan 
145.364742985 nan 
148.364742985 nan 
151.364742985 nan 
154.364742985 nan 
157.364742985 nan 
160.364742985 nan 
163.364742985 nan 
166.364742985 nan 
169.364742985 nan 
172.364742985 nan 
175.364742985 nan 
178.364742985 nan 
181.364742985 nan 
184.364742985 nan 
187.364742985 nan 
190.364742985 nan 
193.364742985 nan 
196.364742985 nan 
199.364742985 nan 
202.364742985 nan 
205.364742985 nan 
208.364742985 nan 
211.364742985 nan 
214.364742985 nan 
217.364742985 nan 
220.364742985 nan 
223.364742985 nan 
226.364742985 nan 
229.364742985 nan 
232.364742985 nan 
235.364742985 nan 
238.364742985 nan 
241.364742985 nan 
244.364742985 nan 
247.364742985 nan 
250.364742985 nan 
253.364742985 nan 
256.364742985 nan 
259.364742985 nan 
262.364742985 nan 
265.364742985 nan 
268.364742985 nan 
271.364742985 nan 
274.364742985 nan 
277.364742985 nan 
280.364742985 nan 
283.364742985 nan 
286.364742985 nan 
289.364742985 nan 
292.364742985 nan 
295.364742985 nan 
298.364742985 nan 
301.364742985 nan 
304.364742985 nan 
307.364742985 nan 
310.364742985 nan 
313.364742985 nan 
316.364742985 nan 
319.364742985 nan 
322.364742985 nan 
325.364742985 nan 
328.364742985 nan 
331.364742985 nan 
334.364742985 nan 
337.364742985 nan 
340.364742985 nan 
343.364742985 nan 
346.364742985 nan 
349.364742985 nan 
352.364742985 nan 
355.364742985 nan 
358.364742985 nan 
361.364742985 nan 
364.364742985 nan 
367.364742985 nan 
370.364742985 nan 
373.364742985 nan 
376.364742985 nan 
379.364742985 nan 
382.364742985 nan 
385.364742985 nan 
388.364742985 nan 
391.364742985 nan 
394.364742985 nan 
397.364742985 nan 
400.364742985 nan 
403.364742985 nan 
406.364742985 nan 
409.364742985 nan 
412.364742985 nan 
415.364742985 nan 
418.364742985 nan 
421.364742985 nan 
424.364742985 nan 
427.364742985 nan 
430.364742985 nan 
433.364742985 nan 
436.364742985 nan 
439.364742985 nan 
442.364742985 nan 
445.364742985 nan 
448.364742985 nan 
451.364742985 nan 
454.364742985 nan 
457.364742985 nan 
460.364742985 nan 
463.364742985 nan 
466.364742985 nan 
469.364742985 nan 
472.364742985 nan 
475.364742985 nan 
478.364742985 nan 
481.364742985 nan 
484.364742985 nan 
487.364742985 nan 
490.364742985 nan 
493.364742985 nan 
496.364742985 nan 
499.364742985 nan 
502.364742985 nan 
505.364742985 nan 
508.364742985 nan 
511.364742985 nan 
514.364742985 nan 
517.364742985 nan 
520.364742985 nan 
523.364742985 nan 
526.364742985 nan 
529.364742985 nan 
532.364742985 nan 
535.364742985 nan 
538.364742985 nan 
541.364742985 nan 
544.364742985 nan 
547.364742985 nan 
550.364742985 nan 
553.364742985 nan 
556.364742985 nan 
559.364742985 nan 
562.364742985 nan 
565.364742985 nan 
568.364742985 nan 
571.364742985 nan 
574.364742985 nan 
577.364742985 nan 
580.364742985 nan 
583.364742985 nan 
586.364742985 nan 
589.364742985 nan 
592.364742985 nan 
595.364742985 nan 
598.364742985 nan 
601.364742985 nan 
604.364742985 nan 
607.364742985 nan 
610.364742985 nan 
613.364742985 nan 
616.364742985 nan 
619.364742985 nan 
622.364742985 nan 
625.364742985 nan 
628.364742985 nan 
631.364742985 nan 
634.364742985 nan 
637.364742985 nan 
640.364742985 nan 
643.364742985 nan 
646.364742985 nan 
649.364742985 nan 
652.364742985 nan 
655.364742985 nan 
658.364742985 nan 
661.364742985 nan 
664.364742985 nan 
667.364742985 nan 
670.364742985 nan 
673.364742985 nan 
676.364742985 nan 
679.364742985 nan 
682.364742985 nan 
685.364742985 nan 
688.364742985 nan 
691.364742985 nan 
694.364742985 nan 
697.364742985 nan 
700.364742985 nan 
703.364742985 nan 
706.364742985 nan 
709.364742985 nan 
712.364742985 nan 
715.364742985 nan 
718.364742985 nan 
721.364742985 nan 
724.364742985 nan 
727.364742985 nan 
730.364742985 nan 
733.364742985 nan 
736.364742985 nan 
739.364742985 nan 
742.364742985 nan 
745.364742985 nan 
748.364742985 nan 
751.364742985 nan 
754.364742985 nan 
757.364742985 nan 
760.364742985 nan 
763.364742985 nan 
766.364742985 nan 
769.364742985 nan 
772.364742985 nan 
775.364742985 nan 
778.364742985 nan 
781.364742985 nan 
784.364742985 nan 
787.364742985 nan 
790.364742985 nan 
793.364742985 nan 
796.364742985 nan 
799.364742985 nan 
802.364742985 nan 
805.364742985 nan 
808.364742985 nan 
811.364742985 nan 
814.364742985 nan 
817.364742985 nan 
820.364742985 nan 
823.364742985 nan 
826.364742985 nan 
829.364742985 nan 
832.364742985 nan 
835.364742985 nan 
838.364742985 -0.920375817071 
841.364742985 -1.1435900013 
844.364742985 -1.17341784782 
847.364742985 -1.00872909041 
850.364742985 -0.804988431689 
853.364742985 -0.641959448637 
856.364742985 -0.535271866621 
859.364742985 -0.443448553152 
862.364742985 -0.375532667871 
865.364742985 -0.331418579087 
868.364742985 -0.29747864427 
871.364742985 -0.25760500725 
874.364742985 -0.19578853522 
877.364742985 -0.158220254809 
880.364742985 -0.159692349994 
883.364742985 -0.138072439304 
886.364742985 -0.143163822893 
889.364742985 -0.130907429961 
892.364742985 -0.102811850837 
895.364742985 -0.10504963371 
898.364742985 -0.100950740489 
901.364742985 -0.0700427619818 
904.364742985 -0.0676243547772 
907.364742985 -0.108182053786 
910.364742985 -0.104380316293 
913.364742985 -0.090272980151 
916.364742985 -0.0667500607322 
919.364742985 -0.0426509664335 
922.364742985 -0.0324447149407 
925.364742985 -0.0357980039037 
928.364742985 -0.0374578759356 
931.364742985 -0.0342671901612 
934.364742985 -0.0542652978728 
937.364742985 -0.0661963290349 
940.364742985 -0.0578911838179 
943.364742985 -0.0447788332094 
946.364742985 -0.0508953796437 
949.364742985 -0.0518518454835 
952.364742985 -0.0481273915668 
955.364742985 -0.0417485862217 
958.364742985 -0.0364986574205 
961.364742985 -0.0245119378629 
964.364742985 -0.0127316189985 
967.364742985 -0.0200734222373 
970.364742985 -0.0230295490051 
973.364742985 -0.0389421716869 
976.364742985 -0.0521239119098 
979.364742985 -0.047695501266 
982.364742985 -0.0390929827701 
985.364742985 -0.0260109604267 
988.364742985 -0.0117204060005 
991.364742985 -0.00431830890754 
994.364742985 -0.00987134082551 
997.364742985 -0.0201190589284 
1000.36474299 -0.0227426603109 
1003.36474299 -0.0199704477655 
1006.36474299 -0.0142612828332 
1009.36474299 -0.0131049305949 
1012.36474299 -0.0207963901825 
1015.36474299 -0.0354071795212 
1018.36474299 -0.0317648485616 
1021.36474299 -0.0253034141224 
1024.36474299 -0.0233237433882 
1027.36474299 -0.0254443799519 
1030.36474299 -0.0240862632804 
1033.36474299 -0.0230461427529 
1036.36474299 -0.0149066153478 
1039.36474299 -0.00734551158072 
1042.36474299 -0.00978562496133 
1045.36474299 -0.0278740376065 
1048.36474299 -0.0294693549648 
1051.36474299 -0.0223080484134 
1054.36474299 -0.0150362252821 
1057.36474299 -0.0129645774576 
1060.36474299 -0.00984591076835 
1063.36474299 -0.00348365366306 
1066.36474299 0.00612977259467 
1069.36474299 0.0171733867767 
1072.36474299 0.00649171442151 
1075.36474299 -0.00621242721763 
1078.36474299 -0.00991212592657 
1081.36474299 -0.00932193460213 
1084.36474299 -0.00975253181156 
1087.36474299 -0.00659216986249 
1090.36474299 -0.00870436192899 
1093.36474299 -0.00488599350479 
1096.36474299 -0.00355588641348 
1099.36474299 -0.00384508741043 
1102.36474299 -0.00447965285822 
1105.36474299 -0.00104407493134 
1108.36474299 -0.0109074932829 
1111.36474299 -0.0188849791339 
1114.36474299 -0.0267866354425 
1117.36474299 -0.0302266580935 
1120.36474299 -0.0293923843942 
1123.36474299 -0.0177524686148 
1126.36474299 -0.00384368027172 
1129.36474299 -0.00443974683731 
1132.36474299 -0.0119039850182 
1135.36474299 -0.0243804643231 
1138.36474299 -0.0264504427833 
1141.36474299 -0.0181733848431 
1144.36474299 -0.0107700226849 
1147.36474299 -0.00534321896207 
1150.36474299 -0.00471730557204 
1153.36474299 -0.0115167857314 
1156.36474299 -0.0206063912159 
1159.36474299 -0.0235197627219 
1162.36474299 -0.0149976745098 
1165.36474299 -0.00830576900869 
1168.36474299 -0.0114962006046 
1171.36474299 -0.0192734371036 
1174.36474299 -0.0136568697234 
1177.36474299 -0.00962969812007 
1180.36474299 -0.0158430310566 
1183.36474299 -0.0215648860437 
1186.36474299 -0.0243677376401 
1189.36474299 -0.0201539246678 
1192.36474299 -0.0102644661337 
1195.36474299 -0.00649950460335 
1198.36474299 -0.00447710913104 
1201.36474299 -0.00630244191693 
1204.36474299 -0.00762309279193 
1207.36474299 -0.00624425169491 
1210.36474299 -0.00789609768061 
1213.36474299 0.00108180163542 
1216.36474299 0.0150041011184 
1219.36474299 0.0140850849809 
1222.36474299 0.00832113015731 
1225.36474299 0.00559360918095 
1228.36474299 0.00196833606678 
1231.36474299 0.00192685266862 
1234.36474299 0.00644679586783 
1237.36474299 0.0182024910536 
1240.36474299 0.0224673750306 
1243.36474299 0.0254565516601 
1246.36474299 0.0212219093721 
1249.36474299 0.0143226907993 
1252.36474299 0.0123136652259 
1255.36474299 0.00899139991149 
1258.36474299 0.00382013546409 
1261.36474299 -0.00279567160934 
1264.36474299 -0.00664167472825 
1267.36474299 -0.00729251980803 
1270.36474299 0.00246160256143 
1273.36474299 0.0104672550505 
1276.36474299 0.00995557268697 
1279.36474299 0.0030691862424 
1282.36474299 -0.00305602751144 
1285.36474299 -0.00240038439667 
1288.36474299 -0.00880432788216 
1291.36474299 -0.0116548268435 
1294.36474299 -0.00924524817861 
1297.36474299 -0.00684066484229 
1300.36474299 -0.00358827807505 
1303.36474299 -0.00488452892619 
1306.36474299 -0.00499391946211 
1309.36474299 -0.00408484625377 
1312.36474299 -0.0076724894376 
1315.36474299 -0.0111136109388 
1318.36474299 -0.00781885461732 
1321.36474299 -0.00228858693487 
1324.36474299 0.00535626919545 
1327.36474299 0.0075883952099 
1330.36474299 0.00591304881457 
1333.36474299 0.00236852911829 
1336.36474299 0.00557980362681 
1339.36474299 0.00741483404307 
1342.36474299 0.00802890870979 
1345.36474299 0.0068233507372 
1348.36474299 0.000961192144345 
1351.36474299 -0.00147213000914 
1354.36474299 0.0085076294526 
1357.36474299 0.0193537752616 
1360.36474299 0.0204792509196 
1363.36474299 0.0154231648407 
1366.36474299 0.00449679769598 
1369.36474299 0.00248356097347 
1372.36474299 0.00764359189763 
1375.36474299 0.00783298871657 
1378.36474299 0.0118475573963 
1381.36474299 0.00837044355675 
1384.36474299 -0.000318289274829 
1387.36474299 -0.00451257840558 
1390.36474299 -0.00294878278574 
1393.36474299 0.00402901717221 
1396.36474299 0.00527695496606 
1399.36474299 0.00710287547031 
1402.36474299 0.00950489204799 
1405.36474299 0.0142607034394 
1408.36474299 0.0189563866367 
1411.36474299 0.0152937680168 
1414.36474299 0.00555041881893 
1417.36474299 0.00125183954447 
1420.36474299 0.006782193803 
1423.36474299 0.0120637589451 
1426.36474299 0.012122678404 
1429.36474299 0.0118241518873 
1432.36474299 0.0099889599734 
1435.36474299 0.00320196480556 
1438.36474299 -0.00301808859885 
1441.36474299 -0.00293763445114 
1444.36474299 -0.00504370070534 
1447.36474299 -0.00665296236154 
1450.36474299 -0.00324902694956 
1453.36474299 -0.00123310234515 
1456.36474299 -0.00322562976524 
1459.36474299 -0.00367809104099 
1462.36474299 -0.00566019339744 
1465.36474299 -0.00801251641791 
1468.36474299 -0.00820561713894 
1471.36474299 -0.00863587470377 
1474.36474299 -0.0111636774391 
1477.36474299 -0.0116003116648 
1480.36474299 -0.0135503966903 
1483.36474299 -0.0106000172419 
1486.36474299 -0.00850639796343 
1489.36474299 -0.00635148892845 
1492.36474299 -0.000979811550259 
1495.36474299 0.00808732258667 
1498.36474299 0.0094786839161 
1501.36474299 0.00439412624046 
1504.36474299 0.00126916752393 
1507.36474299 0.0033728412816 
1510.36474299 0.00141426333745 
1513.36474299 0.000784402758239 
1516.36474299 0.004408265057 
1519.36474299 0.00630528782792 
1522.36474299 0.00928944304509 
1525.36474299 0.0090666639345 
1528.36474299 0.00926627229051 
1531.36474299 0.0109217228378 
1534.36474299 0.00921653267039 
1537.36474299 0.00604322482321 
1540.36474299 0.00632220457102 
1543.36474299 0.00845028723214 
1546.36474299 0.00958273614903 
1549.36474299 0.00393281700082 
1552.36474299 0.000140685523844 
1555.36474299 -0.00161296958186 
1558.36474299 -0.00170048939176 
1561.36474299 -0.000773720047526 
1564.36474299 0.000379735603614 
1567.36474299 0.000670384564606 
1570.36474299 0.00240581787785 
1573.36474299 0.00428404448337 
1576.36474299 0.00532594370522 
1579.36474299 0.00294341534657 
1582.36474299 -0.00368580879862 
1585.36474299 -0.0120879758272 
1588.36474299 -0.0141846596768 
1591.36474299 -0.0128379499581 
1594.36474299 -0.00869459936656 
1597.36474299 -0.0060029436393 
1600.36474299 -0.00780134127627 
1603.36474299 -0.0081752455858 
1606.36474299 -0.0100597248154 
1609.36474299 -0.0145960725159 
1612.36474299 -0.0152779601134 
1615.36474299 -0.0102913369055 
1618.36474299 -0.00702141404326 
1621.36474299 -0.00674493612203 
1624.36474299 -0.00810010365726 
1627.36474299 -0.00371643203285 
1630.36474299 0.00181444820308 
1633.36474299 0.00857286064043 
1636.36474299 0.00961051596967 
1639.36474299 0.00684077306239 
1642.36474299 0.00165959537689 
1645.36474299 -0.00393262470204 
1648.36474299 -0.00567757465448 
1651.36474299 -0.00400141522101 
1654.36474299 -0.00179233717296 
1657.36474299 -0.000593552043959 
1660.36474299 0.00551131473666 
1663.36474299 0.0102078165218 
1666.36474299 0.0107389907117 
1669.36474299 0.00810652360622 
1672.36474299 0.00775911324062 
1675.36474299 0.00699291164538 
1678.36474299 -0.00202400753548 
1681.36474299 -0.0110936174152 
1684.36474299 -0.00900158924957 
1687.36474299 0.00106772677974 
1690.36474299 0.00608780484223 
1693.36474299 0.00595766268705 
1696.36474299 0.0030720959755 
1699.36474299 0.000435415986603 
1702.36474299 0.00174431963977 
1705.36474299 -0.00104838292354 
1708.36474299 -0.00126429123749 
1711.36474299 0.00100210357155 
1714.36474299 0.00388080031893 
1717.36474299 0.00108061912278 
1720.36474299 -0.00198582873502 
1723.36474299 0.00128123781049 
1726.36474299 0.00953678312225 
1729.36474299 0.0129273885935 
1732.36474299 0.0105518687347 
1735.36474299 0.00459969336134 
1738.36474299 0.00584452218613 
1741.36474299 0.00871890559967 
1744.36474299 0.0107444794129 
1747.36474299 0.00951169936939 
1750.36474299 0.00411380817082 
1753.36474299 0.004567947413 
1756.36474299 0.00781559968988 
1759.36474299 0.0103671020708 
1762.36474299 0.00996881771652 
1765.36474299 0.00539113326993 
1768.36474299 -0.00156537299709 
1771.36474299 -0.0058675652965 
1774.36474299 -0.00248074836098 
1777.36474299 9.84870406078e-05 
1780.36474299 0.0022930585059 
1783.36474299 0.00376623131277 
1786.36474299 0.00328475817223 
1789.36474299 0.00196116939917 
1792.36474299 0.00443815738937 
1795.36474299 0.0041437995662 
1798.36474299 0.000973066663529 
1801.36474299 -0.00135395241782 
1804.36474299 -0.00296784700399 
1807.36474299 -0.00231573616534 
1810.36474299 -0.00323814583534 
1813.36474299 -0.00538136959756 
1816.36474299 -0.0024758265666 
1819.36474299 -0.000126388227306 
1822.36474299 -0.00188615344992 
1825.36474299 -0.00484110991453 
1828.36474299 -0.00423247011643 
1831.36474299 -0.00221604131738 
1834.36474299 -0.00239929664598 
1837.36474299 -0.00413975185719 
1840.36474299 -0.00513857920415 
1843.36474299 -0.00543841213161 
1846.36474299 -0.00522017992988 
1849.36474299 -0.00648995404131 
1852.36474299 -0.00786109375246 
1855.36474299 -0.0075529733857 
1858.36474299 -0.00481617323001 
1861.36474299 0.000353596566094 
1864.36474299 0.00322212371168 
1867.36474299 0.00649461139018 
1870.36474299 0.0089246525324 
1873.36474299 0.0070594004062 
1876.36474299 0.002363406978 
1879.36474299 -0.000481313377155 
1882.36474299 -0.000195201283458 
1885.36474299 0.00215583931156 
1888.36474299 0.00191417551707 
1891.36474299 0.000990510493986 
1894.36474299 0.000569926314064 
1897.36474299 -0.000844688912119 
1900.36474299 -0.00347118587577 
1903.36474299 -0.00344075161047 
1906.36474299 -0.00102310805122 
1909.36474299 0.00216723530369 
1912.36474299 0.00462605966106 
1915.36474299 0.00643402756167 
1918.36474299 0.00442388038409 
1921.36474299 0.00114328216453 
1924.36474299 -0.00176289575765 
1927.36474299 -0.00537414992985 
1930.36474299 -0.00600031250358 
1933.36474299 -0.00477966753994 
1936.36474299 -0.000596902982049 
1939.36474299 0.00088330440841 
1942.36474299 0.00197271662194 
1945.36474299 0.00189289570052 
1948.36474299 -0.000356603315724 
1951.36474299 0.00314840890095 
1954.36474299 0.0044883687381 
1957.36474299 0.00221692886089 
1960.36474299 0.00466956830115 
1963.36474299 0.00579025397131 
1966.36474299 0.00845005081286 
1969.36474299 0.00934955348007 
1972.36474299 0.00783391996435 
1975.36474299 0.0050590940425 
1978.36474299 -0.00222891784364 
1981.36474299 -0.00842495263065 
1984.36474299 -0.0126465391355 
1987.36474299 -0.016320680143 
1990.36474299 -0.017481119216 
1993.36474299 -0.0141679882325 
1996.36474299 -0.0140226181227 
1999.36474299 -0.0168925228893 
2002.36474299 -0.0189262337436 
2005.36474299 -0.0188733757199 
2008.36474299 -0.0177118599957 
2011.36474299 -0.014993985037 
2014.36474299 -0.0158224659089 
2017.36474299 -0.0158113075848 
2020.36474299 -0.0120155882388 
2023.36474299 -0.00601666150742 
2026.36474299 -0.0083992950338 
2029.36474299 -0.0126265145333 
2032.36474299 -0.0151582376109 
2035.36474299 -0.0130060351882 
2038.36474299 -0.0102854508424 
2041.36474299 -0.00493056020442 
2044.36474299 0.00269189159157 
2047.36474299 0.00680526521709 
2050.36474299 0.00139154835595 
2053.36474299 0.000900901481295 
2056.36474299 0.00544599086804 
2059.36474299 0.0129043304988 
2062.36474299 0.0147259887963 
2065.36474299 0.0159146805285 
2068.36474299 0.0192107471456 
2071.36474299 0.0280793871772 
2074.36474299 0.0316391955979 
2077.36474299 0.031438747565 
2080.36474299 0.0292416066095 
2083.36474299 0.0239957335644 
2086.36474299 0.0169919222131 
2089.36474299 0.0103630862729 
2092.36474299 0.00537130290892 
2095.36474299 -0.00029403628462 
2098.36474299 -0.00287720240824 
2101.36474299 -0.00567239895912 
2104.36474299 -0.0118796515913 
2107.36474299 -0.0199657127202 
2110.36474299 -0.0296795194973 
2113.36474299 -0.0357743619755 
2116.36474299 -0.0367998622458 
2119.36474299 -0.0332074235243 
2122.36474299 -0.0311174570903 
2125.36474299 -0.0263111796166 
2128.36474299 -0.0232869774149 
2131.36474299 -0.0204275206047 
2134.36474299 -0.0169453431747 
2137.36474299 -0.0143784202629 
2140.36474299 -0.0108090074476 
2143.36474299 -0.00543883890726 
2146.36474299 -0.00074257777307 
2149.36474299 0.00355757214956 
2152.36474299 0.00955777116079 
2155.36474299 0.0115759504892 
2158.36474299 0.0138938639596 
2161.36474299 0.0182917287881 
2164.36474299 0.0191117440738 
2167.36474299 0.019551124315 
2170.36474299 0.0204264950112 
2173.36474299 0.026980960993 
2176.36474299 0.0285059918977 
2179.36474299 0.0262546742982 
2182.36474299 0.0234829923089 
2185.36474299 0.0193497883223 
2188.36474299 0.0124327639367 
2191.36474299 0.008201579142 
2194.36474299 0.00584449943216 
2197.36474299 0.0069492395652 
2200.36474299 0.00997054035843 
2203.36474299 0.0090474795642 
2206.36474299 0.0025154570425 
2209.36474299 -0.0027190429032 
2212.36474299 -0.00328386938002 
2215.36474299 -0.00132477170194 
2218.36474299 0.00127072145348 
2221.36474299 0.00126848795724 
2224.36474299 0.00269627783523 
2227.36474299 0.00321077170131 
2230.36474299 0.00282417733707 
2233.36474299 0.00260970980718 
2236.36474299 0.00329611101506 
2239.36474299 0.00348419892584 
2242.36474299 0.00257251483836 
2245.36474299 0.00010915862581 
2248.36474299 -0.00356771930955 
2251.36474299 -0.00675050251968 
2254.36474299 -0.00875434240819 
2257.36474299 -0.00821739925482 
2260.36474299 -0.00771379177521 
2263.36474299 -0.00794531229453 
2266.36474299 -0.00900742370008 
2269.36474299 -0.00838698180701 
2272.36474299 -0.00979823509966 
2275.36474299 -0.0134711851312 
2278.36474299 -0.0129212550116 
2281.36474299 -0.00777015557503 
2284.36474299 -0.00464440213453 
2287.36474299 -0.00511424577727 
2290.36474299 -0.00619387773855 
2293.36474299 -0.00508062318151 
2296.36474299 -0.0066791072263 
2299.36474299 -0.0104939637697 
2302.36474299 -0.0117680750095 
2305.36474299 -0.00463894145958 
2308.36474299 0.00281406319808 
2311.36474299 0.00533705596646 
2314.36474299 0.00500387515578 
2317.36474299 0.00176026795178 
2320.36474299 0.00210583011241 
2323.36474299 0.00365043053994 
2326.36474299 0.00571927546403 
2329.36474299 0.00896458075231 
2332.36474299 0.0073709477426 
2335.36474299 0.00209705471148 
2338.36474299 -0.00160754456404 
2341.36474299 -0.00282496734375 
2344.36474299 -0.00534634347042 
2347.36474299 -0.0079200953477 
2350.36474299 -0.0117052218889 
2353.36474299 -0.0152127494596 
2356.36474299 -0.0139557503141 
2359.36474299 -0.015249027055 
2362.36474299 -0.0165617956224 
2365.36474299 -0.0134247537161 
2368.36474299 -0.0108812818211 
2371.36474299 -0.0127755818855 
2374.36474299 -0.0105689675095 
2377.36474299 -0.00601989645577 
2380.36474299 -0.00304540446052 
2383.36474299 -7.44720045328e-05 
2386.36474299 0.00405381705544 
2389.36474299 0.00562078851881 
2392.36474299 0.00238411170187 
2395.36474299 -0.00051725229916 
2398.36474299 0.000543650613989 
2401.36474299 0.00252958919934 
2404.36474299 0.00567687982598 
2407.36474299 0.00909851949037 
2410.36474299 0.0095100932722 
2413.36474299 0.00701503460746 
2416.36474299 0.00607790464604 
2419.36474299 0.00752913555136 
2422.36474299 0.0102396232399 
2425.36474299 0.0106164555967 
2428.36474299 0.00825592838315 
2431.36474299 0.0052054597772 
2434.36474299 0.0028526189652 
2437.36474299 -0.000150036875928 
2440.36474299 -0.00575842172439 
2443.36474299 -0.0100828739259 
2446.36474299 -0.0107856030486 
2449.36474299 -0.00814622761629 
2452.36474299 -0.00252804498184 
2455.36474299 -0.00242919785795 
2458.36474299 -0.0014277102391 
2461.36474299 -0.000462242048291 
2464.36474299 0.00134645789882 
2467.36474299 0.00269323157832 
2470.36474299 0.00105016522524 
2473.36474299 -0.00421364620229 
2476.36474299 -0.00710422516912 
2479.36474299 -0.00406714699614 
2482.36474299 0.000340629162704 
2485.36474299 0.00416798342735 
2488.36474299 0.00509651377613 
2491.36474299 0.00152041920251 
2494.36474299 0.000225860452314 
2497.36474299 0.00282614694278 
2500.36474299 0.00322108563124 
2503.36474299 0.00102045173351 
2506.36474299 -0.00462797376928 
2509.36474299 -0.00956761308461 
2512.36474299 -0.00801839637635 
2515.36474299 -0.00394916572717 
2518.36474299 -0.0013671438923 
2521.36474299 -0.00435424269603 
2524.36474299 -0.00483664625189 
2527.36474299 -0.00319169943593 
2530.36474299 -0.00305660773763 
2533.36474299 -0.00388581951139 
2536.36474299 -0.00201281646781 
2539.36474299 -0.00384624342302 
2542.36474299 -0.00783253197228 
2545.36474299 -0.0117542583559 
2548.36474299 -0.014673077495 
2551.36474299 -0.0144866070584 
2554.36474299 -0.0122839540928 
2557.36474299 -0.0101510359359 
2560.36474299 -0.00971010620487 
2563.36474299 -0.00996780766231 
2566.36474299 -0.0101418200237 
2569.36474299 -0.00864141002283 
2572.36474299 -0.00601697839805 
2575.36474299 -0.00272458543694 
2578.36474299 -0.001466772837 
2581.36474299 -0.000684016689112 
2584.36474299 -0.00234252993443 
2587.36474299 -0.00226847936392 
2590.36474299 0.00201724086599 
2593.36474299 0.00520030295098 
2596.36474299 0.00690437262418 
2599.36474299 0.00769925032443 
2602.36474299 0.00681087212791 
2605.36474299 0.00733951896238 
2608.36474299 0.00520868362605 
2611.36474299 0.00475145650385 
2614.36474299 0.00516558538986 
2617.36474299 0.00597552122246 
2620.36474299 0.00708145344145 
2623.36474299 0.00563685781533 
2626.36474299 0.00564415739941 
2629.36474299 0.00365398404385 
2632.36474299 0.000201772254947 
2635.36474299 0.00243774752286 
2638.36474299 0.00708398301678 
2641.36474299 0.00844510154723 
2644.36474299 0.00887775826829 
2647.36474299 0.00971011397452 
2650.36474299 0.00781911212565 
2653.36474299 0.00197002582642 
2656.36474299 0.00404393767081 
2659.36474299 0.0121854038804 
2662.36474299 0.0199956036651 
2665.36474299 0.0216315940196 
2668.36474299 0.0190358501543 
2671.36474299 0.0175374913405 
2674.36474299 0.0143147280203 
2677.36474299 0.0120863497509 
2680.36474299 0.0136263660863 
2683.36474299 0.0125338181955 
2686.36474299 0.00682199548864 
2689.36474299 0.000379065020577 
2692.36474299 -0.0057391996158 
2695.36474299 -0.00871156439248 
2698.36474299 -0.008719074867 
2701.36474299 -0.0111094020096 
2704.36474299 -0.00972730043539 
2707.36474299 -0.00848561915041 
2710.36474299 -0.00703232151878 
2713.36474299 -0.00972577425458 
2716.36474299 -0.00836685508943 
2719.36474299 -0.00748550897912 
2722.36474299 -0.00243954924868 
2725.36474299 -0.00357723574064 
2728.36474299 -0.0011345740543 
2731.36474299 0.0027298760121 
2734.36474299 0.010514648792 
2737.36474299 0.013876694148 
2740.36474299 0.0165028017968 
2743.36474299 0.0227031594216 
2746.36474299 0.024776749658 
2749.36474299 0.0259534938919 
2752.36474299 0.0255417869161 
2755.36474299 0.029076796841 
2758.36474299 0.0330931297857 
2761.36474299 0.0353751263943 
2764.36474299 0.0399134886535 
2767.36474299 0.0422135574629 
2770.36474299 0.0409239779643 
2773.36474299 0.0368903830821 
2776.36474299 0.0328746561699 
2779.36474299 0.029723047284 
2782.36474299 0.0269740815248 
2785.36474299 0.0284876732881 
2788.36474299 0.0272140082481 
2791.36474299 0.0240799765254 
2794.36474299 0.0171595068559 
2797.36474299 0.0107805339084 
2800.36474299 0.00574993116429 
2803.36474299 0.000885158301866 
2806.36474299 0.00163303025743 
2809.36474299 0.00349026896316 
2812.36474299 0.00328510253412 
2815.36474299 -0.00183984621045 
2818.36474299 -0.00965869555551 
2821.36474299 -0.0149090394779 
2824.36474299 -0.0149210191649 
2827.36474299 -0.0100634253876 
2830.36474299 -0.00360580889781 
2833.36474299 0.00197456080334 
2836.36474299 0.00450640958274 
2839.36474299 0.00666663638665 
2842.36474299 0.00728582015175 
2845.36474299 0.00997649190862 
2848.36474299 0.0127401700508 
2851.36474299 0.0134178231903 
2854.36474299 0.0147347019013 
2857.36474299 0.018216621823 
2860.36474299 0.0243805886375 
2863.36474299 0.0272564793627 
2866.36474299 0.0243223540175 
2869.36474299 0.0187705033635 
2872.36474299 0.0171015874616 
2875.36474299 0.0181749998199 
2878.36474299 0.0197868043708 
2881.36474299 0.0210791210053 
2884.36474299 0.0187833166226 
2887.36474299 0.0176928354581 
2890.36474299 0.0174165467833 
2893.36474299 0.0161649342236 
2896.36474299 0.0131452173285 
2899.36474299 0.0102858626337 
2902.36474299 0.00983662381936 
2905.36474299 0.0120262093473 
2908.36474299 0.0154950684911 
2911.36474299 0.0158783152471 
2914.36474299 0.0123766271216 
2917.36474299 0.00713979905643 
2920.36474299 0.006496203613 
2923.36474299 0.00689408727546 
2926.36474299 0.00466887402762 
2929.36474299 0.0010436269279 
2932.36474299 -0.0039519974863 
2935.36474299 -0.00318015429431 
2938.36474299 -0.00302345298566 
2941.36474299 -0.00531291955565 
2944.36474299 -0.00598144224904 
2947.36474299 -0.00485769145283 
2950.36474299 -0.0030121758969 
2953.36474299 -0.00405455988926 
2956.36474299 -0.00249737762711 
2959.36474299 -0.000443427846209 
2962.36474299 0.0041030594181 
2965.36474299 0.00647011147085 
2968.36474299 0.00491942574419 
2971.36474299 0.00201930551114 
2974.36474299 0.00269529081247 
2977.36474299 0.00488280961413 
2980.36474299 0.0064620171628 
2983.36474299 0.00779971741988 
2986.36474299 0.00728439886118 
2989.36474299 0.00729323794547 
2992.36474299 0.0070498798128 
2995.36474299 0.00903392763356 
2998.36474299 0.00941693186555 
3001.36474299 0.00804554408065 
3004.36474299 0.00737427037697 
3007.36474299 0.00614539014167 
3010.36474299 0.00528749560321 
3013.36474299 0.00498559872432 
3016.36474299 0.00610001428873 
3019.36474299 0.00929621429313 
3022.36474299 0.0113076445725 
3025.36474299 0.0120808277513 
3028.36474299 0.0100515800046 
3031.36474299 0.00496645320226 
3034.36474299 0.000498832857619 
3037.36474299 -0.0040617412637 
3040.36474299 -0.00558728635259 
3043.36474299 -0.00558258682563 
3046.36474299 -0.00104399161574 
3049.36474299 0.00473017599358 
3052.36474299 0.00743502236286 
3055.36474299 0.00831035587575 
3058.36474299 0.00901995780686 
3061.36474299 0.0113961031224 
3064.36474299 0.0147454084759 
3067.36474299 0.0173196248672 
3070.36474299 0.0139711741749 
3073.36474299 0.0113769021028 
3076.36474299 0.0125937998763 
3079.36474299 0.0169181227687 
3082.36474299 0.0207016226787 
3085.36474299 0.0228633140612 
3088.36474299 0.0210261231279 
3091.36474299 0.0175300624473 
3094.36474299 0.0132161209142 
3097.36474299 0.0131884365493 
3100.36474299 0.0140117883437 
3103.36474299 0.0149804447609 
3106.36474299 0.0162828341887 
3109.36474299 0.0144882364645 
3112.36474299 0.012662145028 
3115.36474299 0.00914480272718 
3118.36474299 0.00483630882718 
3121.36474299 0.00104605674649 
3124.36474299 0.000337804861053 
3127.36474299 -0.00152896900616 
3130.36474299 -0.00327985885433 
3133.36474299 -0.00217834159895 
3136.36474299 -0.00308878268153 
3139.36474299 -0.00221512560889 
3142.36474299 0.00196383508207 
3145.36474299 0.00764198524547 
3148.36474299 0.0112627926158 
3151.36474299 0.00861196638762 
3154.36474299 0.00537117581968 
3157.36474299 0.00544924912533 
3160.36474299 0.00848527895083 
3163.36474299 0.012364639665 
3166.36474299 0.0127439416599 
3169.36474299 0.0122093577045 
3172.36474299 0.0132542765445 
3175.36474299 0.0149004440276 
3178.36474299 0.0146027144548 
3181.36474299 0.0124617769114 
3184.36474299 0.00982930259126 
3187.36474299 0.00690821360506 
3190.36474299 0.00301801117986 
3193.36474299 -0.00162870200865 
3196.36474299 -0.00544506128518 
3199.36474299 -0.0071413768499 
3202.36474299 -0.00931318819864 
3205.36474299 -0.0122137963933 
3208.36474299 -0.0121112437024 
3211.36474299 -0.00889320210817 
3214.36474299 -0.00772863069251 
3217.36474299 -0.00516896851649 
3220.36474299 -0.0019119701858 
3223.36474299 0.000509018172131 
3226.36474299 0.00250690210533 
3229.36474299 0.00670282629602 
3232.36474299 0.0125036020353 
3235.36474299 0.0130595836006 
3238.36474299 0.0105711574402 
3241.36474299 0.00682065133958 
3244.36474299 0.0035164915244 
3247.36474299 0.000110357718325 
3250.36474299 -0.000734045867353 
3253.36474299 -0.00163824674345 
3256.36474299 -0.00420599226677 
3259.36474299 -0.00314583908995 
3262.36474299 0.0024142035477 
3265.36474299 0.00668267737945 
3268.36474299 0.00716162344205 
3271.36474299 0.00735803847283 
3274.36474299 0.00972783654109 
3277.36474299 0.0156088028151 
3280.36474299 0.0227462010503 
3283.36474299 0.0236316079116 
3286.36474299 0.0181869684073 
3289.36474299 0.0121544962216 
3292.36474299 0.00768211325631 
3295.36474299 0.00724675824757 
3298.36474299 0.00698825818134 
3301.36474299 0.00303533832686 
3304.36474299 0.00021669816455 
3307.36474299 -0.00111603532785 
3310.36474299 -0.00214150264649 
3313.36474299 -0.00318038294395 
3316.36474299 -0.00280014026676 
3319.36474299 -0.00311358311973 
3322.36474299 -0.0011605393847 
3325.36474299 -0.000695751770867 
3328.36474299 -0.00506269582922 
3331.36474299 -0.00798772347187 
3334.36474299 -0.00666961216174 
3337.36474299 -0.00311923498351 
3340.36474299 0.000839360043696 
3343.36474299 0.0010163370113 
3346.36474299 -0.00323405789066 
3349.36474299 -0.00516766266069 
3352.36474299 0.00298746453215 
3355.36474299 0.0115115700778 
3358.36474299 0.014009265428 
3361.36474299 0.0143756875668 
3364.36474299 0.0138625633786 
3367.36474299 0.0121754831502 
3370.36474299 0.00974982686419 
3373.36474299 0.0096648302474 
3376.36474299 0.00847979912926 
3379.36474299 0.0055460828005 
3382.36474299 0.00376702270689 
3385.36474299 0.00274938143534 
3388.36474299 0.00192790406846 
3391.36474299 -6.25765523915e-05 
3394.36474299 -0.000616122731996 
3397.36474299 0.00298435334319 
3400.36474299 0.00923488291351 
3403.36474299 0.0142460010459 
3406.36474299 0.0154903001472 
3409.36474299 0.0131210703732 
3412.36474299 0.0109663061867 
3415.36474299 0.0125121852762 
3418.36474299 0.015299013639 
3421.36474299 0.0195933179422 
3424.36474299 0.0213239981041 
3427.36474299 0.0190364939251 
3430.36474299 0.0157437871257 
3433.36474299 0.00908747493606 
3436.36474299 0.00304291206851 
3439.36474299 -0.00106197918279 
3442.36474299 -0.00376954839739 
3445.36474299 -0.00378829295013 
3448.36474299 -0.00413295730022 
3451.36474299 -0.00446409691343 
3454.36474299 -0.00444920943584 
3457.36474299 -0.00487170512254 
3460.36474299 -0.00239478581048 
3463.36474299 0.00132605161266 
3466.36474299 0.00256987149319 
3469.36474299 0.00143123654924 
3472.36474299 0.000621573001166 
3475.36474299 -0.0013807947472 
3478.36474299 -0.00534418683819 
3481.36474299 -0.00577659659545 
3484.36474299 -0.00681234281123 
3487.36474299 -0.00662126164365 
3490.36474299 -0.00854394922609 
3493.36474299 -0.00897083975856 
3496.36474299 -0.0084710122126 
3499.36474299 -0.00509621353474 
3502.36474299 0.000916978269974 
3505.36474299 0.00582189031212 
3508.36474299 0.00509314674377 
3511.36474299 0.00403384739574 
3514.36474299 0.0042375267697 
3517.36474299 0.00547840195372 
3520.36474299 0.00648851554653 
3523.36474299 0.00338472218299 
3526.36474299 0.00272765139545 
3529.36474299 0.00314006901653 
3532.36474299 0.00279975677914 
3535.36474299 0.00252615612497 
3538.36474299 0.0009320635961 
3541.36474299 0.00154521811453 
3544.36474299 0.00470520712051 
3547.36474299 0.010689308254 
3550.36474299 0.016857721527 
3553.36474299 0.0217118944393 
3556.36474299 0.0240714632113 
3559.36474299 0.0224574720595 
3562.36474299 0.022164059081 
3565.36474299 0.0202579513719 
3568.36474299 0.0183700146491 
3571.36474299 0.0186062130514 
3574.36474299 0.0168398036092 
3577.36474299 0.0126646690536 
3580.36474299 0.00963553534545 
3583.36474299 0.00855685294612 
3586.36474299 0.0046795156702 
3589.36474299 -0.00340943438019 
3592.36474299 -0.0119311144083 
3595.36474299 -0.0144314703079 
3598.36474299 -0.00977789527174 
3601.36474299 -0.00560000748589 
3604.36474299 -0.00656986986343 
3607.36474299 -0.00886259469071 
3610.36474299 -0.00711343886143 
3613.36474299 -0.00263334785058 
3616.36474299 -0.000990849098011 
3619.36474299 0.00157794733954 
3622.36474299 0.00833387348961 
3625.36474299 0.0155067962194 
3628.36474299 0.0202913852762 
3631.36474299 0.0198875833621 
3634.36474299 0.0178688734777 
3637.36474299 0.0183344163429 
3640.36474299 0.0193306106117 
3643.36474299 0.0192907634181 
3646.36474299 0.0202272257448 
3649.36474299 0.0199690292498 
3652.36474299 0.0157494445393 
3655.36474299 0.0121410957991 
3658.36474299 0.00929964237272 
3661.36474299 0.00711287556197 
3664.36474299 0.00783142535244 
3667.36474299 0.00876735712319 
3670.36474299 0.00622933841099 
3673.36474299 0.00497565135527 
3676.36474299 0.00601712879624 
3679.36474299 0.00867264622678 
3682.36474299 0.00647381814781 
3685.36474299 -0.000916515420957 
3688.36474299 -0.00306949397595 
3691.36474299 -0.00132200459738 
3694.36474299 0.000200977114743 
3697.36474299 -0.00331981510047 
3700.36474299 -0.00680126218356 
3703.36474299 -0.00847264938838 
3706.36474299 -0.00851763120919 
3709.36474299 -0.00547864003793 
3712.36474299 -0.00234412298971 
3715.36474299 -0.00129012365141 
3718.36474299 -0.0054782060476 
3721.36474299 -0.00262338605218 
3724.36474299 0.00276563553848 
3727.36474299 0.00728986869322 
3730.36474299 0.0049315885728 
3733.36474299 0.000841196108586 
3736.36474299 -0.0011254633792 
3739.36474299 0.00137759115493 
3742.36474299 0.000772694037788 
3745.36474299 -0.00142421805991 
3748.36474299 -0.000997546187532 
3751.36474299 0.00216829530563 
3754.36474299 0.0060896429189 
3757.36474299 0.0103905963757 
3760.36474299 0.0111081788451 
3763.36474299 0.0133070657514 
3766.36474299 0.0160568007057 
3769.36474299 0.019727395424 
3772.36474299 0.0202249259291 
3775.36474299 0.0177317425243 
3778.36474299 0.0135599267182 
3781.36474299 0.00869799581259 
3784.36474299 -0.000240039435153 
3787.36474299 -0.00830572183582 
3790.36474299 -0.0130258866382 
3793.36474299 -0.0151700385959 
3796.36474299 -0.014370852626 
3799.36474299 -0.0109336803257 
3802.36474299 -0.00619286490947 
3805.36474299 -0.00340118967396 
3808.36474299 7.14521609648e-05 
3811.36474299 0.0077212412025 
3814.36474299 0.0151464799139 
3817.36474299 0.020590263647 
3820.36474299 0.0206901568985 
3823.36474299 0.0165469900036 
3826.36474299 0.0102257166803 
3829.36474299 0.0068763863529 
3832.36474299 0.00230436251095 
3835.36474299 -0.00109317508169 
3838.36474299 -0.000849740917468 
3841.36474299 0.00405725401463 
3844.36474299 0.0110841484344 
3847.36474299 0.0165577587354 
3850.36474299 0.0200327226024 
3853.36474299 0.0201944378312 
3856.36474299 0.0172075121797 
3859.36474299 0.0134520540385 
3862.36474299 0.011877078728 
3865.36474299 0.00976884030224 
3868.36474299 0.0027403317381 
3871.36474299 -0.0049868740565 
3874.36474299 -0.00981308511646 
3877.36474299 -0.0107859127246 
3880.36474299 -0.00735396551247 
3883.36474299 -0.00475384622552 
3886.36474299 -0.00503851446545 
3889.36474299 -0.00212889334062 
3892.36474299 0.00197247548537 
3895.36474299 0.00142998841082 
3898.36474299 8.52992341631e-05 
3901.36474299 0.000725365852726 
3904.36474299 0.00200029498671 
3907.36474299 0.00209422003874 
3910.36474299 0.00178942549746 
3913.36474299 0.00175983909497 
3916.36474299 0.00217823795739 
3919.36474299 0.00163450690674 
3922.36474299 0.00189713279468 
3925.36474299 0.00113429934175 
3928.36474299 -6.42630082039e-05 
3931.36474299 -0.00106385950693 
3934.36474299 0.00132970737068 
3937.36474299 0.00205658955342 
3940.36474299 -0.00128619581697 
3943.36474299 -0.0030985374743 
3946.36474299 -0.00238268319663 
3949.36474299 -0.00160180834409 
3952.36474299 -0.000367343223532 
3955.36474299 -0.00195119996987 
3958.36474299 -0.00223211949349 
3961.36474299 -0.0046185963594 
3964.36474299 -0.00763423502181 
3967.36474299 -0.00767489858338 
3970.36474299 -0.00323232525921 
3973.36474299 0.00318858935692 
3976.36474299 0.0084199928205 
3979.36474299 0.010133916072 
3982.36474299 0.0102003299112 
3985.36474299 0.0104606108917 
3988.36474299 0.012080834411 
3991.36474299 0.0139651371585 
3994.36474299 0.0156165447141 
3997.36474299 0.0164713602522 
4000.36474299 0.0153082905984 
4003.36474299 0.0122126653546 
4006.36474299 0.0077741907971 
4009.36474299 0.00367898704787 
4012.36474299 0.000973731176529 
4015.36474299 -0.00146100428976 
4018.36474299 -0.0021185140624 
4021.36474299 -0.00350942946955 
4024.36474299 -0.00517463647454 
4027.36474299 -0.00776331551012 
4030.36474299 -0.0122920833643 
4033.36474299 -0.0157911697677 
4036.36474299 -0.0158319959369 
4039.36474299 -0.0123242674652 
4042.36474299 -0.00928685408746 
4045.36474299 -0.00314140400851 
4048.36474299 0.00149889297712 
4051.36474299 0.00507082177084 
4054.36474299 0.00781644436159 
4057.36474299 0.0104037970073 
4060.36474299 0.0129863324714 
4063.36474299 0.0116929735941 
4066.36474299 0.00829738444879 
4069.36474299 0.00574199557904 
4072.36474299 0.00292794681031 
4075.36474299 0.00132747706554 
4078.36474299 0.000436758609487 
4081.36474299 0.00370218249884 
4084.36474299 0.00770112558442 
4087.36474299 0.010413906429 
4090.36474299 0.0121406307302 
4093.36474299 0.0148624704291 
4096.36474299 0.0174703604738 
4099.36474299 0.0180197078698 
4102.36474299 0.0187583272155 
4105.36474299 0.0193302176895 
4108.36474299 0.0178591691876 
4111.36474299 0.0166398150955 
4114.36474299 0.0147076846161 
4117.36474299 0.0124707897029 
4120.36474299 0.00902831239811 
4123.36474299 0.00601799566694 
4126.36474299 0.00323585545417 
4129.36474299 -0.00114667763935 
4132.36474299 -0.00409635199217 
4135.36474299 -0.00420155552041 
4138.36474299 -0.00346753913609 
4141.36474299 -0.00425137810926 
4144.36474299 -0.00571095750112 
4147.36474299 -0.00479226213898 
4150.36474299 -0.00442821668001 
4153.36474299 -0.00522514417984 
4156.36474299 -0.00509286259665 
4159.36474299 -0.00303847421219 
4162.36474299 -0.000351349681078 
4165.36474299 0.00419952930726 
4168.36474299 0.00692933095273 
4171.36474299 0.00879493382303 
4174.36474299 0.0109235420453 
4177.36474299 0.0108620319638 
4180.36474299 0.00720345411571 
4183.36474299 0.00261074428028 
4186.36474299 -0.000324872941367 
4189.36474299 -0.00302182524445 
4192.36474299 -0.00556199670406 
4195.36474299 -0.00713033340554 
4198.36474299 -0.00929220071508 
4201.36474299 -0.0100784496665 
4204.36474299 -0.00959792026068 
4207.36474299 -0.0075411169032 
4210.36474299 -0.00423807452986 
4213.36474299 0.000761957910747 
4216.36474299 0.00688707849819 
4219.36474299 0.0136890538244 
4222.36474299 0.0183532544089 
4225.36474299 0.0207529511918 
4228.36474299 0.0196318753743 
4231.36474299 0.0168915383639 
4234.36474299 0.0150052621258 
4237.36474299 0.0151393773459 
4240.36474299 0.0162394218368 
4243.36474299 0.0160243923949 
4246.36474299 0.0119657847966 
4249.36474299 0.00746072824252 
4252.36474299 0.00554624984792 
4255.36474299 0.00294041515258 
4258.36474299 0.0029630578486 
4261.36474299 0.00540429449829 
4264.36474299 0.00774037063029 
4267.36474299 0.0115118708742 
4270.36474299 0.0143055853648 
4273.36474299 0.0162020320718 
4276.36474299 0.017436672391 
4279.36474299 0.0189193276367 
4282.36474299 0.0222851457117 
4285.36474299 0.0263768464597 
4288.36474299 0.0285718918302 
4291.36474299 0.026679969278 
4294.36474299 0.0248330840442 
4297.36474299 0.0229265256956 
4300.36474299 0.0196840252501 
4303.36474299 0.0139280659491 
4306.36474299 0.00996441898593 
4309.36474299 0.00629492700261 
4312.36474299 0.0035519022491 
4315.36474299 0.00225999546352 
4318.36474299 0.000519605565915 
4321.36474299 -0.00271459644478 
4324.36474299 -0.00586757695098 
4327.36474299 -0.00647170702352 
4330.36474299 -0.00598723729633 
4333.36474299 -0.00812161559204 
4336.36474299 -0.0104491750801 
4339.36474299 -0.0112710428718 
4342.36474299 -0.01103483559 
4345.36474299 -0.0101803752358 
4348.36474299 -0.00663273907834 
4351.36474299 -0.00104849086615 
4354.36474299 0.00415772915722 
4357.36474299 0.00606135751618 
4360.36474299 0.00593278926966 
4363.36474299 0.00445109080055 
4366.36474299 0.0037561410377 
4369.36474299 0.00161205484458 
4372.36474299 -0.00111987554564 
4375.36474299 -0.000390270725706 
4378.36474299 0.00358232374998 
4381.36474299 0.00888737764721 
4384.36474299 0.0113793661911 
4387.36474299 0.0122178033117 
4390.36474299 0.0101200117323 
4393.36474299 0.00578386565592 
4396.36474299 -0.00043119266275 
4399.36474299 -0.00360353433342 
4402.36474299 -0.00539637223243 
4405.36474299 -0.00224840897628 
4408.36474299 0.00438746127011 
4411.36474299 0.0137723844067 
4414.36474299 0.0235982028659 
4417.36474299 0.0327495404219 
4420.36474299 0.036540646817 
4423.36474299 0.0381353048652 
4426.36474299 0.0393795584586 
4429.36474299 0.035104671615 
4432.36474299 0.0263755522584 
4435.36474299 0.0167859688298 
4438.36474299 0.00983755839699 
4441.36474299 0.00568234466324 
4444.36474299 0.00196213963393 
4447.36474299 -0.000659538136315 
4450.36474299 -0.00365359334156 
4453.36474299 -0.00630214112057 
4456.36474299 -0.00644837532623 
4459.36474299 -0.00614778541309 
4462.36474299 -0.00520769577084 
4465.36474299 -0.00268362080152 
4468.36474299 0.00147093875564 
4471.36474299 0.00538667959684 
4474.36474299 0.00976637732389 
4477.36474299 0.0127385317651 
4480.36474299 0.0137435778826 
4483.36474299 0.0123886234578 
4486.36474299 0.00828970526192 
4489.36474299 0.00247582101685 
4492.36474299 -0.000185868722475 
4495.36474299 -0.000285361802397 
4498.36474299 -0.000692591744123 
4501.36474299 -0.00241965340064 
4504.36474299 -0.0052301611524 
4507.36474299 -0.00483742710149 
4510.36474299 -0.00011597415043 
4513.36474299 0.0049584604546 
4516.36474299 0.007698112626 
4519.36474299 0.00598446020222 
4522.36474299 0.00246003364755 
4525.36474299 0.000996762146825 
4528.36474299 0.00110959838279 
4531.36474299 0.00241691876211 
4534.36474299 0.00471820463129 
4537.36474299 0.00540348867482 
4540.36474299 0.00483337356525 
4543.36474299 0.00674369020351 
4546.36474299 0.0101283552241 
4549.36474299 0.0141676741168 
4552.36474299 0.0153825362426 
4555.36474299 0.0148114105238 
4558.36474299 0.0134076072134 
4561.36474299 0.0107978069454 
4564.36474299 0.00881629202978 
4567.36474299 0.00562178469865 
4570.36474299 0.00307735158724 
4573.36474299 -0.000527113612422 
4576.36474299 -0.0043419919039 
4579.36474299 -0.00917406599556 
4582.36474299 -0.0125417299169 
4585.36474299 -0.0144825435326 
4588.36474299 -0.0164074482395 
4591.36474299 -0.0183739682899 
4594.36474299 -0.0192584305839 
4597.36474299 -0.018227562597 
4600.36474299 -0.0155071536232 
4603.36474299 -0.0102566032501 
4606.36474299 -0.00151204712955 
4609.36474299 0.0102342621829 
4612.36474299 0.0214350707687 
4615.36474299 0.0282167589897 
4618.36474299 0.030927802208 
4621.36474299 0.0321809953361 
4624.36474299 0.0336804840787 
4627.36474299 0.0349764968457 
4630.36474299 0.030785568816 
4633.36474299 0.0229297534292 
4636.36474299 0.0164569020476 
4639.36474299 0.0134302246581 
4642.36474299 0.0110524959994 
4645.36474299 0.00374930430263 
4648.36474299 -0.00380854620198 
4651.36474299 -0.00908066594973 
4654.36474299 -0.010084637636 
4657.36474299 -0.0102730360552 
4660.36474299 -0.0110908891589 
4663.36474299 -0.0121394408641 
4666.36474299 -0.0129567656318 
4669.36474299 -0.0161454879052 
4672.36474299 -0.0180073630094 
4675.36474299 -0.0131509846271 
4678.36474299 -0.00748508442336 
4681.36474299 -0.00451890817113 
4684.36474299 -0.00318239861257 
4687.36474299 -0.00159723229904 
4690.36474299 -0.000856351222798 
4693.36474299 0.00110420187681 
4696.36474299 0.00201304386876 
4699.36474299 -0.000143197634804 
4702.36474299 -0.00404635181137 
4705.36474299 -0.00951198129661 
4708.36474299 -0.0154987180056 
4711.36474299 -0.0187884135115 
4714.36474299 -0.0172776765388 
4717.36474299 -0.014526077979 
4720.36474299 -0.0103658567073 
4723.36474299 -0.00583464252401 
4726.36474299 -0.00135063144837 
4729.36474299 -0.000327828355825 
4732.36474299 -0.00170162306662 
4735.36474299 -0.00551161775293 
4738.36474299 -0.00740218006172 
4741.36474299 -0.00563195627753 
4744.36474299 -0.00471666957088 
4747.36474299 -0.00571411919278 
4750.36474299 -0.00368341047484 
4753.36474299 6.77095916547e-06 
4756.36474299 0.00242740750911 
4759.36474299 0.00191223060774 
4762.36474299 0.00274780419684 
4765.36474299 0.00673818263319 
4768.36474299 0.0128584351894 
4771.36474299 0.0167691686314 
4774.36474299 0.0161631016967 
4777.36474299 0.0131194676059 
4780.36474299 0.0114689025021 
4783.36474299 0.0098329831844 
4786.36474299 0.00739852943722 
4789.36474299 0.00074623908084 
4792.36474299 -0.00816949105167 
4795.36474299 -0.0151461713479 
4798.36474299 -0.0196858699865 
4801.36474299 -0.0227738365775 
4804.36474299 -0.0240345018869 
4807.36474299 -0.0244940188353 
4810.36474299 -0.0240485871484 
4813.36474299 -0.0221224137689 
4816.36474299 -0.021802870355 
4819.36474299 -0.0237609303689 
4822.36474299 -0.0236825501622 
4825.36474299 -0.0212208038623 
4828.36474299 -0.0162012639866 
4831.36474299 -0.00659460453712 
4834.36474299 0.00303542351549 
4837.36474299 0.0142265081096 
4840.36474299 0.0214433776322 
4843.36474299 0.0200904666246 
4846.36474299 0.0189458998321 
4849.36474299 0.0163288071946 
4852.36474299 0.0151893861288 
4855.36474299 0.0143580282673 
4858.36474299 0.0117203305239 
4861.36474299 0.00719691429218 
4864.36474299 0.0050693932656 
4867.36474299 0.00630636059429 
4870.36474299 0.0100703459239 
4873.36474299 0.00690969261301 
4876.36474299 0.00118131375792 
4879.36474299 -0.00439609168386 
4882.36474299 -0.00645108748828 
4885.36474299 -0.00728612538791 
4888.36474299 -0.00755105039788 
4891.36474299 -0.00940068775196 
4894.36474299 -0.0107654918703 
4897.36474299 -0.0128026258095 
4900.36474299 -0.0127386261108 
4903.36474299 -0.00584314085375 
4906.36474299 0.000386536716232 
4909.36474299 0.00674337775268 
4912.36474299 0.0129384636715 
4915.36474299 0.0165034544472 
4918.36474299 0.0135663844055 
4921.36474299 0.0041023249089 
4924.36474299 -0.00760787704672 
4927.36474299 -0.0138446665499 
4930.36474299 -0.0185372729667 
4933.36474299 -0.0228354276854 
4936.36474299 -0.0228428821074 
4939.36474299 -0.0153529327746 
4942.36474299 -0.00440572965443 
4945.36474299 0.0048798654726 
4948.36474299 0.0128400411033 
4951.36474299 0.0169595272217 
4954.36474299 0.0150866336469 
4957.36474299 0.0122368877865 
4960.36474299 0.00964453148762 
4963.36474299 0.00861457143953 
4966.36474299 0.0088908168263 
4969.36474299 0.00914220932974 
4972.36474299 0.00772511548186 
4975.36474299 0.00604536591614 
4978.36474299 0.00312988828056 
4981.36474299 0.000436749660518 
4984.36474299 -0.00121254482835 
4987.36474299 -0.00726175144787 
4990.36474299 -0.0147921950749 
4993.36474299 -0.0187093251569 
4996.36474299 -0.0194215288101 
4999.36474299 -0.0159650045371 
5002.36474299 -0.0115928428134 
5005.36474299 -0.00395733134949 
5008.36474299 0.00693802851844 
5011.36474299 0.0184222766299 
5014.36474299 0.026773851042 
5017.36474299 0.0288947162553 
5020.36474299 0.0254459361013 
5023.36474299 0.0185480250492 
5026.36474299 0.00805612523096 
5029.36474299 0.000373426441507 
5032.36474299 -0.00220724732479 
5035.36474299 -0.00401105790887 
5038.36474299 -0.00724327689039 
5041.36474299 -0.00994144080762 
5044.36474299 -0.0123526144702 
5047.36474299 -0.0116277107727 
5050.36474299 -0.0116635022102 
5053.36474299 -0.0126636079417 
5056.36474299 -0.0173475167927 
5059.36474299 -0.0201800573232 
5062.36474299 -0.0187225646367 
5065.36474299 -0.0164860226874 
5068.36474299 -0.0141008651355 
5071.36474299 -0.00801071108476 
5074.36474299 -0.00357031853422 
5077.36474299 0.00558647719927 
5080.36474299 0.0174084386009 
5083.36474299 0.0258849012214 
5086.36474299 0.028580542778 
5089.36474299 0.026714910494 
5092.36474299 0.0231301859229 
5095.36474299 0.017808117052 
5098.36474299 0.0136294539663 
5101.36474299 0.0113376154338 
5104.36474299 0.010398619092 
5107.36474299 0.00981319278158 
5110.36474299 0.011600528105 
5113.36474299 0.00894327082836 
5116.36474299 0.00423873383997 
5119.36474299 0.00262929042951 
5122.36474299 0.00601677749716 
5125.36474299 0.00557425110352 
5128.36474299 0.00288443456288 
5131.36474299 -0.00177360593961 
5134.36474299 -0.00544841999291 
5137.36474299 -0.00941601948691 
5140.36474299 -0.0099073142947 
5143.36474299 -0.0103403478437 
5146.36474299 -0.0136913081322 
5149.36474299 -0.0167874872409 
5152.36474299 -0.0166408484586 
5155.36474299 -0.0151936416759 
5158.36474299 -0.0150514460221 
5161.36474299 -0.016108279062 
5164.36474299 -0.0156621558764 
5167.36474299 -0.0138603889872 
5170.36474299 -0.00608126557368 
5173.36474299 0.00415460298394 
5176.36474299 0.0103488356289 
5179.36474299 0.0173649174739 
5182.36474299 0.0224764677384 
5185.36474299 0.0233986716514 
5188.36474299 0.0241942880232 
5191.36474299 0.0198242918113 
5194.36474299 0.012278369936 
5197.36474299 0.000235095025552 
5200.36474299 -0.0107360027272 
5203.36474299 -0.0206087598485 
5206.36474299 -0.025561663895 
5209.36474299 -0.0223480976179 
5212.36474299 -0.0186706145518 
5215.36474299 -0.0160659522408 
5218.36474299 -0.0143751348118 
5221.36474299 -0.00921959502156 
5224.36474299 -0.00663129114898 
5227.36474299 -0.00485125429965 
5230.36474299 -0.00302978996588 
5233.36474299 0.000578386974886 
5236.36474299 0.00896720467335 
5239.36474299 0.019624647382 
5242.36474299 0.0335221053586 
5245.36474299 0.0482028237472 
5248.36474299 0.0548826119277 
5251.36474299 0.0507920921661 
5254.36474299 0.0419476667967 
5257.36474299 0.0362369357253 
5260.36474299 0.0287904276031 
5263.36474299 0.0223458155613 
5266.36474299 0.0152761653248 
5269.36474299 0.00799111270322 
5272.36474299 0.00461985115751 
5275.36474299 0.00146907154279 
5278.36474299 -0.000437064990286 
5281.36474299 -0.00182705931263 
5284.36474299 -0.00528713098474 
5287.36474299 -0.00894187673156 
5290.36474299 -0.0105342860217 
5293.36474299 -0.00663238167454 
5296.36474299 -0.00317398186413 
5299.36474299 -0.000803334961847 
5302.36474299 0.00363185442207 
5305.36474299 0.0057811307399 
5308.36474299 0.00428839631859 
5311.36474299 0.00240929562769 
5314.36474299 0.000723686845716 
5317.36474299 2.26031865833e-05 
5320.36474299 -7.59301922559e-05 
5323.36474299 -0.00156498423721 
5326.36474299 -0.00660276988195 
5329.36474299 -0.0116995589256 
5332.36474299 -0.0184113192066 
5335.36474299 -0.024762853088 
5338.36474299 -0.0343944614315 
5341.36474299 -0.0491167651949 
5344.36474299 -0.0631003597067 
5347.36474299 -0.0731171405688 
5350.36474299 -0.0775289374857 
5353.36474299 -0.0736745262205 
5356.36474299 -0.0635112098013 
5359.36474299 -0.0442352375726 
5362.36474299 -0.0161581879494 
5365.36474299 0.0106014424173 
5368.36474299 0.0356522608508 
5371.36474299 0.052661873442 
5374.36474299 0.0609741667349 
5377.36474299 0.0605143234613 
5380.36474299 0.0514928699972 
5383.36474299 0.0454202686908 
5386.36474299 0.0406096446542 
5389.36474299 0.0350752734878 
5392.36474299 0.0282534916644 
5395.36474299 0.0160552190274 
5398.36474299 0.00347011061202 
5401.36474299 -0.00419000371909 
5404.36474299 -0.00926661637491 
5407.36474299 -0.0133365615542 
5410.36474299 -0.0132464158808 
5413.36474299 -0.0134092299599 
5416.36474299 -0.0163589212394 
5419.36474299 -0.0188312109514 
5422.36474299 -0.0226510894621 
5425.36474299 -0.0266041974531 
5428.36474299 -0.0281332086373 
5431.36474299 -0.0249618715058 
5434.36474299 -0.0196383042028 
5437.36474299 -0.0146115540941 
5440.36474299 -0.00488517824675 
5443.36474299 0.0093625321217 
5446.36474299 0.0257384589002 
5449.36474299 0.0429560472031 
5452.36474299 0.0490581554119 
5455.36474299 0.0483518633507 
5458.36474299 0.0415028611214 
5461.36474299 0.0256257945677 
5464.36474299 0.00640581652558 
5467.36474299 -0.0122555105223 
5470.36474299 -0.0313308560161 
5473.36474299 -0.0515863055614 
5476.36474299 -0.0678362885694 
5479.36474299 -0.0806615795514 
5482.36474299 -0.0869229655396 
5485.36474299 -0.0820978366806 
5488.36474299 -0.0688493485237 
5491.36474299 -0.0500106609513 
5494.36474299 -0.0279993309465 
5497.36474299 -0.00720899054472 
5500.36474299 0.00803423091852 
5503.36474299 0.0186206401773 
5506.36474299 0.0277073031852 
5509.36474299 0.032479980262 
5512.36474299 0.0359421397495 
5515.36474299 0.0377705753997 
5518.36474299 0.0437174815644 
5521.36474299 0.0484341150619 
5524.36474299 0.0508401219087 
5527.36474299 0.0455072043896 
5530.36474299 0.033362987412 
5533.36474299 0.0201083945319 
5536.36474299 0.00276991966677 
5539.36474299 -0.00977966342159 
5542.36474299 -0.0162825988794 
5545.36474299 -0.021201330905 
5548.36474299 -0.021820296565 
5551.36474299 -0.0228932383046 
5554.36474299 -0.020147016341 
5557.36474299 -0.0147440043896 
5560.36474299 -0.00438082155111 
5563.36474299 0.00243071543665 
5566.36474299 0.00255183675328 
5569.36474299 0.000606024826022 
5572.36474299 0.0033732625075 
5575.36474299 0.00462828122535 
5578.36474299 0.0029690621214 
5581.36474299 0.00191120876032 
5584.36474299 -0.00562052546074 
5587.36474299 -0.0175763806475 
5590.36474299 -0.0320890093662 
5593.36474299 -0.0474021992825 
5596.36474299 -0.0592757172919 
5599.36474299 -0.0670134784305 
5602.36474299 -0.0697355456691 
5605.36474299 -0.0703509816891 
5608.36474299 -0.0712346392696 
5611.36474299 -0.0684780659153 
5614.36474299 -0.057796704901 
5617.36474299 -0.0402889446727 
5620.36474299 -0.0185459294642 
5623.36474299 0.00689843827821 
5626.36474299 0.0299518456518 
5629.36474299 0.0540053742961 
5632.36474299 0.0782897147569 
5635.36474299 0.100296420711 
5638.36474299 0.11681682298 
5641.36474299 0.122033772956 
5644.36474299 0.111904691825 
5647.36474299 0.0899299790605 
5650.36474299 0.0596566342635 
5653.36474299 0.0303790697241 
5656.36474299 0.0105735094236 
5659.36474299 0.000229621603526 
5662.36474299 -0.00420018695245 
5665.36474299 -0.0114809554457 
5668.36474299 -0.0210257368654 
5671.36474299 -0.0341702071978 
5674.36474299 -0.0427431233357 
5677.36474299 -0.0515291697916 
5680.36474299 -0.0582454175992 
5683.36474299 -0.0642836815023 
5686.36474299 -0.060938737141 
5689.36474299 -0.0485345566285 
5692.36474299 -0.028527402827 
5695.36474299 -0.002593412416 
5698.36474299 0.0212203776416 
5701.36474299 0.0436156325816 
5704.36474299 0.0536041452453 
5707.36474299 0.0520523645533 
5710.36474299 0.0421165389811 
5713.36474299 0.0260360719283 
5716.36474299 0.000248024361136 
5719.36474299 -0.039433306662 
5722.36474299 -0.090209562066 
5725.36474299 -0.140248606651 
5728.36474299 -0.171199651205 
5731.36474299 -0.17179600497 
5734.36474299 -0.140424085255 
5737.36474299 -0.0842889039914 
5740.36474299 -0.0167589792933 
5743.36474299 0.0451660413758 
5746.36474299 0.0907930315351 
5749.36474299 0.119502190842 
5752.36474299 0.134433056371 
5755.36474299 0.135423815216 
5758.36474299 0.12364022533 
5761.36474299 0.101242417506 
5764.36474299 0.0702371008517 
5767.36474299 0.0394636615659 
5770.36474299 0.00469055522974 
5773.36474299 -0.0257326227848 
5776.36474299 -0.0481822097617 
5779.36474299 -0.05971340153 
5782.36474299 -0.0627628284482 
5785.36474299 -0.0602914944029 
5788.36474299 -0.0530952022376 
5791.36474299 -0.0408862263557 
5794.36474299 -0.0168634954852 
5797.36474299 0.00299431597405 
5800.36474299 0.0171929285508 
5803.36474299 0.0262313720146 
5806.36474299 0.024066683768 
5809.36474299 0.00721727465417 
5812.36474299 -0.0177419296425 
5815.36474299 -0.0452042680429 
5818.36474299 -0.0614547438685 
5821.36474299 -0.0553742663591 
5824.36474299 -0.0385505148422 
5827.36474299 -0.0259605642713 
5830.36474299 -0.00872601427241 
5833.36474299 0.000907825763641 
5836.36474299 -0.00115758844472 
5839.36474299 -0.0165448466907 
5842.36474299 -0.0408007380312 
5845.36474299 -0.0615520287383 
5848.36474299 -0.07701575891 
5851.36474299 -0.0855653372459 
5854.36474299 -0.0801512335673 
5857.36474299 -0.0563748771177 
5860.36474299 -0.0143913522866 
5863.36474299 0.037437417343 
5866.36474299 0.0854126614473 
5869.36474299 0.113414800566 
5872.36474299 0.120707409725 
5875.36474299 0.109139301031 
5878.36474299 0.0880903306986 
5881.36474299 0.0653918375055 
5884.36474299 0.050239128554 
5887.36474299 0.0363709843484 
5890.36474299 0.0202936051756 
5893.36474299 0.000857059440067 
5896.36474299 -0.0175951887448 
5899.36474299 -0.0395203089578 
5902.36474299 -0.0541872195724 
5905.36474299 -0.0630458389783 
5908.36474299 -0.0657634131406 
5911.36474299 -0.0554554391993 
5914.36474299 -0.0294295299703 
5917.36474299 0.00561485861263 
5920.36474299 0.0418031113899 
5923.36474299 0.0737009696617 
5926.36474299 0.0920318330557 
5929.36474299 0.0991890993903 
5932.36474299 0.0859584459048 
5935.36474299 0.0524512449505 
5938.36474299 -0.00696664968093 
5941.36474299 -0.0777711196267 
5944.36474299 -0.13765893421 
5947.36474299 -0.178660075876 
5950.36474299 -0.194031298402 
5953.36474299 -0.181451483891 
5956.36474299 -0.154756252805 
5959.36474299 -0.124408070761 
5962.36474299 -0.105371581275 
5965.36474299 -0.092614636555 
5968.36474299 -0.0715870571732 
5971.36474299 -0.0323964321296 
5974.36474299 0.0271495379308 
5977.36474299 0.0975139011732 
5980.36474299 0.155269049558 
5983.36474299 0.185518215211 
5986.36474299 0.184139639947 
5989.36474299 0.143796991469 
5992.36474299 0.0879847966828 
5995.36474299 0.0386644578367 
5998.36474299 0.00428888885876 
