1.36474298503 nan 
4.36474298503 nan 
7.36474298503 nan 
10.364742985 nan 
13.364742985 nan 
16.364742985 nan 
19.364742985 nan 
22.364742985 nan 
25.364742985 nan 
28.364742985 nan 
31.364742985 nan 
34.364742985 nan 
37.364742985 nan 
40.364742985 nan 
43.364742985 nan 
46.364742985 nan 
49.364742985 nan 
52.364742985 nan 
55.364742985 nan 
58.364742985 nan 
61.364742985 nan 
64.364742985 nan 
67.364742985 nan 
70.364742985 nan 
73.364742985 nan 
76.364742985 nan 
79.364742985 nan 
82.364742985 nan 
85.364742985 nan 
88.364742985 nan 
91.364742985 nan 
94.364742985 nan 
97.364742985 nan 
100.364742985 nan 
103.364742985 nan 
106.364742985 nan 
109.364742985 nan 
112.364742985 nan 
115.364742985 nan 
118.364742985 nan 
121.364742985 nan 
124.364742985 nan 
127.364742985 nan 
130.364742985 nan 
133.364742985 nan 
136.364742985 nan 
139.364742985 nan 
142.364742985 nan 
145.364742985 nan 
148.364742985 nan 
151.364742985 nan 
154.364742985 nan 
157.364742985 nan 
160.364742985 nan 
163.364742985 nan 
166.364742985 nan 
169.364742985 nan 
172.364742985 nan 
175.364742985 nan 
178.364742985 nan 
181.364742985 nan 
184.364742985 nan 
187.364742985 nan 
190.364742985 nan 
193.364742985 nan 
196.364742985 nan 
199.364742985 nan 
202.364742985 nan 
205.364742985 nan 
208.364742985 nan 
211.364742985 nan 
214.364742985 nan 
217.364742985 nan 
220.364742985 nan 
223.364742985 nan 
226.364742985 nan 
229.364742985 nan 
232.364742985 nan 
235.364742985 nan 
238.364742985 nan 
241.364742985 nan 
244.364742985 nan 
247.364742985 nan 
250.364742985 nan 
253.364742985 nan 
256.364742985 nan 
259.364742985 nan 
262.364742985 nan 
265.364742985 nan 
268.364742985 nan 
271.364742985 nan 
274.364742985 nan 
277.364742985 nan 
280.364742985 nan 
283.364742985 nan 
286.364742985 nan 
289.364742985 nan 
292.364742985 nan 
295.364742985 nan 
298.364742985 nan 
301.364742985 nan 
304.364742985 nan 
307.364742985 nan 
310.364742985 nan 
313.364742985 nan 
316.364742985 nan 
319.364742985 nan 
322.364742985 nan 
325.364742985 nan 
328.364742985 nan 
331.364742985 nan 
334.364742985 nan 
337.364742985 nan 
340.364742985 nan 
343.364742985 nan 
346.364742985 nan 
349.364742985 nan 
352.364742985 nan 
355.364742985 nan 
358.364742985 nan 
361.364742985 nan 
364.364742985 nan 
367.364742985 nan 
370.364742985 nan 
373.364742985 nan 
376.364742985 nan 
379.364742985 nan 
382.364742985 nan 
385.364742985 nan 
388.364742985 nan 
391.364742985 nan 
394.364742985 nan 
397.364742985 nan 
400.364742985 nan 
403.364742985 nan 
406.364742985 nan 
409.364742985 nan 
412.364742985 nan 
415.364742985 nan 
418.364742985 nan 
421.364742985 nan 
424.364742985 nan 
427.364742985 nan 
430.364742985 nan 
433.364742985 nan 
436.364742985 nan 
439.364742985 nan 
442.364742985 nan 
445.364742985 nan 
448.364742985 nan 
451.364742985 nan 
454.364742985 nan 
457.364742985 nan 
460.364742985 nan 
463.364742985 nan 
466.364742985 nan 
469.364742985 nan 
472.364742985 nan 
475.364742985 nan 
478.364742985 nan 
481.364742985 nan 
484.364742985 nan 
487.364742985 nan 
490.364742985 nan 
493.364742985 nan 
496.364742985 nan 
499.364742985 nan 
502.364742985 nan 
505.364742985 nan 
508.364742985 nan 
511.364742985 nan 
514.364742985 nan 
517.364742985 nan 
520.364742985 nan 
523.364742985 nan 
526.364742985 nan 
529.364742985 nan 
532.364742985 nan 
535.364742985 nan 
538.364742985 nan 
541.364742985 nan 
544.364742985 nan 
547.364742985 nan 
550.364742985 nan 
553.364742985 nan 
556.364742985 nan 
559.364742985 nan 
562.364742985 nan 
565.364742985 nan 
568.364742985 nan 
571.364742985 nan 
574.364742985 nan 
577.364742985 nan 
580.364742985 nan 
583.364742985 nan 
586.364742985 nan 
589.364742985 nan 
592.364742985 nan 
595.364742985 nan 
598.364742985 nan 
601.364742985 nan 
604.364742985 nan 
607.364742985 nan 
610.364742985 nan 
613.364742985 nan 
616.364742985 nan 
619.364742985 nan 
622.364742985 nan 
625.364742985 nan 
628.364742985 nan 
631.364742985 nan 
634.364742985 nan 
637.364742985 nan 
640.364742985 nan 
643.364742985 nan 
646.364742985 nan 
649.364742985 nan 
652.364742985 nan 
655.364742985 nan 
658.364742985 nan 
661.364742985 nan 
664.364742985 nan 
667.364742985 nan 
670.364742985 nan 
673.364742985 nan 
676.364742985 nan 
679.364742985 nan 
682.364742985 nan 
685.364742985 nan 
688.364742985 nan 
691.364742985 nan 
694.364742985 nan 
697.364742985 nan 
700.364742985 nan 
703.364742985 nan 
706.364742985 nan 
709.364742985 nan 
712.364742985 nan 
715.364742985 nan 
718.364742985 nan 
721.364742985 nan 
724.364742985 nan 
727.364742985 nan 
730.364742985 nan 
733.364742985 nan 
736.364742985 nan 
739.364742985 nan 
742.364742985 nan 
745.364742985 nan 
748.364742985 nan 
751.364742985 nan 
754.364742985 nan 
757.364742985 nan 
760.364742985 nan 
763.364742985 nan 
766.364742985 nan 
769.364742985 nan 
772.364742985 nan 
775.364742985 nan 
778.364742985 nan 
781.364742985 nan 
784.364742985 nan 
787.364742985 nan 
790.364742985 nan 
793.364742985 nan 
796.364742985 nan 
799.364742985 nan 
802.364742985 nan 
805.364742985 nan 
808.364742985 nan 
811.364742985 nan 
814.364742985 nan 
817.364742985 nan 
820.364742985 nan 
823.364742985 nan 
826.364742985 nan 
829.364742985 -0.43809024236 
832.364742985 -0.601866246929 
835.364742985 -0.699336130039 
838.364742985 -0.659883647156 
841.364742985 -0.530487429273 
844.364742985 -0.396581473585 
847.364742985 -0.287404209094 
850.364742985 -0.208650741186 
853.364742985 -0.17021829704 
856.364742985 -0.15929759207 
859.364742985 -0.120179804024 
862.364742985 -0.100514575908 
865.364742985 -0.0763516317261 
868.364742985 -0.0470427992805 
871.364742985 -0.0367122249758 
874.364742985 -0.0322263661748 
877.364742985 -0.06899482718 
880.364742985 -0.0585019780632 
883.364742985 -0.0493617168495 
886.364742985 -0.0451854776872 
889.364742985 -0.0211697811417 
892.364742985 -0.0274736759371 
895.364742985 -0.0408277012653 
898.364742985 -0.0213600207062 
901.364742985 -0.0154491865619 
904.364742985 -0.0113611834643 
907.364742985 -0.0219507158252 
910.364742985 -0.0184514733779 
913.364742985 -0.0246837442407 
916.364742985 -0.0183716835581 
919.364742985 -0.0124369199441 
922.364742985 -0.0153193893278 
925.364742985 -0.0104388662293 
928.364742985 -0.00494860517799 
931.364742985 -0.00842330417207 
934.364742985 -0.0130133102754 
937.364742985 -0.0217814563666 
940.364742985 -0.0195643927735 
943.364742985 -0.00745584700071 
946.364742985 -0.0100595674063 
949.364742985 -0.0110890579384 
952.364742985 -0.0126095876185 
955.364742985 -0.00889986377609 
958.364742985 -0.00559725865753 
961.364742985 -0.00428979153306 
964.364742985 -0.00516966166801 
967.364742985 -0.016267606013 
970.364742985 -0.0195921351088 
973.364742985 -0.0302511055462 
976.364742985 -0.0355218931943 
979.364742985 -0.0306460642193 
982.364742985 -0.0308878578387 
985.364742985 -0.0210309255482 
988.364742985 -0.0130983409163 
991.364742985 -0.0083494887763 
994.364742985 -0.00710316627844 
997.364742985 -0.0059642058519 
1000.36474299 0.000834553865222 
1003.36474299 0.00479196602421 
1006.36474299 0.0047277865248 
1009.36474299 0.000132923821905 
1012.36474299 -0.00792126285086 
1015.36474299 -0.014859140004 
1018.36474299 -0.00819124924696 
1021.36474299 -0.000826762430912 
1024.36474299 0.00242124114399 
1027.36474299 -0.00277299458295 
1030.36474299 -0.00135478824425 
1033.36474299 -0.00320353556264 
1036.36474299 -0.000182273943391 
1039.36474299 0.000725577049991 
1042.36474299 0.00234539478985 
1045.36474299 -0.000866191421217 
1048.36474299 -0.00745958276792 
1051.36474299 -0.0109137502284 
1054.36474299 -0.0117090878248 
1057.36474299 -0.0128942376602 
1060.36474299 -0.0119497927214 
1063.36474299 -0.00880827650164 
1066.36474299 -0.00464935597297 
1069.36474299 -0.000207679788771 
1072.36474299 0.000278350753185 
1075.36474299 -0.00346092595165 
1078.36474299 -0.0029412288666 
1081.36474299 0.000742885695874 
1084.36474299 0.00338849435508 
1087.36474299 0.00426505089488 
1090.36474299 0.00362514527848 
1093.36474299 0.00530162793673 
1096.36474299 0.00641886157106 
1099.36474299 0.00388579178929 
1102.36474299 0.00153211044164 
1105.36474299 0.00028692529098 
1108.36474299 -0.000356580761607 
1111.36474299 -0.0046434408914 
1114.36474299 -0.00711164663355 
1117.36474299 -0.00522932740741 
1120.36474299 -0.00380433220545 
1123.36474299 0.000508220114303 
1126.36474299 0.00225004464694 
1129.36474299 0.00226207059324 
1132.36474299 -0.0013430566736 
1135.36474299 -0.00574941489065 
1138.36474299 -0.00618117285667 
1141.36474299 -0.0046856225861 
1144.36474299 -0.00296735143492 
1147.36474299 -0.00403740833372 
1150.36474299 -0.00305173071125 
1153.36474299 -0.00806676853055 
1156.36474299 -0.00929788489053 
1159.36474299 -0.00472888646177 
1162.36474299 0.00029042549926 
1165.36474299 0.000426000906935 
1168.36474299 -0.00379415358318 
1171.36474299 -0.00690610934757 
1174.36474299 -0.00576937075632 
1177.36474299 -0.00314184470565 
1180.36474299 0.000852172481658 
1183.36474299 0.0048393740549 
1186.36474299 0.00735796522719 
1189.36474299 0.00566344178043 
1192.36474299 0.00192755401689 
1195.36474299 -0.000626398504991 
1198.36474299 -0.0017462340346 
1201.36474299 -0.00110177552491 
1204.36474299 -0.0010766107288 
1207.36474299 0.000326748213147 
1210.36474299 0.000226142048447 
1213.36474299 0.0022221684408 
1216.36474299 0.00414637778956 
1219.36474299 0.00266973554751 
1222.36474299 0.00225893105354 
1225.36474299 0.00548918027212 
1228.36474299 0.00571778960031 
1231.36474299 0.00915464263253 
1234.36474299 0.00947806054588 
1237.36474299 0.00758273599032 
1240.36474299 0.0075128021478 
1243.36474299 0.00815696616501 
1246.36474299 0.00587194525156 
1249.36474299 0.00642444863404 
1252.36474299 0.00595851739287 
1255.36474299 0.00352956173773 
1258.36474299 0.000895433845786 
1261.36474299 -0.000407896453856 
1264.36474299 -0.0020933723175 
1267.36474299 -0.000770845542079 
1270.36474299 0.000174582240515 
1273.36474299 -0.00250508750694 
1276.36474299 -0.00437742529577 
1279.36474299 -0.00506742266756 
1282.36474299 -0.00133143420885 
1285.36474299 0.00292564307758 
1288.36474299 0.00191038677645 
1291.36474299 0.00125942922334 
1294.36474299 -0.00115844283803 
1297.36474299 -0.0031834640494 
1300.36474299 -0.00265861772673 
1303.36474299 -0.00145945292344 
1306.36474299 0.000447948860535 
1309.36474299 0.00254630173371 
1312.36474299 0.00199160642078 
1315.36474299 -0.000630714729589 
1318.36474299 0.00108910767615 
1321.36474299 0.00219586737803 
1324.36474299 0.00483607050591 
1327.36474299 0.00338511697855 
1330.36474299 0.00239122697627 
1333.36474299 0.00124043007855 
1336.36474299 0.00249856615171 
1339.36474299 0.00474266557862 
1342.36474299 0.0037393543873 
1345.36474299 0.00158470964678 
1348.36474299 -0.000474431893013 
1351.36474299 -0.000354037449421 
1354.36474299 -6.52419458227e-05 
1357.36474299 0.00233996169001 
1360.36474299 0.00404803856561 
1363.36474299 0.00758994398844 
1366.36474299 0.00852661694276 
1369.36474299 0.0111230999127 
1372.36474299 0.014881655536 
1375.36474299 0.0149411670787 
1378.36474299 0.0133850244863 
1381.36474299 0.0099226173111 
1384.36474299 0.00582316019698 
1387.36474299 0.00454076873821 
1390.36474299 0.00416273713237 
1393.36474299 0.00489373402361 
1396.36474299 0.00562671491331 
1399.36474299 0.00587999198665 
1402.36474299 0.00373299096695 
1405.36474299 0.00488318602999 
1408.36474299 0.00690926897958 
1411.36474299 0.010573773451 
1414.36474299 0.00981329927711 
1417.36474299 0.00705511155585 
1420.36474299 0.00386353535454 
1423.36474299 -0.000147335861014 
1426.36474299 -0.00176080481169 
1429.36474299 -0.0028238640975 
1432.36474299 -0.00318388528694 
1435.36474299 -0.00557828451131 
1438.36474299 -0.00468732762857 
1441.36474299 -0.00104220183631 
1444.36474299 0.00181070954508 
1447.36474299 0.00318521792084 
1450.36474299 0.00397112568381 
1453.36474299 0.00363385529332 
1456.36474299 0.00175202587556 
1459.36474299 0.000746699437587 
1462.36474299 0.00197205520482 
1465.36474299 0.00323361467991 
1468.36474299 0.00576784140472 
1471.36474299 0.00890042542615 
1474.36474299 0.00674547369387 
1477.36474299 0.00496305248085 
1480.36474299 0.00347888847361 
1483.36474299 9.75064153628e-05 
1486.36474299 -0.00219346447836 
1489.36474299 -0.00459263912998 
1492.36474299 -0.00446549408028 
1495.36474299 -0.00232425487989 
1498.36474299 -0.00144727102813 
1501.36474299 0.000333167646648 
1504.36474299 0.000941362638817 
1507.36474299 0.00101690433752 
1510.36474299 0.000130160516487 
1513.36474299 -0.000968065197265 
1516.36474299 -0.00223810491065 
1519.36474299 -0.00127524408801 
1522.36474299 0.00147310085622 
1525.36474299 0.00432193455074 
1528.36474299 0.00601831957305 
1531.36474299 0.00722958146343 
1534.36474299 0.00534750007413 
1537.36474299 0.000295273235452 
1540.36474299 -0.00462449851906 
1543.36474299 -0.00502480501654 
1546.36474299 -0.00309599242692 
1549.36474299 -0.000889048580887 
1552.36474299 0.00171413832729 
1555.36474299 0.00355846545507 
1558.36474299 0.00608342565487 
1561.36474299 0.00673491962583 
1564.36474299 0.00567581537036 
1567.36474299 0.00127689457754 
1570.36474299 -0.00104670847055 
1573.36474299 -0.000682973592084 
1576.36474299 0.00158431621138 
1579.36474299 0.00198220579131 
1582.36474299 0.00214129130021 
1585.36474299 0.00215751583766 
1588.36474299 0.000164319569328 
1591.36474299 -0.00105907832238 
1594.36474299 -0.00191472484559 
1597.36474299 -0.00303732686384 
1600.36474299 -0.00347908822852 
1603.36474299 -0.00269246882409 
1606.36474299 -0.0018039376201 
1609.36474299 -0.00165517021145 
1612.36474299 0.0002703085739 
1615.36474299 0.0029410945285 
1618.36474299 0.00466800864229 
1621.36474299 0.00169211517356 
1624.36474299 -0.0010616426614 
1627.36474299 -0.00129562971877 
1630.36474299 0.000228748178294 
1633.36474299 0.00371095461304 
1636.36474299 0.00754639554965 
1639.36474299 0.00744734702056 
1642.36474299 0.00661794128319 
1645.36474299 0.00390341134026 
1648.36474299 0.00212335354318 
1651.36474299 0.00179182429563 
1654.36474299 0.00325432447433 
1657.36474299 0.00594860207327 
1660.36474299 0.00801259219617 
1663.36474299 0.00799528010422 
1666.36474299 0.00514866006788 
1669.36474299 0.00143741656953 
1672.36474299 -0.000296197539956 
1675.36474299 -0.00273288543303 
1678.36474299 -0.00235743101593 
1681.36474299 -0.00279620329958 
1684.36474299 -0.00269082032044 
1687.36474299 -0.0020660717793 
1690.36474299 0.000551592219747 
1693.36474299 0.00276390795418 
1696.36474299 0.00344322205973 
1699.36474299 0.00178259374987 
1702.36474299 0.00108136910096 
1705.36474299 0.00129605107313 
1708.36474299 0.00314811443979 
1711.36474299 0.00344873506153 
1714.36474299 0.00338297901696 
1717.36474299 0.00257247500007 
1720.36474299 0.000641140825989 
1723.36474299 -0.00104208653918 
1726.36474299 0.000132978170426 
1729.36474299 0.000728226372456 
1732.36474299 1.07476563522e-05 
1735.36474299 0.000263820219115 
1738.36474299 -0.00103955934756 
1741.36474299 -0.00167813034419 
1744.36474299 -0.00199431771399 
1747.36474299 0.000262401813255 
1750.36474299 0.00113540864411 
1753.36474299 0.00372210771217 
1756.36474299 0.00527607799914 
1759.36474299 0.00548630800683 
1762.36474299 0.00500359968977 
1765.36474299 0.00335063320716 
1768.36474299 0.00277789640483 
1771.36474299 0.00175417107972 
1774.36474299 0.00338028501248 
1777.36474299 0.00399171235445 
1780.36474299 0.00554765822913 
1783.36474299 0.00698104851072 
1786.36474299 0.00748356036572 
1789.36474299 0.00625887634737 
1792.36474299 0.00558375802939 
1795.36474299 0.00427670022725 
1798.36474299 0.00328613246448 
1801.36474299 0.00321550216655 
1804.36474299 0.00428404606794 
1807.36474299 0.00451465201068 
1810.36474299 0.00283243930699 
1813.36474299 0.00141088876742 
1816.36474299 0.00328762490231 
1819.36474299 0.00652852724868 
1822.36474299 0.00741489654386 
1825.36474299 0.00712086292779 
1828.36474299 0.00592250123267 
1831.36474299 0.00407988300228 
1834.36474299 0.00216420003402 
1837.36474299 0.000465888194572 
1840.36474299 -0.00274205009472 
1843.36474299 -0.0045233818842 
1846.36474299 -0.00362669752597 
1849.36474299 -0.000714803134739 
1852.36474299 0.00319074564143 
1855.36474299 0.00407605752058 
1858.36474299 0.00459532262105 
1861.36474299 0.00297939233363 
1864.36474299 0.000305483222743 
1867.36474299 0.000599787004409 
1870.36474299 0.00328036480438 
1873.36474299 0.00518767652342 
1876.36474299 0.00494872292825 
1879.36474299 0.00286928322348 
1882.36474299 0.00259991898798 
1885.36474299 0.00191462636993 
1888.36474299 0.000219974265243 
1891.36474299 -0.000537459501663 
1894.36474299 -0.00326668007464 
1897.36474299 -0.00387956831419 
1900.36474299 -0.00369392895327 
1903.36474299 -0.0023893838576 
1906.36474299 -0.000927486331272 
1909.36474299 0.000538159987219 
1912.36474299 0.00187930094117 
1915.36474299 0.00156323716243 
1918.36474299 0.00106529011591 
1921.36474299 -0.000165928165807 
1924.36474299 -0.000405098162125 
1927.36474299 -0.000456058938967 
1930.36474299 0.00135115340584 
1933.36474299 0.00114536987229 
1936.36474299 0.000825880355296 
1939.36474299 4.64110923473e-05 
1942.36474299 -0.00129335940496 
1945.36474299 -0.00306093018402 
1948.36474299 -0.00513190028073 
1951.36474299 -0.0041925167341 
1954.36474299 -0.00348993013053 
1957.36474299 -0.00140596989045 
1960.36474299 -0.000981119939745 
1963.36474299 0.00107347889894 
1966.36474299 0.00276283768842 
1969.36474299 0.00297107925866 
1972.36474299 0.00204309996498 
1975.36474299 0.00160312004027 
1978.36474299 -0.000350906992147 
1981.36474299 -0.000952338002804 
1984.36474299 -0.00194615633863 
1987.36474299 -0.00148723147162 
1990.36474299 -0.00101477174946 
1993.36474299 0.00050549211644 
1996.36474299 0.000928056976138 
1999.36474299 -0.000210435705595 
2002.36474299 -0.00543771359553 
2005.36474299 -0.00761608127555 
2008.36474299 -0.00780337661632 
2011.36474299 -0.00537464291108 
2014.36474299 -0.00268025223451 
2017.36474299 -0.000939294649858 
2020.36474299 -0.000690145143695 
2023.36474299 -0.0004028403768 
2026.36474299 -0.00159260919405 
2029.36474299 -0.00337158644558 
2032.36474299 -0.00506200755734 
2035.36474299 -0.00611505468332 
2038.36474299 -0.00608348032464 
2041.36474299 -0.00372246937368 
2044.36474299 -0.00174145136477 
2047.36474299 -1.25677823991e-05 
2050.36474299 -0.00156573281379 
2053.36474299 -0.00307852216647 
2056.36474299 -0.00232875952827 
2059.36474299 -0.00106676830222 
2062.36474299 -0.00108252242271 
2065.36474299 -0.00078675380093 
2068.36474299 0.00175835904064 
2071.36474299 0.00508653745993 
2074.36474299 0.0067421977134 
2077.36474299 0.00720789251952 
2080.36474299 0.00734384687744 
2083.36474299 0.00744742552073 
2086.36474299 0.00588683738873 
2089.36474299 0.00406038598882 
2092.36474299 0.00403862041378 
2095.36474299 0.00268455245536 
2098.36474299 0.000475674315968 
2101.36474299 -0.00131898527277 
2104.36474299 -0.0034790954711 
2107.36474299 -0.00383407442614 
2110.36474299 -0.00467904679474 
2113.36474299 -0.00439611394434 
2116.36474299 -0.00347209750767 
2119.36474299 -0.00102761470501 
2122.36474299 -0.000409359308103 
2125.36474299 0.000800179842224 
2128.36474299 0.00216483224078 
2131.36474299 0.00400647132169 
2134.36474299 0.00507017484628 
2137.36474299 0.00513841813149 
2140.36474299 0.00446342971261 
2143.36474299 0.00308927038226 
2146.36474299 0.00194648751124 
2149.36474299 0.00270614093773 
2152.36474299 0.00429293107276 
2155.36474299 0.00608484426516 
2158.36474299 0.00698942560072 
2161.36474299 0.00929296741535 
2164.36474299 0.00949562215624 
2167.36474299 0.00807089072421 
2170.36474299 0.00684549740072 
2173.36474299 0.00787465617612 
2176.36474299 0.00830270547617 
2179.36474299 0.00756931059151 
2182.36474299 0.00685720887906 
2185.36474299 0.0065206454574 
2188.36474299 0.0056810776856 
2191.36474299 0.00426914411824 
2194.36474299 0.00328665953708 
2197.36474299 0.00378784576711 
2200.36474299 0.00408820869335 
2203.36474299 0.00346768234014 
2206.36474299 0.00210917164567 
2209.36474299 0.00215081131536 
2212.36474299 0.003570839045 
2215.36474299 0.00507713426052 
2218.36474299 0.00554638820846 
2221.36474299 0.00445474609812 
2224.36474299 0.00285267202595 
2227.36474299 0.0010999061227 
2230.36474299 -4.20629807045e-05 
2233.36474299 2.39141120928e-05 
2236.36474299 0.00227886472422 
2239.36474299 0.00380924897974 
2242.36474299 0.00313587962695 
2245.36474299 0.00132675597229 
2248.36474299 -0.000381560112738 
2251.36474299 -0.00270410110137 
2254.36474299 -0.00357626793948 
2257.36474299 -0.00211233571667 
2260.36474299 -0.00162251624175 
2263.36474299 -0.00196526493977 
2266.36474299 -0.00331517238897 
2269.36474299 -0.00390735737579 
2272.36474299 -0.00287681176398 
2275.36474299 -0.00213985423303 
2278.36474299 -0.00136747910572 
2281.36474299 -0.00217198767182 
2284.36474299 -0.003086444376 
2287.36474299 -0.00288514960389 
2290.36474299 -0.0016074692069 
2293.36474299 -0.000949098176798 
2296.36474299 -0.000913230956666 
2299.36474299 -0.00159864950209 
2302.36474299 -0.00244733427475 
2305.36474299 -0.00324228451014 
2308.36474299 -0.00292637060598 
2311.36474299 -0.0017237694342 
2314.36474299 0.00160341546726 
2317.36474299 0.003723478428 
2320.36474299 0.00547376947308 
2323.36474299 0.00655868019349 
2326.36474299 0.00776308266391 
2329.36474299 0.00838472600918 
2332.36474299 0.00652608065992 
2335.36474299 0.00259841580311 
2338.36474299 -0.00132056742509 
2341.36474299 -0.00367882351056 
2344.36474299 -0.00627798646711 
2347.36474299 -0.00911630744636 
2350.36474299 -0.0106974121596 
2353.36474299 -0.0100945467101 
2356.36474299 -0.0068243986099 
2359.36474299 -0.00326157803059 
2362.36474299 -0.00125363270975 
2365.36474299 -0.0008428268724 
2368.36474299 -0.00227347531346 
2371.36474299 -0.00288036810222 
2374.36474299 -0.00148701407754 
2377.36474299 -0.00101966492697 
2380.36474299 -0.000551861363201 
2383.36474299 0.000390760052774 
2386.36474299 0.0010358818714 
2389.36474299 0.0013102141633 
2392.36474299 0.000230606687436 
2395.36474299 -0.000211931750112 
2398.36474299 -0.000208891299362 
2401.36474299 -0.000926391767833 
2404.36474299 -0.00124131320551 
2407.36474299 -0.000162436674901 
2410.36474299 0.000139502329233 
2413.36474299 5.52676890353e-05 
2416.36474299 -0.000203705264801 
2419.36474299 0.000978191894936 
2422.36474299 0.00236225013227 
2425.36474299 0.0033518992561 
2428.36474299 0.00314293646551 
2431.36474299 0.00332294998062 
2434.36474299 0.00345881742763 
2437.36474299 0.00374753592776 
2440.36474299 0.00283864035347 
2443.36474299 0.00054548001163 
2446.36474299 -0.000442630094095 
2449.36474299 -0.00156699944681 
2452.36474299 -0.00162878655996 
2455.36474299 -0.000877303926877 
2458.36474299 0.000673898995331 
2461.36474299 0.00249870376064 
2464.36474299 0.00279135334389 
2467.36474299 0.00206269487003 
2470.36474299 -0.000133130176901 
2473.36474299 -0.00182627956397 
2476.36474299 -0.00094733145562 
2479.36474299 0.00171869344006 
2482.36474299 0.00454538202523 
2485.36474299 0.0045281932907 
2488.36474299 0.00315196748999 
2491.36474299 0.00152752390543 
2494.36474299 0.000308737971959 
2497.36474299 0.00137516114209 
2500.36474299 0.00254059762137 
2503.36474299 0.00302682816646 
2506.36474299 0.00298157865693 
2509.36474299 0.0017051688647 
2512.36474299 -2.35620696225e-05 
2515.36474299 -0.000904257522339 
2518.36474299 -0.000290388789915 
2521.36474299 -0.000448993864898 
2524.36474299 -0.00119873690726 
2527.36474299 -0.00143066169964 
2530.36474299 -0.0019125229858 
2533.36474299 -0.0021156729086 
2536.36474299 -0.000362014153487 
2539.36474299 -0.00024476665279 
2542.36474299 -0.00130903058627 
2545.36474299 -0.00306655018904 
2548.36474299 -0.00390950725258 
2551.36474299 -0.00370035522049 
2554.36474299 -0.00207944204108 
2557.36474299 -0.000863924144613 
2560.36474299 0.000434234459598 
2563.36474299 0.00171282952379 
2566.36474299 0.00197090527072 
2569.36474299 0.00231546496309 
2572.36474299 0.00390884724367 
2575.36474299 0.00466377010016 
2578.36474299 0.00519604286637 
2581.36474299 0.005275468221 
2584.36474299 0.00383320718612 
2587.36474299 0.00314443240781 
2590.36474299 0.0030300006482 
2593.36474299 0.00217336259303 
2596.36474299 0.00120013507479 
2599.36474299 0.00114681406523 
2602.36474299 0.00284733588316 
2605.36474299 0.00409001279556 
2608.36474299 0.00461343233084 
2611.36474299 0.00456245114045 
2614.36474299 0.00433566553951 
2617.36474299 0.00394507717666 
2620.36474299 0.00339141498209 
2623.36474299 0.00182122740024 
2626.36474299 0.00189088614171 
2629.36474299 0.00173914063271 
2632.36474299 0.000927516352916 
2635.36474299 0.000316997691347 
2638.36474299 0.000842385016882 
2641.36474299 0.000952779215836 
2644.36474299 0.00139281912543 
2647.36474299 0.0027064124175 
2650.36474299 0.00281313994575 
2653.36474299 0.00244793353947 
2656.36474299 0.00287691619725 
2659.36474299 0.00355491192041 
2662.36474299 0.0033489104087 
2665.36474299 0.00218087080759 
2668.36474299 0.000661449884029 
2671.36474299 0.000389735345145 
2674.36474299 0.000782319884479 
2677.36474299 0.00186935559993 
2680.36474299 0.00410630438525 
2683.36474299 0.0055781018115 
2686.36474299 0.00445533344764 
2689.36474299 0.00324310502386 
2692.36474299 0.00366855307113 
2695.36474299 0.00461187914882 
2698.36474299 0.0043739147493 
2701.36474299 0.00308692004967 
2704.36474299 0.00281401746556 
2707.36474299 0.00233422183205 
2710.36474299 0.0027113247528 
2713.36474299 0.00305437588676 
2716.36474299 0.00228228649073 
2719.36474299 0.00212746919516 
2722.36474299 0.00290916855446 
2725.36474299 0.00212527749834 
2728.36474299 0.00121950651134 
2731.36474299 0.00199256991696 
2734.36474299 0.00331068923469 
2737.36474299 0.00508311802973 
2740.36474299 0.00689421563669 
2743.36474299 0.00886049220072 
2746.36474299 0.00994609820839 
2749.36474299 0.00976742900876 
2752.36474299 0.00819857032271 
2755.36474299 0.00771840204701 
2758.36474299 0.00850500603176 
2761.36474299 0.010612446001 
2764.36474299 0.0125570523116 
2767.36474299 0.0126160283709 
2770.36474299 0.0131829388716 
2773.36474299 0.012487448824 
2776.36474299 0.0101339893094 
2779.36474299 0.00769095455462 
2782.36474299 0.00601049899321 
2785.36474299 0.0061085186093 
2788.36474299 0.00590635215818 
2791.36474299 0.00610513282204 
2794.36474299 0.0050569003734 
2797.36474299 0.00377257374517 
2800.36474299 0.00284870122548 
2803.36474299 0.00158178014177 
2806.36474299 0.00171088395772 
2809.36474299 0.00206041322509 
2812.36474299 0.00330210795079 
2815.36474299 0.00309030910778 
2818.36474299 0.000491805284017 
2821.36474299 -0.00262537430483 
2824.36474299 -0.00325922909979 
2827.36474299 -0.00181575177947 
2830.36474299 0.00130958779733 
2833.36474299 0.00452360897399 
2836.36474299 0.00795936440556 
2839.36474299 0.00890466817365 
2842.36474299 0.00835000370006 
2845.36474299 0.00761944930682 
2848.36474299 0.00738073027765 
2851.36474299 0.00638875488527 
2854.36474299 0.00513772564781 
2857.36474299 0.00530911161998 
2860.36474299 0.00573110192149 
2863.36474299 0.00571362208215 
2866.36474299 0.00545656531887 
2869.36474299 0.00581940433747 
2872.36474299 0.00704819419527 
2875.36474299 0.00911267307521 
2878.36474299 0.0110779679198 
2881.36474299 0.0106640720142 
2884.36474299 0.00824837587955 
2887.36474299 0.00703260770537 
2890.36474299 0.00744925719146 
2893.36474299 0.00831279835569 
2896.36474299 0.00872359911155 
2899.36474299 0.00869399893879 
2902.36474299 0.00893113861923 
2905.36474299 0.00890600734923 
2908.36474299 0.00953685904527 
2911.36474299 0.00909885704458 
2914.36474299 0.00824059034443 
2917.36474299 0.00814345572435 
2920.36474299 0.0079776764402 
2923.36474299 0.00681764152051 
2926.36474299 0.00466051888462 
2929.36474299 0.00152935183806 
2932.36474299 0.000288639445077 
2935.36474299 -0.000242855941617 
2938.36474299 0.000165905036291 
2941.36474299 -0.000685694405779 
2944.36474299 -0.000608713069954 
2947.36474299 0.000684324682876 
2950.36474299 0.00130750871088 
2953.36474299 0.00117998716406 
2956.36474299 0.00189543109151 
2959.36474299 0.00247175343602 
2962.36474299 0.00282880073047 
2965.36474299 0.00286077763617 
2968.36474299 0.000736055187801 
2971.36474299 0.000352748767435 
2974.36474299 0.000360642211086 
2977.36474299 0.00163595846202 
2980.36474299 0.00109296271222 
2983.36474299 0.000169628202003 
2986.36474299 -0.000800942473751 
2989.36474299 -0.00142283551265 
2992.36474299 -0.00183297555872 
2995.36474299 -0.00115065835425 
2998.36474299 -0.000399655571005 
3001.36474299 0.00013318005722 
3004.36474299 0.000656612602845 
3007.36474299 0.0024621668359 
3010.36474299 0.00430486029563 
3013.36474299 0.00566795881128 
3016.36474299 0.00626131032002 
3019.36474299 0.0061446810228 
3022.36474299 0.00533671237462 
3025.36474299 0.00414113182852 
3028.36474299 0.00251664502214 
3031.36474299 0.00194485594587 
3034.36474299 0.00212634869863 
3037.36474299 0.0023952984719 
3040.36474299 0.00178055321261 
3043.36474299 0.000659914983678 
3046.36474299 -0.000160149481215 
3049.36474299 -0.000701562713648 
3052.36474299 -0.00117386029557 
3055.36474299 -7.7039261827e-05 
3058.36474299 0.00274389531607 
3061.36474299 0.00623587719817 
3064.36474299 0.00864746702612 
3067.36474299 0.00935982900404 
3070.36474299 0.00753436726703 
3073.36474299 0.00610409876915 
3076.36474299 0.00677760689903 
3079.36474299 0.00882444379938 
3082.36474299 0.00969148289398 
3085.36474299 0.00927167517767 
3088.36474299 0.00738742381927 
3091.36474299 0.00652745815107 
3094.36474299 0.006402683059 
3097.36474299 0.00634134124743 
3100.36474299 0.00703466412957 
3103.36474299 0.00785234530523 
3106.36474299 0.00783256980306 
3109.36474299 0.00628642149771 
3112.36474299 0.0056851325934 
3115.36474299 0.00510727599102 
3118.36474299 0.0038541520138 
3121.36474299 0.00305319698236 
3124.36474299 0.00311153172328 
3127.36474299 0.00194756093103 
3130.36474299 0.00108559257386 
3133.36474299 0.00184961035304 
3136.36474299 0.00348268615316 
3139.36474299 0.00422634096384 
3142.36474299 0.00389106858968 
3145.36474299 0.00377701087405 
3148.36474299 0.00373563380614 
3151.36474299 0.0014731096174 
3154.36474299 -0.00233919000526 
3157.36474299 -0.0038615380391 
3160.36474299 -0.00303344858144 
3163.36474299 -0.000796078324948 
3166.36474299 0.00103364555097 
3169.36474299 0.0026460644742 
3172.36474299 0.00294038989599 
3175.36474299 0.00250665050147 
3178.36474299 0.000826044247772 
3181.36474299 -0.00136429622738 
3184.36474299 -0.00345465668478 
3187.36474299 -0.00271049349203 
3190.36474299 -0.000808986638904 
3193.36474299 -6.03773370574e-05 
3196.36474299 0.000264137899507 
3199.36474299 8.69471855293e-05 
3202.36474299 -0.000348755713569 
3205.36474299 -0.00124374262235 
3208.36474299 -0.00195903772656 
3211.36474299 -0.00264366975163 
3214.36474299 -0.00285459574747 
3217.36474299 -0.00274932140697 
3220.36474299 -0.00231854142229 
3223.36474299 -0.00117909831313 
3226.36474299 0.00133244174457 
3229.36474299 0.00355904275844 
3232.36474299 0.00439885584328 
3235.36474299 0.00447023726639 
3238.36474299 0.00405391112625 
3241.36474299 0.00145229620742 
3244.36474299 -0.000389304587122 
3247.36474299 -0.00205653400816 
3250.36474299 -0.00266328147814 
3253.36474299 -0.00266873256761 
3256.36474299 -0.0036858497434 
3259.36474299 -0.00295925773989 
3262.36474299 -0.000347226069925 
3265.36474299 0.00241637389957 
3268.36474299 0.00475370186201 
3271.36474299 0.00646007369515 
3274.36474299 0.0084422871963 
3277.36474299 0.0101663902562 
3280.36474299 0.0104993281847 
3283.36474299 0.00908354670707 
3286.36474299 0.00624778492695 
3289.36474299 0.00364992353132 
3292.36474299 0.00268138371172 
3295.36474299 0.00264879071983 
3298.36474299 0.00225709284113 
3301.36474299 0.000461733993399 
3304.36474299 -0.00148162875533 
3307.36474299 -0.00158312270502 
3310.36474299 -0.00102261358976 
3313.36474299 -0.000744633259272 
3316.36474299 -0.00106462333169 
3319.36474299 -0.000881750284203 
3322.36474299 -0.00220580792983 
3325.36474299 -0.00375744283662 
3328.36474299 -0.00520691327142 
3331.36474299 -0.00566109051332 
3334.36474299 -0.00458660723268 
3337.36474299 -0.00251584623614 
3340.36474299 -0.000826102188377 
3343.36474299 -0.000245628300255 
3346.36474299 -0.000715814700597 
3349.36474299 -0.00168055450433 
3352.36474299 -0.000599956854488 
3355.36474299 0.000985788246969 
3358.36474299 0.00234824883189 
3361.36474299 0.00243499643043 
3364.36474299 0.00238591209395 
3367.36474299 0.00315192566996 
3370.36474299 0.00507175185871 
3373.36474299 0.00717489441066 
3376.36474299 0.00745347751034 
3379.36474299 0.0061927268674 
3382.36474299 0.00559961926991 
3385.36474299 0.00455813970529 
3388.36474299 0.00229650647017 
3391.36474299 0.000218902553883 
3394.36474299 -0.000242368936817 
3397.36474299 9.72531953539e-05 
3400.36474299 0.00119814021248 
3403.36474299 0.00154983769671 
3406.36474299 0.00119928010043 
3409.36474299 0.0015955672021 
3412.36474299 0.00277377818291 
3415.36474299 0.00366490678477 
3418.36474299 0.00432950467764 
3421.36474299 0.00554108383956 
3424.36474299 0.00602785547514 
3427.36474299 0.00490081819706 
3430.36474299 0.00325664139762 
3433.36474299 0.00151023961563 
3436.36474299 9.7687596568e-05 
3439.36474299 -0.00083734827283 
3442.36474299 -0.000502746304178 
3445.36474299 0.000887781363793 
3448.36474299 0.00352577714154 
3451.36474299 0.00511427325356 
3454.36474299 0.00405218178611 
3457.36474299 0.00259864195837 
3460.36474299 0.00289424557792 
3463.36474299 0.00398033683816 
3466.36474299 0.00377725642072 
3469.36474299 0.00169850990053 
3472.36474299 -0.000260341884582 
3475.36474299 -0.00100889708614 
3478.36474299 -0.000448132670094 
3481.36474299 0.000690996788812 
3484.36474299 0.00117527096239 
3487.36474299 0.000874493340289 
3490.36474299 -0.000690926407332 
3493.36474299 -0.00025363090821 
3496.36474299 0.00104607416111 
3499.36474299 0.00164528105858 
3502.36474299 0.00184385963121 
3505.36474299 0.00049694663656 
3508.36474299 -0.00165972474015 
3511.36474299 -0.00193547353965 
3514.36474299 -0.000660694495078 
3517.36474299 0.000730926977028 
3520.36474299 0.00213613902539 
3523.36474299 0.00266704247755 
3526.36474299 0.00303181596472 
3529.36474299 0.00264738168843 
3532.36474299 0.0011962086643 
3535.36474299 0.00013266127854 
3538.36474299 -0.000229928542889 
3541.36474299 0.000190118981522 
3544.36474299 0.000467529192816 
3547.36474299 0.00166941904438 
3550.36474299 0.00291487476949 
3553.36474299 0.00425597524679 
3556.36474299 0.00473248251736 
3559.36474299 0.00418012398639 
3562.36474299 0.00439008017799 
3565.36474299 0.00495980126531 
3568.36474299 0.00629519202311 
3571.36474299 0.00752145165209 
3574.36474299 0.00845598454214 
3577.36474299 0.0080428596204 
3580.36474299 0.00610152461761 
3583.36474299 0.00420105175897 
3586.36474299 0.00207886403682 
3589.36474299 0.0013217582447 
3592.36474299 0.000505130221293 
3595.36474299 0.00131895081213 
3598.36474299 0.00309542867419 
3601.36474299 0.00315678940991 
3604.36474299 0.0023656029775 
3607.36474299 0.00113880517843 
3610.36474299 -0.000448676973012 
3613.36474299 -0.000508301885318 
3616.36474299 -0.000273670063494 
3619.36474299 0.00284634458484 
3622.36474299 0.00514765778887 
3625.36474299 0.00760051441068 
3628.36474299 0.00992362192642 
3631.36474299 0.0102426036454 
3634.36474299 0.0096454958099 
3637.36474299 0.00973067504038 
3640.36474299 0.0100595776861 
3643.36474299 0.0100493577111 
3646.36474299 0.0097189514132 
3649.36474299 0.0087787202516 
3652.36474299 0.00603533588756 
3655.36474299 0.00463219433969 
3658.36474299 0.00514589387127 
3661.36474299 0.00587042571247 
3664.36474299 0.0065623743743 
3667.36474299 0.00543081445822 
3670.36474299 0.00266793027714 
3673.36474299 0.000542793541761 
3676.36474299 -0.00120485805178 
3679.36474299 -0.00128881901096 
3682.36474299 -0.00104201493113 
3685.36474299 -0.00103831385819 
3688.36474299 -0.001532179947 
3691.36474299 -0.000396423162798 
3694.36474299 -0.000443366821732 
3697.36474299 -0.000740060390504 
3700.36474299 -0.00047968924358 
3703.36474299 -0.000207003089819 
3706.36474299 -0.00110947368186 
3709.36474299 -0.00214547330352 
3712.36474299 -0.00155491602716 
3715.36474299 -0.000475855292745 
3718.36474299 0.0007038155051 
3721.36474299 0.003678911356 
3724.36474299 0.00637069470536 
3727.36474299 0.00805931101401 
3730.36474299 0.00722887169102 
3733.36474299 0.0052752387949 
3736.36474299 0.00438390716728 
3739.36474299 0.00502868843884 
3742.36474299 0.00483562286801 
3745.36474299 0.00443176937755 
3748.36474299 0.00446048315251 
3751.36474299 0.00494613242251 
3754.36474299 0.00474754520551 
3757.36474299 0.00421683309752 
3760.36474299 0.00343816931192 
3763.36474299 0.00345371842079 
3766.36474299 0.00446717856318 
3769.36474299 0.00505855261516 
3772.36474299 0.00554028762351 
3775.36474299 0.00523173988597 
3778.36474299 0.00503157939465 
3781.36474299 0.00439173382154 
3784.36474299 0.00249409140816 
3787.36474299 0.000644544077209 
3790.36474299 5.97641603122e-05 
3793.36474299 -0.000176279573146 
3796.36474299 -0.000463819095864 
3799.36474299 -0.00175165884052 
3802.36474299 -0.00329312318534 
3805.36474299 -0.0039974573523 
3808.36474299 -0.00322401149196 
3811.36474299 -0.000464511900785 
3814.36474299 0.00272872819465 
3817.36474299 0.00472238403069 
3820.36474299 0.00523290243617 
3823.36474299 0.00512198122303 
3826.36474299 0.00424321756672 
3829.36474299 0.00305442354758 
3832.36474299 0.00175484253657 
3835.36474299 0.00059050850579 
3838.36474299 0.000823049676402 
3841.36474299 0.0029370403216 
3844.36474299 0.00502889029643 
3847.36474299 0.0052919172783 
3850.36474299 0.00351045605698 
3853.36474299 0.000893680500009 
3856.36474299 -0.000350848117016 
3859.36474299 8.09264587344e-05 
3862.36474299 0.00231065192117 
3865.36474299 0.00409596993079 
3868.36474299 0.00383146966888 
3871.36474299 0.00262512081468 
3874.36474299 0.00103399494684 
3877.36474299 -0.000446874652239 
3880.36474299 -0.00191734338711 
3883.36474299 -0.00266064027437 
3886.36474299 -0.00163205891915 
3889.36474299 0.00127196273401 
3892.36474299 0.00364763230749 
3895.36474299 0.0043218896935 
3898.36474299 0.00407714063608 
3901.36474299 0.00370312608973 
3904.36474299 0.00360224542266 
3907.36474299 0.0046135122328 
3910.36474299 0.00585597934414 
3913.36474299 0.0058370280938 
3916.36474299 0.00454343914592 
3919.36474299 0.00246026507573 
3922.36474299 0.000298531839588 
3925.36474299 -0.000372824632064 
3928.36474299 -0.000316152091444 
3931.36474299 0.000229173971648 
3934.36474299 0.000952701825411 
3937.36474299 0.00149523183087 
3940.36474299 0.00094575432638 
3943.36474299 0.000102138268776 
3946.36474299 -0.0014857487295 
3949.36474299 -0.00253978762106 
3952.36474299 -0.00235192408855 
3955.36474299 -0.00100191886457 
3958.36474299 0.00010287467517 
3961.36474299 -0.000208312900852 
3964.36474299 -0.00176006793803 
3967.36474299 -0.00259726259817 
3970.36474299 -0.00210469433218 
3973.36474299 -0.000986973459417 
3976.36474299 0.000599762881959 
3979.36474299 0.00192573134097 
3982.36474299 0.00191325144872 
3985.36474299 0.00119371581652 
3988.36474299 0.00061381079182 
3991.36474299 -2.9016922744e-05 
3994.36474299 -0.000114846331358 
3997.36474299 0.00113919359075 
4000.36474299 0.00252584426128 
4003.36474299 0.00227779212214 
4006.36474299 0.00203908267185 
4009.36474299 0.00256391707931 
4012.36474299 0.0025443885256 
4015.36474299 0.00220140280846 
4018.36474299 0.00166983011895 
4021.36474299 0.000721597313118 
4024.36474299 -0.000873722940516 
4027.36474299 -0.00117343578719 
4030.36474299 -0.00122877081684 
4033.36474299 -0.00066937495554 
4036.36474299 0.000546138501929 
4039.36474299 0.00202056761147 
4042.36474299 0.00214085183941 
4045.36474299 0.00207282956958 
4048.36474299 0.00223985224041 
4051.36474299 0.0029928976344 
4054.36474299 0.00309099458251 
4057.36474299 0.00222887623394 
4060.36474299 0.000954357746865 
4063.36474299 0.000307834781899 
4066.36474299 0.000968826485411 
4069.36474299 0.0029424108082 
4072.36474299 0.00434869937198 
4075.36474299 0.00515984914625 
4078.36474299 0.00563113335167 
4081.36474299 0.00609371992471 
4084.36474299 0.00616708300996 
4087.36474299 0.00541096185766 
4090.36474299 0.004654493529 
4093.36474299 0.00518960304852 
4096.36474299 0.00559584752345 
4099.36474299 0.00565526280992 
4102.36474299 0.00508456607759 
4105.36474299 0.00398904054495 
4108.36474299 0.0026873055686 
4111.36474299 0.00229846827362 
4114.36474299 0.00217964190605 
4117.36474299 0.00224667825108 
4120.36474299 0.00218900328543 
4123.36474299 0.00305523565057 
4126.36474299 0.00321021134827 
4129.36474299 0.00173608847118 
4132.36474299 -0.000161534901232 
4135.36474299 -0.00138170913131 
4138.36474299 -0.00106456807785 
4141.36474299 -0.00105624063454 
4144.36474299 -0.00118933779639 
4147.36474299 -0.00107243596806 
4150.36474299 -0.000763931160308 
4153.36474299 -0.00116412802623 
4156.36474299 -0.000658902483293 
4159.36474299 0.000249009181261 
4162.36474299 0.00131843355206 
4165.36474299 0.00214795867511 
4168.36474299 0.0025995323279 
4171.36474299 0.00328531545523 
4174.36474299 0.00601401888494 
4177.36474299 0.00844649723539 
4180.36474299 0.00829481807773 
4183.36474299 0.00696965383665 
4186.36474299 0.00599612785421 
4189.36474299 0.00510030676427 
4192.36474299 0.00383356020327 
4195.36474299 0.00218373956841 
4198.36474299 -0.000213181065196 
4201.36474299 -0.00210414763454 
4204.36474299 -0.00245608400694 
4207.36474299 -0.0012893374392 
4210.36474299 -0.000110201139048 
4213.36474299 0.00170458034702 
4216.36474299 0.00356306799504 
4219.36474299 0.00533236542748 
4222.36474299 0.00662220973015 
4225.36474299 0.00737893645522 
4228.36474299 0.007173480473 
4231.36474299 0.00665601433485 
4234.36474299 0.00611543129725 
4237.36474299 0.00597842559771 
4240.36474299 0.00604743753045 
4243.36474299 0.00468915322488 
4246.36474299 0.00292381374317 
4249.36474299 0.00246562691798 
4252.36474299 0.00245855162253 
4255.36474299 0.00338780958124 
4258.36474299 0.00568668998078 
4261.36474299 0.00771034316307 
4264.36474299 0.00860843374912 
4267.36474299 0.00925897216737 
4270.36474299 0.00960280947123 
4273.36474299 0.00915261284232 
4276.36474299 0.00786681176587 
4279.36474299 0.0067267182267 
4282.36474299 0.00648198505622 
4285.36474299 0.00685967042023 
4288.36474299 0.00653662631723 
4291.36474299 0.00543570763573 
4294.36474299 0.00444249259477 
4297.36474299 0.00205810471253 
4300.36474299 -6.02999356814e-05 
4303.36474299 -0.000992394877685 
4306.36474299 0.000122234196507 
4309.36474299 0.00110870316527 
4312.36474299 0.000828769500465 
4315.36474299 0.000354473172113 
4318.36474299 -0.000199245678092 
4321.36474299 -0.000943278416873 
4324.36474299 -0.0010204290187 
4327.36474299 -0.00044671014648 
4330.36474299 -0.000100779767485 
4333.36474299 -0.000704416697281 
4336.36474299 -0.000128660879885 
4339.36474299 0.000966617616675 
4342.36474299 0.00238084602915 
4345.36474299 0.00244900730971 
4348.36474299 0.00309652347126 
4351.36474299 0.00403444168131 
4354.36474299 0.00527315106408 
4357.36474299 0.00527716064737 
4360.36474299 0.00562192079554 
4363.36474299 0.00658579265836 
4366.36474299 0.00743037416151 
4369.36474299 0.00737391384587 
4372.36474299 0.00638747458481 
4375.36474299 0.0056254780683 
4378.36474299 0.00557875971772 
4381.36474299 0.0061366305496 
4384.36474299 0.0062515655514 
4387.36474299 0.00633726764911 
4390.36474299 0.0058090460526 
4393.36474299 0.00491480477866 
4396.36474299 0.00250875528739 
4399.36474299 0.00101468063319 
4402.36474299 0.000805133939143 
4405.36474299 0.00197670353655 
4408.36474299 0.00348425779206 
4411.36474299 0.00586684647835 
4414.36474299 0.00846189915644 
4417.36474299 0.00953586377521 
4420.36474299 0.00975200559362 
4423.36474299 0.0101673799191 
4426.36474299 0.0104623676861 
4429.36474299 0.00996597557388 
4432.36474299 0.0089822599885 
4435.36474299 0.00735297439172 
4438.36474299 0.00621699977537 
4441.36474299 0.00632800229227 
4444.36474299 0.00633525982026 
4447.36474299 0.00593054936956 
4450.36474299 0.0048762551188 
4453.36474299 0.00356117044024 
4456.36474299 0.00220038697882 
4459.36474299 0.00130079367516 
4462.36474299 0.00101462806611 
4465.36474299 0.00228479615998 
4468.36474299 0.00453004131563 
4471.36474299 0.00596556605432 
4474.36474299 0.00633635228101 
4477.36474299 0.0060757391795 
4480.36474299 0.00577555030871 
4483.36474299 0.00467562549549 
4486.36474299 0.00341275978685 
4489.36474299 0.00210423431181 
4492.36474299 0.00136297585913 
4495.36474299 0.00136605313604 
4498.36474299 0.00115111708965 
4501.36474299 0.000171745443397 
4504.36474299 -0.000908348643015 
4507.36474299 -0.00223168471784 
4510.36474299 -0.00181512249311 
4513.36474299 -0.000382307324587 
4516.36474299 0.000731446923866 
4519.36474299 0.000956298348265 
4522.36474299 0.000101233304577 
4525.36474299 -0.000532292040803 
4528.36474299 -0.000575761745794 
4531.36474299 0.000355758612463 
4534.36474299 0.00199134498716 
4537.36474299 0.00317058908633 
4540.36474299 0.0039400812013 
4543.36474299 0.00488973378558 
4546.36474299 0.00577656473655 
4549.36474299 0.00614243535711 
4552.36474299 0.00527063018052 
4555.36474299 0.00410501333774 
4558.36474299 0.00211104373464 
4561.36474299 0.000301282412091 
4564.36474299 0.000166448112644 
4567.36474299 0.000129042692115 
4570.36474299 0.000308045371465 
4573.36474299 -7.0765862597e-05 
4576.36474299 -6.18474411812e-05 
4579.36474299 -0.000813371843193 
4582.36474299 -0.00134738224346 
4585.36474299 -0.00174383206945 
4588.36474299 -0.00225973825027 
4591.36474299 -0.0024932335134 
4594.36474299 -0.00356410087977 
4597.36474299 -0.00471239908891 
4600.36474299 -0.00463044490724 
4603.36474299 -0.00314400439496 
4606.36474299 -0.00103038428928 
4609.36474299 0.00106109608057 
4612.36474299 0.00338770327892 
4615.36474299 0.00568742591991 
4618.36474299 0.00749755956341 
4621.36474299 0.00860349571437 
4624.36474299 0.00946312401873 
4627.36474299 0.0114253003505 
4630.36474299 0.0121266629588 
4633.36474299 0.0111549354714 
4636.36474299 0.00930078005171 
4639.36474299 0.00860977292471 
4642.36474299 0.00826385162814 
4645.36474299 0.00742319092832 
4648.36474299 0.00497011936556 
4651.36474299 0.000220854807653 
4654.36474299 -0.00351369652548 
4657.36474299 -0.00555048984255 
4660.36474299 -0.0071715703021 
4663.36474299 -0.006092655967 
4666.36474299 -0.00453222576987 
4669.36474299 -0.00449782540493 
4672.36474299 -0.00385685396175 
4675.36474299 -0.00258288935649 
4678.36474299 -0.00293028720395 
4681.36474299 -0.00451629397265 
4684.36474299 -0.00534084344628 
4687.36474299 -0.00484111040399 
4690.36474299 -0.00338843851716 
4693.36474299 -0.00164453647508 
4696.36474299 -0.00067625102175 
4699.36474299 -2.96004812246e-05 
4702.36474299 0.000581013197168 
4705.36474299 0.000744341628789 
4708.36474299 -0.000569109498533 
4711.36474299 -0.00123795568765 
4714.36474299 -0.00216527053342 
4717.36474299 -0.00276337270448 
4720.36474299 -0.00232135037345 
4723.36474299 -0.0013835375312 
4726.36474299 0.000346954823788 
4729.36474299 0.00177792929756 
4732.36474299 0.00255718498849 
4735.36474299 0.00173553126013 
4738.36474299 0.000154385179561 
4741.36474299 -0.00151573871636 
4744.36474299 -0.00244432603594 
4747.36474299 -0.00348248336105 
4750.36474299 -0.00358799740744 
4753.36474299 -0.00433880040658 
4756.36474299 -0.00408831289299 
4759.36474299 -0.00337286324156 
4762.36474299 -0.00162814570884 
4765.36474299 0.000636865019636 
4768.36474299 0.00154213451669 
4771.36474299 0.00196848601685 
4774.36474299 0.000724509003724 
4777.36474299 -0.00105814917002 
4780.36474299 -0.00237006814216 
4783.36474299 -0.00371665989354 
4786.36474299 -0.00418993604088 
4789.36474299 -0.00466875719752 
4792.36474299 -0.00381898463674 
4795.36474299 -0.00280692861949 
4798.36474299 -0.0024205381469 
4801.36474299 -0.00301866251295 
4804.36474299 -0.00439114320118 
4807.36474299 -0.00667775140685 
4810.36474299 -0.00779914414861 
4813.36474299 -0.00786690708751 
4816.36474299 -0.00851980798719 
4819.36474299 -0.00860784780139 
4822.36474299 -0.00730415522695 
4825.36474299 -0.00437033084255 
4828.36474299 -0.00166780838902 
4831.36474299 0.000739499558159 
4834.36474299 0.00256449952257 
4837.36474299 0.00587711271241 
4840.36474299 0.00747543326139 
4843.36474299 0.00788837875415 
4846.36474299 0.00662393346314 
4849.36474299 0.0048730324063 
4852.36474299 0.00511983742066 
4855.36474299 0.00556710617998 
4858.36474299 0.00533376441273 
4861.36474299 0.00400354812473 
4864.36474299 0.003783905806 
4867.36474299 0.00424502774336 
4870.36474299 0.0057816415484 
4873.36474299 0.00592809857544 
4876.36474299 0.00451289930739 
4879.36474299 0.00256295054592 
4882.36474299 0.0012902521064 
4885.36474299 0.00122579505281 
4888.36474299 0.00100433905297 
4891.36474299 0.000676646326198 
4894.36474299 0.000615896770402 
4897.36474299 -0.000343275595394 
4900.36474299 -0.00163070817881 
4903.36474299 -0.00161565752267 
4906.36474299 -0.000712976662312 
4909.36474299 0.000514524484305 
4912.36474299 0.00172772539907 
4915.36474299 0.00154530033993 
4918.36474299 0.000668550411674 
4921.36474299 -0.00114216596713 
4924.36474299 -0.00242993737458 
4927.36474299 -0.00177982661873 
4930.36474299 -0.00288518768582 
4933.36474299 -0.00512941724546 
4936.36474299 -0.0072932268813 
4939.36474299 -0.00714498444257 
4942.36474299 -0.00493060620952 
4945.36474299 -0.00054578349891 
4948.36474299 0.00203772176854 
4951.36474299 0.000636740786102 
4954.36474299 -0.0025108058708 
4957.36474299 -0.00433658324393 
4960.36474299 -0.00532392806057 
4963.36474299 -0.0045501887591 
4966.36474299 -0.00215195797861 
4969.36474299 -2.1332073666e-05 
4972.36474299 0.0020256635811 
4975.36474299 0.0030928519527 
4978.36474299 0.00255045757031 
4981.36474299 0.00142121773154 
4984.36474299 0.000280703801742 
4987.36474299 -0.00089283603906 
4990.36474299 -0.00231344288271 
4993.36474299 -0.0027884722006 
4996.36474299 -0.00395787597587 
4999.36474299 -0.00425833071927 
5002.36474299 -0.00317159113171 
5005.36474299 -0.000962419668009 
5008.36474299 0.001559572536 
5011.36474299 0.00388184715555 
5014.36474299 0.00552196857992 
5017.36474299 0.00535716026816 
5020.36474299 0.00530711780902 
5023.36474299 0.00467521243505 
5026.36474299 0.00214636414032 
5029.36474299 0.00023130775707 
5032.36474299 -0.000899686989886 
5035.36474299 -0.0020125463422 
5038.36474299 -0.00336229749195 
5041.36474299 -0.00368825708207 
5044.36474299 -0.00276446983787 
5047.36474299 -0.00115450614775 
5050.36474299 -0.000981288738483 
5053.36474299 -0.00176741459643 
5056.36474299 -0.0041398057363 
5059.36474299 -0.00582680811876 
5062.36474299 -0.00712998997481 
5065.36474299 -0.00538876593346 
5068.36474299 -0.00226361349547 
5071.36474299 0.00133561142273 
5074.36474299 0.00180186390717 
5077.36474299 0.00297768775843 
5080.36474299 0.00444162815833 
5083.36474299 0.00559740117273 
5086.36474299 0.00503837993949 
5089.36474299 0.00411268626249 
5092.36474299 0.00246102297622 
5095.36474299 0.000528396002405 
5098.36474299 -0.0020317281868 
5101.36474299 -0.00358098589339 
5104.36474299 -0.00536741061529 
5107.36474299 -0.0067925709947 
5110.36474299 -0.00589838252147 
5113.36474299 -0.00484030624447 
5116.36474299 -0.00425994698178 
5119.36474299 -0.00256805983254 
5122.36474299 -0.00152182610114 
5125.36474299 -0.0013814945408 
5128.36474299 -0.000848802873371 
5131.36474299 5.84554918839e-05 
5134.36474299 -0.000450824601099 
5137.36474299 -0.00138367829416 
5140.36474299 -0.00114064058726 
5143.36474299 -0.00154034910499 
5146.36474299 -0.0035276714255 
5149.36474299 -0.0037002542917 
5152.36474299 -0.0014260541366 
5155.36474299 0.000106229090111 
5158.36474299 -0.000654796643835 
5161.36474299 -5.4434293639e-06 
5164.36474299 0.00100670363708 
5167.36474299 0.000466547560989 
5170.36474299 0.00156348796581 
5173.36474299 0.0029932198122 
5176.36474299 0.00360614543279 
5179.36474299 0.00463063882136 
5182.36474299 0.0066767117468 
5185.36474299 0.00827789942118 
5188.36474299 0.00960125255111 
5191.36474299 0.00861421472622 
5194.36474299 0.00505460611237 
5197.36474299 0.00140587129797 
5200.36474299 -0.0025419645991 
5203.36474299 -0.00349839786954 
5206.36474299 -0.00299533534517 
5209.36474299 -0.000890940294902 
5212.36474299 -0.000542086806563 
5215.36474299 -0.00165240938837 
5218.36474299 -0.00156605837925 
5221.36474299 0.000208553804101 
5224.36474299 0.000791708481928 
5227.36474299 0.000516891579954 
5230.36474299 -0.000206825705126 
5233.36474299 -0.000149587557319 
5236.36474299 0.000752476559768 
5239.36474299 0.00189635802437 
5242.36474299 0.00473934801174 
5245.36474299 0.00697959298666 
5248.36474299 0.00872602514074 
5251.36474299 0.00769079802153 
5254.36474299 0.00633134836218 
5257.36474299 0.0063348570396 
5260.36474299 0.00559581014242 
5263.36474299 0.00353600459278 
5266.36474299 0.000643061802346 
5269.36474299 -0.000815762301989 
5272.36474299 -0.000786091630935 
5275.36474299 -0.000739799482559 
5278.36474299 -0.00109379444026 
5281.36474299 -0.00274858126247 
5284.36474299 -0.00404852031371 
5287.36474299 -0.00520381718717 
5290.36474299 -0.00538244246409 
5293.36474299 -0.00435097120439 
5296.36474299 -0.00307664727392 
5299.36474299 -0.00284183105846 
5302.36474299 -0.00264457600811 
5305.36474299 -0.00281886975756 
5308.36474299 -0.0031332652908 
5311.36474299 -0.00165085994446 
5314.36474299 0.000513844616726 
5317.36474299 0.000942397976678 
5320.36474299 0.000623980127234 
5323.36474299 -0.00106446621453 
5326.36474299 -0.00246006625535 
5329.36474299 -0.00380890741053 
5332.36474299 -0.00506279582992 
5335.36474299 -0.00699954044159 
5338.36474299 -0.00884492580312 
5341.36474299 -0.0125963182856 
5344.36474299 -0.0148172031551 
5347.36474299 -0.0150086884426 
5350.36474299 -0.0134854888221 
5353.36474299 -0.0131648978495 
5356.36474299 -0.0122377528538 
5359.36474299 -0.00914229941469 
5362.36474299 -0.00273715107642 
5365.36474299 0.00315694547573 
5368.36474299 0.00720303999388 
5371.36474299 0.00926441204252 
5374.36474299 0.010375756762 
5377.36474299 0.00865836640147 
5380.36474299 0.0071553595489 
5383.36474299 0.00805464025366 
5386.36474299 0.00934651761739 
5389.36474299 0.00838645955469 
5392.36474299 0.00667565573256 
5395.36474299 0.00335331062381 
5398.36474299 -0.00137861771969 
5401.36474299 -0.00378734369309 
5404.36474299 -0.00490696363925 
5407.36474299 -0.00415544923228 
5410.36474299 -0.0040670851376 
5413.36474299 -0.00203751056569 
5416.36474299 -0.00170408691736 
5419.36474299 -0.00124743948992 
5422.36474299 -0.00131103783105 
5425.36474299 -0.0014850078841 
5428.36474299 -0.00101924088586 
5431.36474299 -0.000588373698231 
5434.36474299 -0.000665501754618 
5437.36474299 -0.00139030992344 
5440.36474299 -0.000894102204813 
5443.36474299 0.00122639034579 
5446.36474299 0.00382839274241 
5449.36474299 0.00549515843418 
5452.36474299 0.00468799347826 
5455.36474299 0.00267709517246 
5458.36474299 0.00155340232887 
5461.36474299 0.000133343789075 
5464.36474299 -0.00310334223935 
5467.36474299 -0.00713659240016 
5470.36474299 -0.0120061063165 
5473.36474299 -0.0159784805269 
5476.36474299 -0.0168836099619 
5479.36474299 -0.0168247273552 
5482.36474299 -0.0162435270192 
5485.36474299 -0.0140917662255 
5488.36474299 -0.00989655805691 
5491.36474299 -0.00511090849312 
5494.36474299 -0.00106486408892 
5497.36474299 0.00186000520123 
5500.36474299 0.00229124579035 
5503.36474299 0.000623553340946 
5506.36474299 -0.00040944814647 
5509.36474299 -0.000278232827701 
5512.36474299 0.00182575821534 
5515.36474299 0.00541268185255 
5518.36474299 0.00907942451341 
5521.36474299 0.011093121257 
5524.36474299 0.0117528582135 
5527.36474299 0.00885492242647 
5530.36474299 0.00373770027649 
5533.36474299 -0.00183056226245 
5536.36474299 -0.00585317810281 
5539.36474299 -0.00661244580375 
5542.36474299 -0.00577442794313 
5545.36474299 -0.00529409752718 
5548.36474299 -0.00688784357197 
5551.36474299 -0.00827952362716 
5554.36474299 -0.00749130758527 
5557.36474299 -0.00556814770907 
5560.36474299 -0.00222977337879 
5563.36474299 0.000526765488374 
5566.36474299 0.00155899616716 
5569.36474299 0.00192120776844 
5572.36474299 0.00254760516369 
5575.36474299 0.00168811026289 
5578.36474299 0.00047881002995 
5581.36474299 -0.00110494438536 
5584.36474299 -0.00170114351128 
5587.36474299 -0.00244649156603 
5590.36474299 -0.00381475520623 
5593.36474299 -0.00618572446497 
5596.36474299 -0.00661108139596 
5599.36474299 -0.00700153004719 
5602.36474299 -0.0071126269512 
5605.36474299 -0.00720935505252 
5608.36474299 -0.00580754240046 
5611.36474299 -0.0044077987887 
5614.36474299 -0.00541521488495 
5617.36474299 -0.00621912909259 
5620.36474299 -0.00559637553058 
5623.36474299 -0.00325005042021 
5626.36474299 0.000611622249022 
5629.36474299 0.00328752911341 
5632.36474299 0.00769258950764 
5635.36474299 0.0153292710045 
5638.36474299 0.0243507689311 
5641.36474299 0.0286671159516 
5644.36474299 0.0262133406909 
5647.36474299 0.0193753082829 
5650.36474299 0.0117864899309 
5653.36474299 0.00525897944636 
5656.36474299 0.00102650951134 
5659.36474299 -0.00213008586763 
5662.36474299 -0.00502298128929 
5665.36474299 -0.00713611111933 
5668.36474299 -0.0084517586161 
5671.36474299 -0.009309330029 
5674.36474299 -0.00999062182494 
5677.36474299 -0.00994519452186 
5680.36474299 -0.00951732745436 
5683.36474299 -0.00919729439374 
5686.36474299 -0.0080967406446 
5689.36474299 -0.00550443967797 
5692.36474299 -0.00144715760005 
5695.36474299 0.0011793928056 
5698.36474299 0.00142769866852 
5701.36474299 0.00204629183813 
5704.36474299 0.0014232263781 
5707.36474299 0.00111991116779 
5710.36474299 0.000748803522608 
5713.36474299 0.000528936684035 
5716.36474299 -0.00275228619032 
5719.36474299 -0.00942102923494 
5722.36474299 -0.0190539790349 
5725.36474299 -0.0287314561895 
5728.36474299 -0.0335513893025 
5731.36474299 -0.0326464505108 
5734.36474299 -0.025253943338 
5737.36474299 -0.0139602812376 
5740.36474299 -0.00292684534513 
5743.36474299 0.0075490388561 
5746.36474299 0.0154080122861 
5749.36474299 0.0199435430068 
5752.36474299 0.0222176276311 
5755.36474299 0.0212435563528 
5758.36474299 0.0175554499631 
5761.36474299 0.0134146648436 
5764.36474299 0.0068093377908 
5767.36474299 -0.000394024088841 
5770.36474299 -0.00810396546419 
5773.36474299 -0.0143448741497 
5776.36474299 -0.0169971342969 
5779.36474299 -0.0180942770265 
5782.36474299 -0.0171588371791 
5785.36474299 -0.0158122321108 
5788.36474299 -0.0132798034137 
5791.36474299 -0.0102521236606 
5794.36474299 -0.00536216839236 
5797.36474299 -0.00204654602917 
5800.36474299 -0.000385854580405 
5803.36474299 0.000488095712736 
5806.36474299 0.00031881797254 
5809.36474299 -0.00172972049501 
5812.36474299 -0.00716982086965 
5815.36474299 -0.013335095572 
5818.36474299 -0.0158749817856 
5821.36474299 -0.0139142259332 
5824.36474299 -0.00909808045358 
5827.36474299 -0.00350873816478 
5830.36474299 -0.000167397839172 
5833.36474299 0.000792964017449 
5836.36474299 -0.00216102825318 
5839.36474299 -0.0061353923028 
5842.36474299 -0.0102099316861 
5845.36474299 -0.0126217420622 
5848.36474299 -0.014093714712 
5851.36474299 -0.0152019147519 
5854.36474299 -0.012028873236 
5857.36474299 -0.00736986454523 
5860.36474299 0.00043394531145 
5863.36474299 0.00958100230979 
5866.36474299 0.0166893799718 
5869.36474299 0.0176250964389 
5872.36474299 0.015008738907 
5875.36474299 0.0100911786788 
5878.36474299 0.00708711252559 
5881.36474299 0.00300918104699 
5884.36474299 0.00165448333493 
5887.36474299 0.00305535340083 
5890.36474299 0.00384560273741 
5893.36474299 -0.00100980976748 
5896.36474299 -0.00668279644482 
5899.36474299 -0.0120366223246 
5902.36474299 -0.0136922087506 
5905.36474299 -0.012328861651 
5908.36474299 -0.0122309280113 
5911.36474299 -0.0122570601585 
5914.36474299 -0.0128702324939 
5917.36474299 -0.0088520169855 
5920.36474299 -0.00262129112762 
5923.36474299 0.00579616454786 
5926.36474299 0.0114629383803 
5929.36474299 0.0123773691514 
5932.36474299 0.00609388299948 
5935.36474299 -0.00309457545206 
5938.36474299 -0.0132495051502 
5941.36474299 -0.0248702045826 
5944.36474299 -0.03386197711 
5947.36474299 -0.0368111052902 
5950.36474299 -0.035076412183 
5953.36474299 -0.0289686556796 
5956.36474299 -0.0215960146579 
5959.36474299 -0.0188026177396 
5962.36474299 -0.0219577696265 
5965.36474299 -0.0236374771 
5968.36474299 -0.0195474329978 
5971.36474299 -0.00945274984692 
5974.36474299 0.00336750280111 
5977.36474299 0.0158887585661 
5980.36474299 0.0261547590015 
5983.36474299 0.0296159251263 
5986.36474299 0.0271786517235 
5989.36474299 0.0168720349243 
5992.36474299 0.00464024387837 
5995.36474299 -0.0053328985745 
5998.36474299 -0.0110603567796 
