1.47962634927 nan 
4.47962634927 nan 
7.47962634927 nan 
10.4796263493 nan 
13.4796263493 nan 
16.4796263493 nan 
19.4796263493 nan 
22.4796263493 nan 
25.4796263493 nan 
28.4796263493 nan 
31.4796263493 nan 
34.4796263493 nan 
37.4796263493 nan 
40.4796263493 nan 
43.4796263493 nan 
46.4796263493 nan 
49.4796263493 nan 
52.4796263493 nan 
55.4796263493 nan 
58.4796263493 nan 
61.4796263493 nan 
64.4796263493 nan 
67.4796263493 nan 
70.4796263493 nan 
73.4796263493 nan 
76.4796263493 nan 
79.4796263493 nan 
82.4796263493 nan 
85.4796263493 nan 
88.4796263493 nan 
91.4796263493 nan 
94.4796263493 nan 
97.4796263493 nan 
100.479626349 nan 
103.479626349 nan 
106.479626349 nan 
109.479626349 nan 
112.479626349 nan 
115.479626349 nan 
118.479626349 nan 
121.479626349 nan 
124.479626349 nan 
127.479626349 nan 
130.479626349 nan 
133.479626349 nan 
136.479626349 nan 
139.479626349 nan 
142.479626349 nan 
145.479626349 nan 
148.479626349 nan 
151.479626349 nan 
154.479626349 nan 
157.479626349 nan 
160.479626349 nan 
163.479626349 nan 
166.479626349 nan 
169.479626349 nan 
172.479626349 nan 
175.479626349 nan 
178.479626349 nan 
181.479626349 nan 
184.479626349 nan 
187.479626349 nan 
190.479626349 nan 
193.479626349 nan 
196.479626349 nan 
199.479626349 nan 
202.479626349 nan 
205.479626349 nan 
208.479626349 nan 
211.479626349 nan 
214.479626349 nan 
217.479626349 nan 
220.479626349 nan 
223.479626349 nan 
226.479626349 nan 
229.479626349 nan 
232.479626349 nan 
235.479626349 nan 
238.479626349 nan 
241.479626349 nan 
244.479626349 nan 
247.479626349 nan 
250.479626349 nan 
253.479626349 nan 
256.479626349 nan 
259.479626349 nan 
262.479626349 nan 
265.479626349 nan 
268.479626349 nan 
271.479626349 nan 
274.479626349 nan 
277.479626349 nan 
280.479626349 nan 
283.479626349 nan 
286.479626349 nan 
289.479626349 nan 
292.479626349 nan 
295.479626349 nan 
298.479626349 nan 
301.479626349 nan 
304.479626349 nan 
307.479626349 nan 
310.479626349 nan 
313.479626349 nan 
316.479626349 nan 
319.479626349 nan 
322.479626349 nan 
325.479626349 nan 
328.479626349 nan 
331.479626349 nan 
334.479626349 nan 
337.479626349 nan 
340.479626349 nan 
343.479626349 nan 
346.479626349 nan 
349.479626349 nan 
352.479626349 nan 
355.479626349 nan 
358.479626349 nan 
361.479626349 nan 
364.479626349 nan 
367.479626349 nan 
370.479626349 nan 
373.479626349 nan 
376.479626349 nan 
379.479626349 nan 
382.479626349 nan 
385.479626349 -0.933503784589 
388.479626349 -1.02267086482 
391.479626349 -0.875108645831 
394.479626349 -0.700452889654 
397.479626349 -0.537517049122 
400.479626349 -0.430316111809 
403.479626349 -0.373162330962 
406.479626349 -0.25683949693 
409.479626349 -0.216097969149 
412.479626349 -0.176616379549 
415.479626349 -0.125335828146 
418.479626349 -0.0870688084882 
421.479626349 -0.104478155724 
424.479626349 -0.122863522547 
427.479626349 -0.129479652236 
430.479626349 -0.135391152898 
433.479626349 -0.0980399128386 
436.479626349 -0.075182244564 
439.479626349 -0.051779795013 
442.479626349 -0.0619241572914 
445.479626349 -0.0559544309156 
448.479626349 -0.0437046433926 
451.479626349 -0.0176165857383 
454.479626349 -0.0193948901975 
457.479626349 -0.0304424169738 
460.479626349 -0.0502135741395 
463.479626349 -0.058550666172 
466.479626349 -0.0623879487271 
469.479626349 -0.0576531515261 
472.479626349 -0.061701528178 
475.479626349 -0.0549431050478 
478.479626349 -0.0466326503852 
481.479626349 -0.0316919519927 
484.479626349 -0.0190206798602 
487.479626349 -0.012133100783 
490.479626349 -0.0292827124846 
493.479626349 -0.046765846647 
496.479626349 -0.0549657750497 
499.479626349 -0.0549456323036 
502.479626349 -0.050555120755 
505.479626349 -0.0412434068914 
508.479626349 -0.038765672634 
511.479626349 -0.0264401850943 
514.479626349 -0.0323236200398 
517.479626349 -0.0414095845469 
520.479626349 -0.0505899469983 
523.479626349 -0.0529598540296 
526.479626349 -0.0593952637532 
529.479626349 -0.0562867532829 
532.479626349 -0.0531642417215 
535.479626349 -0.0586316324815 
538.479626349 -0.0608852198601 
541.479626349 -0.0618660680588 
544.479626349 -0.0557989882143 
547.479626349 -0.0514447289025 
550.479626349 -0.0466140465825 
553.479626349 -0.0358247022783 
556.479626349 -0.0285019151693 
559.479626349 -0.031228104082 
562.479626349 -0.0369484698495 
565.479626349 -0.033829753878 
568.479626349 -0.0408543412788 
571.479626349 -0.0451410612098 
574.479626349 -0.044317877062 
577.479626349 -0.0350838633709 
580.479626349 -0.0345743813159 
583.479626349 -0.0390531962162 
586.479626349 -0.0412154470655 
589.479626349 -0.0401830842643 
592.479626349 -0.0437263439072 
595.479626349 -0.0431272713412 
598.479626349 -0.0395227504539 
601.479626349 -0.0293369614179 
604.479626349 -0.0281341923963 
607.479626349 -0.0267486938412 
610.479626349 -0.0184257782075 
613.479626349 -0.0190880274613 
616.479626349 -0.0116961737937 
619.479626349 -0.00805616367019 
622.479626349 -0.00539997197685 
625.479626349 -0.0059314092722 
628.479626349 -0.00516661379208 
631.479626349 -0.00366694133977 
634.479626349 -0.00512451874706 
637.479626349 -0.00152293102947 
640.479626349 0.00119019024724 
643.479626349 -0.00662213427438 
646.479626349 -0.0144509202258 
649.479626349 -0.0175382619877 
652.479626349 -0.0136028588453 
655.479626349 -0.0125066416564 
658.479626349 -0.00645236575081 
661.479626349 0.00552352219291 
664.479626349 0.0139245403834 
667.479626349 0.00815959761277 
670.479626349 0.0119113376194 
673.479626349 0.016188347382 
676.479626349 0.0160484329495 
679.479626349 0.0194530664957 
682.479626349 0.0261147432632 
685.479626349 0.0262320229906 
688.479626349 0.0259139158488 
691.479626349 0.0257770604782 
694.479626349 0.0234946849739 
697.479626349 0.0147689355959 
700.479626349 0.00483105146645 
703.479626349 7.1689239977e-05 
706.479626349 -0.00592918909918 
709.479626349 -0.0102324491426 
712.479626349 -0.0133315977069 
715.479626349 -0.0147553510079 
718.479626349 -0.0110096602961 
721.479626349 -0.00961167312073 
724.479626349 -0.00765953217389 
727.479626349 -0.0103482511078 
730.479626349 -0.00929044279429 
733.479626349 -0.00485838742017 
736.479626349 -0.000527695864086 
739.479626349 0.00184406208347 
742.479626349 0.00567335386875 
745.479626349 0.00395948913697 
748.479626349 4.55967930836e-05 
751.479626349 -0.011764120265 
754.479626349 -0.017525466873 
757.479626349 -0.019422257036 
760.479626349 -0.017969434411 
763.479626349 -0.0156972055797 
766.479626349 -0.0122246938028 
769.479626349 -0.0103223326175 
772.479626349 -0.00839448062224 
775.479626349 -0.00827479894294 
778.479626349 -0.0158317172381 
781.479626349 -0.0203939327552 
784.479626349 -0.0310844717127 
787.479626349 -0.0335377052373 
790.479626349 -0.0314009269612 
793.479626349 -0.0118068530067 
796.479626349 0.0192459680043 
799.479626349 0.0450418581852 
802.479626349 0.0749447248785 
805.479626349 0.0980707575952 
808.479626349 0.103327506058 
811.479626349 0.111026797801 
814.479626349 0.104558453746 
817.479626349 0.095077253734 
820.479626349 0.0881916912845 
823.479626349 0.0882435635621 
826.479626349 0.0680703256519 
829.479626349 0.0689120335961 
832.479626349 0.0635093819987 
835.479626349 0.051591427393 
838.479626349 0.0529203638934 
841.479626349 0.0512217891767 
844.479626349 0.0466131571014 
847.479626349 0.0318402106048 
850.479626349 0.0296686884447 
853.479626349 0.0230081152925 
856.479626349 0.0195585794238 
859.479626349 0.0153981716888 
862.479626349 0.0124694140495 
865.479626349 0.0144066626594 
868.479626349 0.0155326833473 
871.479626349 0.0144884807999 
874.479626349 0.0155845238576 
877.479626349 0.0166315807451 
880.479626349 0.0153205432865 
883.479626349 0.0156288543709 
886.479626349 0.0186217628916 
889.479626349 0.0199035133621 
892.479626349 0.0236522619592 
895.479626349 0.0317951506228 
898.479626349 0.033425830637 
901.479626349 0.0300619708565 
904.479626349 0.0330030447496 
907.479626349 0.0370325469895 
910.479626349 0.0326529139358 
913.479626349 0.0449667135059 
916.479626349 0.0361506876812 
919.479626349 0.0348837677782 
922.479626349 0.0264977236957 
925.479626349 0.0231376218551 
928.479626349 0.0327001387923 
931.479626349 0.0326484006429 
934.479626349 0.0229340201068 
937.479626349 0.0266115466832 
940.479626349 0.0159057194755 
943.479626349 0.0167925344641 
946.479626349 0.00507542609792 
949.479626349 0.00545430091639 
952.479626349 0.00357197217446 
955.479626349 -0.00179282941462 
958.479626349 -0.0021593019431 
961.479626349 -0.00522073918635 
964.479626349 0.00427979703859 
967.479626349 -0.00188104540663 
970.479626349 -0.00121323910218 
973.479626349 -0.00511369966868 
976.479626349 -0.00607164843582 
979.479626349 -0.0010141266743 
982.479626349 -0.00693333676056 
985.479626349 -0.00463123736624 
988.479626349 -0.00625734290632 
991.479626349 -0.00491187452941 
994.479626349 -0.00572890760962 
997.479626349 0.00324378218803 
1000.47962635 0.013752459915 
1003.47962635 0.0135381596859 
1006.47962635 0.0145923465408 
1009.47962635 0.0132511043756 
1012.47962635 0.0106839996245 
1015.47962635 0.0126108085973 
1018.47962635 0.0154757353801 
1021.47962635 0.00965276338157 
1024.47962635 0.0154871550935 
1027.47962635 0.0160628458374 
1030.47962635 0.0224675837591 
1033.47962635 0.0209845881946 
1036.47962635 0.0181291397974 
1039.47962635 0.00653948195123 
1042.47962635 -0.00202156282723 
1045.47962635 -0.00167115346227 
1048.47962635 -0.00391569013564 
1051.47962635 -0.00871431613411 
1054.47962635 -0.00538750688784 
1057.47962635 -0.00106366310803 
1060.47962635 -0.00958553873123 
1063.47962635 -0.0125790731831 
1066.47962635 -0.011874987728 
1069.47962635 -0.0082697291361 
1072.47962635 -0.0119896025419 
1075.47962635 -0.00336102514788 
1078.47962635 0.00481856108135 
1081.47962635 0.0165903340015 
1084.47962635 0.0238836046927 
1087.47962635 0.0253085463216 
1090.47962635 0.0195261957238 
1093.47962635 0.015994716999 
1096.47962635 0.0144663555463 
1099.47962635 0.0145705671966 
1102.47962635 0.0140805219503 
1105.47962635 0.0105595734578 
1108.47962635 0.013096468796 
1111.47962635 0.0110485386199 
1114.47962635 0.0111604391046 
1117.47962635 0.00762022146348 
1120.47962635 0.0145199644297 
1123.47962635 0.0190861543741 
1126.47962635 0.0277867394382 
1129.47962635 0.0242377311121 
1132.47962635 0.0212019486621 
1135.47962635 0.0156481276375 
1138.47962635 0.0152245946331 
1141.47962635 0.0151636616496 
1144.47962635 0.00872479224459 
1147.47962635 0.0119872658892 
1150.47962635 0.0203289676927 
1153.47962635 0.0238984529086 
1156.47962635 0.0222405072403 
1159.47962635 0.0231964829125 
1162.47962635 0.0213157928277 
1165.47962635 0.0169137321439 
1168.47962635 0.0182704661046 
1171.47962635 0.0210582268742 
1174.47962635 0.0204546974904 
1177.47962635 0.0187998873605 
1180.47962635 0.012718231086 
1183.47962635 0.0121313747661 
1186.47962635 0.0143708269256 
1189.47962635 0.0138052299095 
1192.47962635 0.0082070783716 
1195.47962635 0.00288419622562 
1198.47962635 0.000342420249754 
1201.47962635 5.9352244592e-05 
1204.47962635 0.00264606590427 
1207.47962635 0.00775386423073 
1210.47962635 0.00156713315046 
1213.47962635 -0.00550244996259 
1216.47962635 -0.0137039243681 
1219.47962635 -0.0169630395157 
1222.47962635 -0.0107932751987 
1225.47962635 -0.0034875629497 
1228.47962635 0.000170821013673 
1231.47962635 -0.00572422959802 
1234.47962635 -0.0094066000813 
1237.47962635 -0.0120262583395 
1240.47962635 -0.020666958737 
1243.47962635 -0.0221179118045 
1246.47962635 -0.0241525691816 
1249.47962635 -0.0257330594023 
1252.47962635 -0.0260636992856 
1255.47962635 -0.0334434625992 
1258.47962635 -0.0354994486972 
1261.47962635 -0.0407846793797 
1264.47962635 -0.0456024101022 
1267.47962635 -0.0476304834368 
1270.47962635 -0.0489089595344 
1273.47962635 -0.0580233262548 
1276.47962635 -0.0580810672249 
1279.47962635 -0.0603551879684 
1282.47962635 -0.0630098230699 
1285.47962635 -0.0653059219966 
1288.47962635 -0.0815630617981 
1291.47962635 -0.0929071081518 
1294.47962635 -0.105823286428 
1297.47962635 -0.110392564848 
1300.47962635 -0.114066705278 
1303.47962635 -0.112670521185 
1306.47962635 -0.108468010169 
1309.47962635 -0.101990328916 
1312.47962635 -0.0997434997107 
1315.47962635 -0.0949608211314 
1318.47962635 -0.0893602246971 
1321.47962635 -0.0866117752262 
1324.47962635 -0.0862564063571 
1327.47962635 -0.0879155474127 
1330.47962635 -0.0911098575103 
1333.47962635 -0.0928585773111 
1336.47962635 -0.0877000859167 
1339.47962635 -0.0784663169505 
1342.47962635 -0.0796513457662 
1345.47962635 -0.0740963434731 
1348.47962635 -0.0721886183403 
1351.47962635 -0.07146971526 
1354.47962635 -0.0694165529115 
1357.47962635 -0.0674018076743 
1360.47962635 -0.0693441378567 
1363.47962635 -0.0650686893922 
1366.47962635 -0.0579535043433 
1369.47962635 -0.0494350240582 
1372.47962635 -0.0477634679175 
1375.47962635 -0.0506142406562 
1378.47962635 -0.0514673565482 
1381.47962635 -0.0526175544142 
1384.47962635 -0.0503376685156 
1387.47962635 -0.0531448331502 
1390.47962635 -0.0494140671309 
1393.47962635 -0.0479233015492 
1396.47962635 -0.0408194397355 
1399.47962635 -0.035373784787 
1402.47962635 -0.031430303368 
1405.47962635 -0.0351650908772 
1408.47962635 -0.0385355864689 
1411.47962635 -0.0413603524751 
1414.47962635 -0.0425221559515 
1417.47962635 -0.0432728732757 
1420.47962635 -0.0390500995043 
1423.47962635 -0.0388582021975 
1426.47962635 -0.0405406321267 
1429.47962635 -0.0466357329783 
1432.47962635 -0.0501273885999 
1435.47962635 -0.0543759926195 
1438.47962635 -0.0580067273143 
1441.47962635 -0.0568733966449 
1444.47962635 -0.0485806657164 
1447.47962635 -0.0404496791567 
1450.47962635 -0.0318864189115 
1453.47962635 -0.0262622088723 
1456.47962635 -0.0257493783211 
1459.47962635 -0.0316405244557 
1462.47962635 -0.0339749040125 
1465.47962635 -0.0369962594559 
1468.47962635 -0.0406200312552 
1471.47962635 -0.0412983570558 
1474.47962635 -0.0421986954512 
1477.47962635 -0.0474570675702 
1480.47962635 -0.0451876577821 
1483.47962635 -0.0424109849354 
1486.47962635 -0.0360044362843 
1489.47962635 -0.0308793216085 
1492.47962635 -0.027088073229 
1495.47962635 -0.0264119452466 
1498.47962635 -0.0243175279186 
1501.47962635 -0.0217663573503 
1504.47962635 -0.0242523110718 
1507.47962635 -0.0250857548426 
1510.47962635 -0.0265568953656 
1513.47962635 -0.0279003365257 
1516.47962635 -0.0253445773646 
1519.47962635 -0.0247027579382 
1522.47962635 -0.0187041693133 
1525.47962635 -0.0181144504174 
1528.47962635 -0.0127532914652 
1531.47962635 -0.016060551541 
1534.47962635 -0.0228330687106 
1537.47962635 -0.0264124535215 
1540.47962635 -0.0259355034134 
1543.47962635 -0.0231700996801 
1546.47962635 -0.0212598049354 
1549.47962635 -0.0232351188645 
1552.47962635 -0.0243403202829 
1555.47962635 -0.0243485656314 
1558.47962635 -0.0226638672901 
1561.47962635 -0.019818925594 
1564.47962635 -0.0232042223392 
1567.47962635 -0.0230273214951 
1570.47962635 -0.0233109035936 
1573.47962635 -0.0245467010713 
1576.47962635 -0.0223150989353 
1579.47962635 -0.0244825501899 
1582.47962635 -0.021579248652 
1585.47962635 -0.0201579096569 
1588.47962635 -0.0149814815706 
1591.47962635 -0.016641252087 
1594.47962635 -0.0132287026299 
1597.47962635 -0.0201905851443 
1600.47962635 -0.0212164956781 
1603.47962635 -0.0216073755497 
1606.47962635 -0.019417166051 
1609.47962635 -0.0179080531572 
1612.47962635 -0.0177891344785 
1615.47962635 -0.0169437756616 
1618.47962635 -0.0200668766806 
1621.47962635 -0.02176478311 
1624.47962635 -0.0255476731911 
1627.47962635 -0.0249747132483 
1630.47962635 -0.0247223194625 
1633.47962635 -0.026886669299 
1636.47962635 -0.0258706677727 
1639.47962635 -0.0251529271359 
1642.47962635 -0.0223570433804 
1645.47962635 -0.0232819531023 
1648.47962635 -0.0258769882652 
1651.47962635 -0.0313875941575 
1654.47962635 -0.0331225364141 
1657.47962635 -0.0357907513974 
1660.47962635 -0.0311964616162 
1663.47962635 -0.0311172930939 
1666.47962635 -0.0295936778935 
1669.47962635 -0.0230721226333 
1672.47962635 -0.0149430232795 
1675.47962635 -0.0174046468697 
1678.47962635 -0.0179165032274 
1681.47962635 -0.0188841668693 
1684.47962635 -0.0200107381883 
1687.47962635 -0.0250712031204 
1690.47962635 -0.0244448343097 
1693.47962635 -0.027262536236 
1696.47962635 -0.0296641139706 
1699.47962635 -0.0253834392165 
1702.47962635 -0.0181243041265 
1705.47962635 -0.0106120010727 
1708.47962635 -0.00218481643135 
1711.47962635 -0.000407950760722 
1714.47962635 0.00267682153624 
1717.47962635 0.00334806413788 
1720.47962635 0.000397367288932 
1723.47962635 -0.00455808343033 
1726.47962635 -0.0064757716924 
1729.47962635 -0.00633732737452 
1732.47962635 -0.00635532289449 
1735.47962635 -0.00710104453531 
1738.47962635 -0.0103730930437 
1741.47962635 -0.0119571047153 
1744.47962635 -0.00661218702864 
1747.47962635 -0.00217582249519 
1750.47962635 0.00209444438898 
1753.47962635 0.0100156298937 
1756.47962635 0.0157362403862 
1759.47962635 0.0219107121288 
1762.47962635 0.0164451768075 
1765.47962635 0.0181037707617 
1768.47962635 0.0203060482596 
1771.47962635 0.0217769605295 
1774.47962635 0.0205546982242 
1777.47962635 0.0242754658173 
1780.47962635 0.0213928341254 
1783.47962635 0.0157287421548 
1786.47962635 0.0098044510844 
1789.47962635 0.0097923101383 
1792.47962635 0.00844001181738 
1795.47962635 0.0100670480182 
1798.47962635 0.00869263032656 
1801.47962635 0.0116122107801 
1804.47962635 0.013924834524 
1807.47962635 0.0157178930741 
1810.47962635 0.0140065655989 
1813.47962635 0.0108945936823 
1816.47962635 0.00859001527132 
1819.47962635 0.00530231083705 
1822.47962635 0.00564002774235 
1825.47962635 0.00741384126337 
1828.47962635 0.00760216358571 
1831.47962635 0.00796164983447 
1834.47962635 0.0128359167274 
1837.47962635 0.0163362659676 
1840.47962635 0.0200633093438 
1843.47962635 0.0171689696807 
1846.47962635 0.0153652832436 
1849.47962635 0.0148802148557 
1852.47962635 0.0159847762243 
1855.47962635 0.0168026834903 
1858.47962635 0.0165991605716 
1861.47962635 0.0139991250191 
1864.47962635 0.0072282550366 
1867.47962635 0.00484428132093 
1870.47962635 0.000251359826537 
1873.47962635 -0.00092361388567 
1876.47962635 -0.00275407167371 
1879.47962635 -0.00447097046546 
1882.47962635 -0.00871608391892 
1885.47962635 -0.0127516501608 
1888.47962635 -0.0128931706007 
1891.47962635 -0.0121606617542 
1894.47962635 -0.00924050537344 
1897.47962635 -0.00801496398905 
1900.47962635 -0.00615230648592 
1903.47962635 -0.00405140571146 
1906.47962635 -0.00129832249713 
1909.47962635 -0.00289723047662 
1912.47962635 -0.00499575341873 
1915.47962635 -0.00726468022802 
1918.47962635 -0.0046339566958 
1921.47962635 -0.00264365630474 
1924.47962635 -0.00120422509093 
1927.47962635 0.000314083740121 
1930.47962635 0.0020038293865 
1933.47962635 0.000385688915643 
1936.47962635 -0.00278265919555 
1939.47962635 -0.00557912829079 
1942.47962635 -0.00500959332075 
1945.47962635 -0.00224685994265 
1948.47962635 -0.000503783669812 
1951.47962635 0.00351605134616 
1954.47962635 0.00565938748628 
1957.47962635 0.00529938002043 
1960.47962635 0.00261339188752 
1963.47962635 0.00155998803484 
1966.47962635 -0.00324859109219 
1969.47962635 -0.00578326831634 
1972.47962635 -0.00574377994503 
1975.47962635 -0.00291278845371 
1978.47962635 -0.00265774122585 
1981.47962635 -0.00396442010946 
1984.47962635 -0.00380839295082 
1987.47962635 -0.0064393176752 
1990.47962635 -0.00517344255952 
1993.47962635 -0.00502748471496 
1996.47962635 0.000976442855382 
1999.47962635 0.00514880358067 
2002.47962635 0.00391686875689 
2005.47962635 0.00390558405399 
2008.47962635 -0.000193332565711 
2011.47962635 0.000806841771333 
2014.47962635 0.00206743493129 
2017.47962635 0.00124067197522 
2020.47962635 -0.00237276975435 
2023.47962635 -0.00430615938703 
2026.47962635 -0.00580169563467 
2029.47962635 -0.00191814697429 
2032.47962635 0.00331425738579 
2035.47962635 0.00625273784159 
2038.47962635 0.00548089887142 
2041.47962635 0.00405066594793 
2044.47962635 0.00514517918059 
2047.47962635 0.00343504797504 
2050.47962635 0.00405417651562 
2053.47962635 0.00421271798783 
2056.47962635 0.00249077645018 
2059.47962635 0.00208034932002 
2062.47962635 0.00185340237015 
2065.47962635 0.0032707175223 
2068.47962635 0.00376765271726 
2071.47962635 0.00408909453077 
2074.47962635 0.00522485715431 
2077.47962635 0.00478750307288 
2080.47962635 0.00368587428574 
2083.47962635 -0.00122273513629 
2086.47962635 -0.0054426429491 
2089.47962635 -0.00984051036496 
2092.47962635 -0.0132065914951 
2095.47962635 -0.0158546025509 
2098.47962635 -0.0143234349973 
2101.47962635 -0.0119135119065 
2104.47962635 -0.00984685733014 
2107.47962635 -0.00663840142437 
2110.47962635 -0.00143505315206 
2113.47962635 0.00138424742824 
2116.47962635 0.00373087514543 
2119.47962635 0.00153258428172 
2122.47962635 -0.00247253444041 
2125.47962635 -0.00595011367094 
2128.47962635 -0.0089976811569 
2131.47962635 -0.0115029987402 
2134.47962635 -0.00636087273874 
2137.47962635 -0.00246918447348 
2140.47962635 -0.00314669079852 
2143.47962635 -0.00583980095702 
2146.47962635 -0.0111564093788 
2149.47962635 -0.00911960948187 
2152.47962635 -0.00627092808261 
2155.47962635 -0.00154370058915 
2158.47962635 -0.00121566620308 
2161.47962635 0.000207889527288 
2164.47962635 -0.00165537737995 
2167.47962635 -0.0024479512012 
2170.47962635 -0.00122607591133 
2173.47962635 0.000252619943116 
2176.47962635 0.00233606277626 
2179.47962635 0.00278376281097 
2182.47962635 0.00280697432564 
2185.47962635 0.00122176175161 
2188.47962635 0.00211190824988 
2191.47962635 -0.000886242223431 
2194.47962635 -0.00265894749632 
2197.47962635 -0.00321991797544 
2200.47962635 -0.000704129282025 
2203.47962635 0.00290004657842 
2206.47962635 0.000924177238393 
2209.47962635 0.000421368276889 
2212.47962635 0.00102199809651 
2215.47962635 0.00201084287422 
2218.47962635 0.00107649690223 
2221.47962635 0.00109182427311 
2224.47962635 -0.00184975723316 
2227.47962635 -0.00332431522839 
2230.47962635 -0.00338223650669 
2233.47962635 -0.00325986079392 
2236.47962635 -0.000708828912956 
2239.47962635 0.000424387850429 
2242.47962635 0.00264365571646 
2245.47962635 0.0036515030779 
2248.47962635 0.00468725261366 
2251.47962635 0.00691498768363 
2254.47962635 0.00789868904581 
2257.47962635 0.00998607935568 
2260.47962635 0.0125706019347 
2263.47962635 0.0116808525997 
2266.47962635 0.0107181975835 
2269.47962635 0.00919585718828 
2272.47962635 0.00997466552507 
2275.47962635 0.0130485203536 
2278.47962635 0.019124930337 
2281.47962635 0.0218425727013 
2284.47962635 0.024021796638 
2287.47962635 0.0264833719891 
2290.47962635 0.0297795794389 
2293.47962635 0.031244390057 
2296.47962635 0.0307644114775 
2299.47962635 0.025714008506 
2302.47962635 0.0220259399316 
2305.47962635 0.0169660468088 
2308.47962635 0.0127817148566 
2311.47962635 0.00944671497202 
2314.47962635 0.0079346383178 
2317.47962635 0.00577152269516 
2320.47962635 0.00555972442578 
2323.47962635 0.00571704962674 
2326.47962635 0.00646470847734 
2329.47962635 0.00630407537155 
2332.47962635 0.00819049472636 
2335.47962635 0.00625118948563 
2338.47962635 0.00767480983501 
2341.47962635 0.00559048152845 
2344.47962635 0.00603013461256 
2347.47962635 0.00519776739624 
2350.47962635 0.00800466671604 
2353.47962635 0.0085588416656 
2356.47962635 0.0106381889958 
2359.47962635 0.00820606241008 
2362.47962635 0.00694461234511 
2365.47962635 0.00551741230502 
2368.47962635 0.00443351372306 
2371.47962635 -0.0018747090305 
2374.47962635 -0.00865891887602 
2377.47962635 -0.014522256373 
2380.47962635 -0.00994120056432 
2383.47962635 -0.00575620679577 
2386.47962635 -0.00299389712715 
2389.47962635 -0.00224523290409 
2392.47962635 0.000437152153929 
2395.47962635 -0.00512766546286 
2398.47962635 -0.00737514765988 
2401.47962635 -0.00852703801079 
2404.47962635 -0.0054765273543 
2407.47962635 -0.00600867058701 
2410.47962635 -0.00560496736316 
2413.47962635 -0.00536626640912 
2416.47962635 -0.00472068816035 
2419.47962635 -0.00296171550171 
2422.47962635 0.000233729665917 
2425.47962635 0.00307838694644 
2428.47962635 0.00620892266252 
2431.47962635 0.00693332205353 
2434.47962635 0.00511395380613 
2437.47962635 0.0015979676121 
2440.47962635 -0.000394027800756 
2443.47962635 -0.00223681548345 
2446.47962635 -0.00080900341037 
2449.47962635 0.000566340125494 
2452.47962635 0.00404575085904 
2455.47962635 0.00401543496721 
2458.47962635 0.00422465538866 
2461.47962635 0.00476190196023 
2464.47962635 0.00368975252913 
2467.47962635 0.000499456714981 
2470.47962635 -0.00325302349641 
2473.47962635 -0.00584084221463 
2476.47962635 -0.00774665425711 
2479.47962635 -0.00945875591033 
2482.47962635 -0.0102945010369 
2485.47962635 -0.00917046579786 
2488.47962635 -0.00828966539555 
2491.47962635 -0.00824354886067 
2494.47962635 -0.00861623378502 
2497.47962635 -0.00809751806926 
2500.47962635 -0.00711475736861 
2503.47962635 -0.00876419649169 
2506.47962635 -0.0106418822247 
2509.47962635 -0.0123939693468 
2512.47962635 -0.011364959748 
2515.47962635 -0.00874408963072 
2518.47962635 -0.00481280710356 
2521.47962635 -0.00428276579934 
2524.47962635 -0.00502498628497 
2527.47962635 -0.00590315354092 
2530.47962635 -0.00470601142841 
2533.47962635 6.38640805582e-05 
2536.47962635 0.00572976120555 
2539.47962635 0.00935199817932 
2542.47962635 0.00969322947612 
2545.47962635 0.00617538004867 
2548.47962635 0.00273583760574 
2551.47962635 0.000522118480931 
2554.47962635 0.000964318528224 
2557.47962635 0.000765887329901 
2560.47962635 0.00305099481187 
2563.47962635 0.00728798910322 
2566.47962635 0.00983312626013 
2569.47962635 0.00978849395857 
2572.47962635 0.00774549887296 
2575.47962635 0.00701813572158 
2578.47962635 0.00716760560452 
2581.47962635 0.00604062072383 
2584.47962635 0.00345735030122 
2587.47962635 0.00221445932955 
2590.47962635 0.00195573063834 
2593.47962635 0.00257612633649 
2596.47962635 0.00288428770333 
2599.47962635 0.00258761723193 
2602.47962635 0.00199077984019 
2605.47962635 0.000495091264503 
2608.47962635 -0.00137378852498 
2611.47962635 -0.00349982419929 
2614.47962635 -0.00486738576844 
2617.47962635 -0.00221294009351 
2620.47962635 0.000493604163325 
2623.47962635 0.00146729301733 
2626.47962635 0.00104228820706 
2629.47962635 0.00270074722421 
2632.47962635 0.00449989536653 
2635.47962635 0.00521108431633 
2638.47962635 0.00483517031683 
2641.47962635 0.00345206577176 
2644.47962635 0.00330536051602 
2647.47962635 0.00475587413756 
2650.47962635 0.00708312255048 
2653.47962635 0.00568660725448 
2656.47962635 0.0029791398007 
2659.47962635 -0.00108211785496 
2662.47962635 -0.00295771695482 
2665.47962635 -0.00113850357243 
2668.47962635 0.00305235432957 
2671.47962635 0.00616720647055 
2674.47962635 0.00712190439614 
2677.47962635 0.00540376697846 
2680.47962635 0.00321997092074 
2683.47962635 -0.000465791223904 
2686.47962635 -0.000738669032407 
2689.47962635 0.00152399567126 
2692.47962635 0.00235657805141 
2695.47962635 0.00318444285805 
2698.47962635 0.00575545085451 
2701.47962635 0.00832011306234 
2704.47962635 0.00748030055995 
2707.47962635 0.0035443132544 
2710.47962635 0.00219869986618 
2713.47962635 0.00345327292466 
2716.47962635 0.00171607578643 
2719.47962635 -0.00141404725044 
2722.47962635 -0.000657849425602 
2725.47962635 0.00156796748018 
2728.47962635 0.00416671293223 
2731.47962635 0.00634265073053 
2734.47962635 0.00683948179972 
2737.47962635 0.0047134155348 
2740.47962635 0.00244701068673 
2743.47962635 0.00195652555323 
2746.47962635 0.00306992187502 
2749.47962635 0.00303315165671 
2752.47962635 0.00320895182677 
2755.47962635 0.0030477845617 
2758.47962635 0.00390493194435 
2761.47962635 0.00375780165548 
2764.47962635 0.0019101182604 
2767.47962635 -0.00174596899826 
2770.47962635 -0.00309143472791 
2773.47962635 -0.0023936022601 
2776.47962635 -0.000814012844855 
2779.47962635 0.000843338585987 
2782.47962635 0.00139088544552 
2785.47962635 0.00167201161738 
2788.47962635 0.000235984933574 
2791.47962635 -0.00109442028423 
2794.47962635 -0.00217822503535 
2797.47962635 -0.00381267887304 
2800.47962635 -0.00763446492637 
2803.47962635 -0.00952342094944 
2806.47962635 -0.00928547711322 
2809.47962635 -0.00957370957413 
2812.47962635 -0.00745807412204 
2815.47962635 -0.00613787359651 
2818.47962635 -0.00447519108847 
2821.47962635 -0.00384337950073 
2824.47962635 -0.00234371499021 
2827.47962635 0.000569307342013 
2830.47962635 0.00317743760627 
2833.47962635 0.0066024674477 
2836.47962635 0.00690771652878 
2839.47962635 0.00574334108731 
2842.47962635 0.0051514567286 
2845.47962635 0.00463185094347 
2848.47962635 0.0054155667215 
2851.47962635 0.00685425000938 
2854.47962635 0.00924080245541 
2857.47962635 0.0102787398087 
2860.47962635 0.00974324866806 
2863.47962635 0.009154125701 
2866.47962635 0.0107782905016 
2869.47962635 0.0106522312665 
2872.47962635 0.00912878078479 
2875.47962635 0.00604248204534 
2878.47962635 0.00383871913756 
2881.47962635 0.00491900479092 
2884.47962635 0.00773878776175 
2887.47962635 0.00931026610376 
2890.47962635 0.0114067488869 
2893.47962635 0.0112567948486 
2896.47962635 0.00780050668893 
2899.47962635 0.0034225667083 
2902.47962635 0.00363748080873 
2905.47962635 0.00410310062221 
2908.47962635 0.00449256185388 
2911.47962635 0.00575439665471 
2914.47962635 0.00654075381505 
2917.47962635 0.00837665805692 
2920.47962635 0.00923543086035 
2923.47962635 0.00817827083262 
2926.47962635 0.00584116635754 
2929.47962635 0.0029608301386 
2932.47962635 0.00255631420436 
2935.47962635 0.00117945124863 
2938.47962635 0.00123423309111 
2941.47962635 0.00170396175419 
2944.47962635 0.00408132245453 
2947.47962635 0.00308361529504 
2950.47962635 0.0017762723891 
2953.47962635 0.00077476956618 
2956.47962635 0.000759978781234 
2959.47962635 0.00249278719511 
2962.47962635 0.00495767692215 
2965.47962635 0.00716050563949 
2968.47962635 0.00718315152184 
2971.47962635 0.00495984003189 
2974.47962635 0.00349860969288 
2977.47962635 0.00116966482424 
2980.47962635 0.000114010161975 
2983.47962635 -1.20782930102e-05 
2986.47962635 0.00024037902599 
2989.47962635 0.00208993491993 
2992.47962635 0.00289137707931 
2995.47962635 0.00524166552295 
2998.47962635 0.00604239850942 
3001.47962635 0.00361249709713 
3004.47962635 0.000927991212073 
3007.47962635 0.0014610537076 
3010.47962635 0.00359336325316 
3013.47962635 0.00643832524492 
3016.47962635 0.00638886903803 
3019.47962635 0.0051572760056 
3022.47962635 0.00295764400796 
3025.47962635 -0.000755998176922 
3028.47962635 -0.00372121645159 
3031.47962635 -0.00470826278032 
3034.47962635 -0.00266152357942 
3037.47962635 0.000204722295183 
3040.47962635 0.00181508732557 
3043.47962635 0.00292564769107 
3046.47962635 0.00450878400036 
3049.47962635 0.00566927708047 
3052.47962635 0.00556914810131 
3055.47962635 0.00283027290592 
3058.47962635 -0.00123389880035 
3061.47962635 -0.00294011970118 
3064.47962635 -0.00245784300145 
3067.47962635 0.000351268328959 
3070.47962635 0.00202885133637 
3073.47962635 0.00137395236128 
3076.47962635 9.04208329347e-06 
3079.47962635 -0.00262973786718 
3082.47962635 -0.00181807344062 
3085.47962635 0.000211322055802 
3088.47962635 0.00133405175197 
3091.47962635 0.00108248950157 
3094.47962635 0.000382510726802 
3097.47962635 -0.00155136177439 
3100.47962635 -0.00329743813395 
3103.47962635 -0.00375577355627 
3106.47962635 -0.00404456106044 
3109.47962635 -0.00084306319688 
3112.47962635 0.00191881393803 
3115.47962635 0.006401725334 
3118.47962635 0.0128847440617 
3121.47962635 0.0146689525104 
3124.47962635 0.0123954682872 
3127.47962635 0.00803335836364 
3130.47962635 0.00369557474754 
3133.47962635 0.0014318824638 
3136.47962635 0.00137800355933 
3139.47962635 0.00327036014151 
3142.47962635 0.00550400125994 
3145.47962635 0.00673619433914 
3148.47962635 0.00647653292819 
3151.47962635 0.00581540023203 
3154.47962635 0.0051218697171 
3157.47962635 0.00270694653083 
3160.47962635 -0.00114494348603 
3163.47962635 -0.00392813022269 
3166.47962635 -0.00437559979827 
3169.47962635 -0.00351847271132 
3172.47962635 -0.000826318950885 
3175.47962635 0.000952370464802 
3178.47962635 0.00213396129192 
3181.47962635 0.00245567386182 
3184.47962635 0.00389307249077 
3187.47962635 0.00267348774704 
3190.47962635 0.0026129777376 
3193.47962635 0.00448743821932 
3196.47962635 0.00482720351953 
3199.47962635 0.00256513577415 
3202.47962635 0.000934343324718 
3205.47962635 -0.00152241363621 
3208.47962635 -0.0032782507564 
3211.47962635 -0.00345834273149 
3214.47962635 -0.00279069776315 
3217.47962635 1.52395572789e-05 
3220.47962635 0.0010675243648 
3223.47962635 0.00139054688972 
3226.47962635 0.00180556511295 
3229.47962635 0.00152874251175 
3232.47962635 0.000432732397749 
3235.47962635 0.000179684847782 
3238.47962635 0.000837340324446 
3241.47962635 0.00214172307324 
3244.47962635 0.00176254837846 
3247.47962635 0.00219037583516 
3250.47962635 0.00388732410164 
3253.47962635 0.00636495482154 
3256.47962635 0.0075334035216 
3259.47962635 0.0067828850364 
3262.47962635 0.00450498841047 
3265.47962635 0.00314688581372 
3268.47962635 0.00226003538113 
3271.47962635 0.0031817170574 
3274.47962635 0.0052565149154 
3277.47962635 0.00632742072018 
3280.47962635 0.00418288536896 
3283.47962635 0.000176348962828 
3286.47962635 -0.00401644181038 
3289.47962635 -0.00570920960403 
3292.47962635 -0.00696422622649 
3295.47962635 -0.00686955414315 
3298.47962635 -0.00486431405848 
3301.47962635 -0.00330932229534 
3304.47962635 -0.00242841335516 
3307.47962635 -0.00151634698699 
3310.47962635 0.00274600163308 
3313.47962635 0.00497650721306 
3316.47962635 0.00326599774274 
3319.47962635 -0.000884315161497 
3322.47962635 -0.00480226010519 
3325.47962635 -0.00707390712647 
3328.47962635 -0.00601956084741 
3331.47962635 -0.0042770318231 
3334.47962635 -0.00372571797885 
3337.47962635 -0.00444987235077 
3340.47962635 -0.0064404154078 
3343.47962635 -0.00866669242296 
3346.47962635 -0.0117957450823 
3349.47962635 -0.0138303142172 
3352.47962635 -0.0140463604647 
3355.47962635 -0.0127273412076 
3358.47962635 -0.00998745946323 
3361.47962635 -0.0079743543539 
3364.47962635 -0.00707496073799 
3367.47962635 -0.00739967310047 
3370.47962635 -0.00924943606937 
3373.47962635 -0.0107571782682 
3376.47962635 -0.011778989659 
3379.47962635 -0.0114695455451 
3382.47962635 -0.0101242395338 
3385.47962635 -0.00983374101392 
3388.47962635 -0.0102336645315 
3391.47962635 -0.00929838282479 
3394.47962635 -0.00767859424756 
3397.47962635 -0.00547031745862 
3400.47962635 -0.00375327689112 
3403.47962635 -0.00186497621324 
3406.47962635 -0.000759686037833 
3409.47962635 -0.00145710648824 
3412.47962635 -0.00237467504988 
3415.47962635 -0.0027557109191 
3418.47962635 -0.00188529823803 
3421.47962635 -0.000242194222589 
3424.47962635 0.000853286199404 
3427.47962635 -0.000705401145842 
3430.47962635 -0.00247453989081 
3433.47962635 -0.00370974467528 
3436.47962635 -0.00220545039222 
3439.47962635 0.000223768834559 
3442.47962635 -0.000933157791157 
3445.47962635 0.000303153311146 
3448.47962635 0.0027084616489 
3451.47962635 0.00398063666727 
3454.47962635 0.000205701507519 
3457.47962635 -0.00522335056632 
3460.47962635 -0.00561407454344 
3463.47962635 -0.000498746365509 
3466.47962635 0.00255293894134 
3469.47962635 0.00358171440423 
3472.47962635 0.00257616928101 
3475.47962635 0.00215069847854 
3478.47962635 0.002612742131 
3481.47962635 0.00204960736558 
3484.47962635 -0.00137551233578 
3487.47962635 -0.00495238356848 
3490.47962635 -0.00658612440944 
3493.47962635 -0.00617102735653 
3496.47962635 -0.0055098905424 
3499.47962635 -0.00267552584704 
3502.47962635 -0.00099867929407 
3505.47962635 -0.00202985832661 
3508.47962635 -0.00640883000529 
3511.47962635 -0.00972225467913 
3514.47962635 -0.0112826956904 
3517.47962635 -0.0100415966231 
3520.47962635 -0.00743571120291 
3523.47962635 -0.00462980490168 
3526.47962635 -0.00338093346397 
3529.47962635 -0.0039208167116 
3532.47962635 -0.00394210395868 
3535.47962635 -0.00461875021669 
3538.47962635 -0.00586848554525 
3541.47962635 -0.00638073428648 
3544.47962635 -0.00918177197302 
3547.47962635 -0.0112094288046 
3550.47962635 -0.0116466617001 
3553.47962635 -0.0108523068577 
3556.47962635 -0.00899430324661 
3559.47962635 -0.0060240488442 
3562.47962635 -0.00384784014245 
3565.47962635 -0.00371264960754 
3568.47962635 -0.00536946548194 
3571.47962635 -0.00717819231186 
3574.47962635 -0.00880993123211 
3577.47962635 -0.00788169419205 
3580.47962635 -0.00565522422068 
3583.47962635 -0.00284691832068 
3586.47962635 -0.00230738701225 
3589.47962635 -0.00328052152159 
3592.47962635 -0.00554616925183 
3595.47962635 -0.00783409107075 
3598.47962635 -0.0093604782519 
3601.47962635 -0.0110976200917 
3604.47962635 -0.0111885930632 
3607.47962635 -0.00872854959621 
3610.47962635 -0.00719698318793 
3613.47962635 -0.00657802730787 
3616.47962635 -0.00708092414387 
3619.47962635 -0.00689558617174 
3622.47962635 -0.00762318934182 
3625.47962635 -0.00729602325871 
3628.47962635 -0.0079101628811 
3631.47962635 -0.00919592719374 
3634.47962635 -0.00970382971393 
3637.47962635 -0.0107102710835 
3640.47962635 -0.0113551472187 
3643.47962635 -0.00959442824749 
3646.47962635 -0.00715566290917 
3649.47962635 -0.00562513893506 
3652.47962635 -0.00403380669298 
3655.47962635 -0.0029531613057 
3658.47962635 -0.00212835070765 
3661.47962635 -0.000661506328218 
3664.47962635 0.000661984159572 
3667.47962635 -0.000535161335549 
3670.47962635 -0.00265533780327 
3673.47962635 -0.00356799039359 
3676.47962635 -0.000841381668786 
3679.47962635 0.00294222162968 
3682.47962635 0.00547759096659 
3685.47962635 0.00469562591322 
3688.47962635 0.00151746751549 
3691.47962635 -0.000500870060412 
3694.47962635 -0.00355550971513 
3697.47962635 -0.00656847303393 
3700.47962635 -0.00890566869258 
3703.47962635 -0.0101549336904 
3706.47962635 -0.00883309950812 
3709.47962635 -0.00648378819945 
3712.47962635 -0.00440325724763 
3715.47962635 -0.00415054343691 
3718.47962635 -0.00559619079688 
3721.47962635 -0.00656585400631 
3724.47962635 -0.00794753638172 
3727.47962635 -0.00970277374929 
3730.47962635 -0.0107118535597 
3733.47962635 -0.0112552476692 
3736.47962635 -0.00869766365997 
3739.47962635 -0.00494364347563 
3742.47962635 -0.00147624562674 
3745.47962635 0.000188964798876 
3748.47962635 0.0010188752061 
3751.47962635 0.000148080629464 
3754.47962635 -0.000357652980903 
3757.47962635 0.000891312103802 
3760.47962635 0.0017272043007 
3763.47962635 0.0016398776427 
3766.47962635 -0.00050139157164 
3769.47962635 -0.0019300364302 
3772.47962635 -0.00311270020858 
3775.47962635 -0.000979984307826 
3778.47962635 0.00174378397504 
3781.47962635 0.00342905103713 
3784.47962635 0.00435639771368 
3787.47962635 0.00555313626533 
3790.47962635 0.00559894277604 
3793.47962635 0.00477919889635 
3796.47962635 0.00381312655499 
3799.47962635 0.00362348883603 
3802.47962635 0.00265532633179 
3805.47962635 0.00180374864787 
3808.47962635 0.00300130593979 
3811.47962635 0.00271916836559 
3814.47962635 0.00317186305422 
3817.47962635 0.00239351445914 
3820.47962635 0.00067616835313 
3823.47962635 -0.00371786501395 
3826.47962635 -0.00520219832976 
3829.47962635 -0.00366785935249 
3832.47962635 0.00105409677432 
3835.47962635 0.00424011365209 
3838.47962635 0.00495179999359 
3841.47962635 0.00470393008975 
3844.47962635 0.00508563512877 
3847.47962635 0.00599064918267 
3850.47962635 0.00545036531558 
3853.47962635 0.00365861980895 
3856.47962635 0.00477731904398 
3859.47962635 0.00716749030142 
3862.47962635 0.00870617902942 
3865.47962635 0.0100598462805 
3868.47962635 0.0101611200548 
3871.47962635 0.00999994278895 
3874.47962635 0.00826216089928 
3877.47962635 0.0051542104726 
3880.47962635 0.00260382673037 
3883.47962635 0.00267461459956 
3886.47962635 0.00588734407365 
3889.47962635 0.010327395365 
3892.47962635 0.0110784044766 
3895.47962635 0.0105102919704 
3898.47962635 0.00973702759504 
3901.47962635 0.0106516241604 
3904.47962635 0.0131458608802 
3907.47962635 0.0166424098243 
3910.47962635 0.019337378657 
3913.47962635 0.0207497463648 
3916.47962635 0.0189198767108 
3919.47962635 0.0169421072963 
3922.47962635 0.0153337866715 
3925.47962635 0.0182917736474 
3928.47962635 0.0218392618551 
3931.47962635 0.0231242372827 
3934.47962635 0.0201912487254 
3937.47962635 0.0175657758965 
3940.47962635 0.0149735586002 
3943.47962635 0.0172747767494 
3946.47962635 0.0201741838662 
3949.47962635 0.0225254070886 
3952.47962635 0.0214252507691 
3955.47962635 0.0194271503585 
3958.47962635 0.0154849702174 
3961.47962635 0.0128507814151 
3964.47962635 0.0103038688258 
3967.47962635 0.00999694843797 
3970.47962635 0.00950654728159 
3973.47962635 0.00773525925149 
3976.47962635 0.00498487668879 
3979.47962635 0.00452616447241 
3982.47962635 0.00456716943248 
3985.47962635 0.00529270361781 
3988.47962635 0.00688347287485 
3991.47962635 0.00804648703377 
3994.47962635 0.00701398539816 
3997.47962635 0.00646607976067 
4000.47962635 0.00556439008348 
4003.47962635 0.00398330275739 
4006.47962635 0.00115841916849 
4009.47962635 -0.000542748838581 
4012.47962635 -0.00161452875559 
4015.47962635 -0.000805594174113 
4018.47962635 0.00147748439975 
4021.47962635 0.00276862780802 
4024.47962635 0.00589555118379 
4027.47962635 0.00685021734219 
4030.47962635 0.00481873668327 
4033.47962635 0.00192471366248 
4036.47962635 0.0003618145552 
4039.47962635 -0.0017684501619 
4042.47962635 -0.00101859636084 
4045.47962635 0.000950339718318 
4048.47962635 0.00467628558257 
4051.47962635 0.00725336581692 
4054.47962635 0.00755035484256 
4057.47962635 0.00575019456255 
4060.47962635 0.00338510055341 
4063.47962635 0.00219631732757 
4066.47962635 0.00318833492605 
4069.47962635 0.00674634454187 
4072.47962635 0.00958730651605 
4075.47962635 0.00894752136578 
4078.47962635 0.00583272628807 
4081.47962635 0.00352025079106 
4084.47962635 0.00209735726303 
4087.47962635 0.00276698238568 
4090.47962635 0.0015587544093 
4093.47962635 -4.37264772999e-05 
4096.47962635 -0.00214631931376 
4099.47962635 -0.00253997087196 
4102.47962635 -0.00176185170653 
4105.47962635 0.00019193330226 
4108.47962635 0.00320409144802 
4111.47962635 0.00617332400609 
4114.47962635 0.00903963619101 
4117.47962635 0.0102447159809 
4120.47962635 0.0118274804965 
4123.47962635 0.0114797110431 
4126.47962635 0.00994303600147 
4129.47962635 0.00583732076375 
4132.47962635 0.00202178681527 
4135.47962635 -0.000825819206059 
4138.47962635 -0.000191393977144 
4141.47962635 0.00166803571931 
4144.47962635 0.00281873936009 
4147.47962635 0.0025561897829 
4150.47962635 0.00230497432423 
4153.47962635 0.00220832355729 
4156.47962635 0.00169014155959 
4159.47962635 0.00191517615455 
4162.47962635 0.00127975443254 
4165.47962635 0.00277936952744 
4168.47962635 0.0064721820009 
4171.47962635 0.00977548647435 
4174.47962635 0.011318679671 
4177.47962635 0.0101762341738 
4180.47962635 0.00904334118561 
4183.47962635 0.00846837579239 
4186.47962635 0.00979958835252 
4189.47962635 0.0103858493318 
4192.47962635 0.0092383981504 
4195.47962635 0.00768753200287 
4198.47962635 0.0070084455547 
4201.47962635 0.00791673986421 
4204.47962635 0.00877499733336 
4207.47962635 0.00942286664302 
4210.47962635 0.00999477768057 
4213.47962635 0.00990753441143 
4216.47962635 0.0091568888575 
4219.47962635 0.00780351162898 
4222.47962635 0.00620816377985 
4225.47962635 0.00566797992056 
4228.47962635 0.00648914861717 
4231.47962635 0.00788032173216 
4234.47962635 0.00881254143551 
4237.47962635 0.00797470908743 
4240.47962635 0.0082355735333 
4243.47962635 0.00986608765222 
4246.47962635 0.0131264087761 
4249.47962635 0.0165225016567 
4252.47962635 0.0187928915212 
4255.47962635 0.019395703202 
4258.47962635 0.0208774410215 
4261.47962635 0.0233738379096 
4264.47962635 0.0259664846511 
4267.47962635 0.0291370752533 
4270.47962635 0.0309248145654 
4273.47962635 0.0305667984311 
4276.47962635 0.0275384236173 
4279.47962635 0.0210083665181 
4282.47962635 0.0136436020203 
4285.47962635 0.0127832667422 
4288.47962635 0.0128542287426 
4291.47962635 0.0130996090407 
4294.47962635 0.0121081270722 
4297.47962635 0.0104835981255 
4300.47962635 0.0105841659624 
4303.47962635 0.0116333889011 
4306.47962635 0.0145035866829 
4309.47962635 0.0176330882007 
4312.47962635 0.0178535453802 
4315.47962635 0.0174685377308 
4318.47962635 0.0174456618306 
4321.47962635 0.0151461861701 
4324.47962635 0.0106956264128 
4327.47962635 0.00603693102454 
4330.47962635 0.00320792527619 
4333.47962635 0.00117991562305 
4336.47962635 0.00261628828969 
4339.47962635 0.00397423499194 
4342.47962635 0.00453250143681 
4345.47962635 0.0045042265864 
4348.47962635 0.00359774477106 
4351.47962635 0.00357884476884 
4354.47962635 0.00459860688229 
4357.47962635 0.00506786668531 
4360.47962635 0.00388279374861 
4363.47962635 0.000262336692954 
4366.47962635 -0.00233871504176 
4369.47962635 -0.00257972838189 
4372.47962635 -0.000882201614443 
4375.47962635 0.000544706527901 
4378.47962635 0.00136326064576 
4381.47962635 0.0022111777503 
4384.47962635 0.00289891237239 
4387.47962635 0.00265898749944 
4390.47962635 0.00230234264857 
4393.47962635 0.00308217606524 
4396.47962635 0.00378040488746 
4399.47962635 0.00352604830166 
4402.47962635 0.00231796342466 
4405.47962635 0.000717677396604 
4408.47962635 0.00011347797896 
4411.47962635 0.0017128247978 
4414.47962635 0.00298508408744 
4417.47962635 0.0061715803408 
4420.47962635 0.00997982004439 
4423.47962635 0.0121961751099 
4426.47962635 0.012904615022 
4429.47962635 0.0126547955544 
4432.47962635 0.0123565581962 
4435.47962635 0.0125750787541 
4438.47962635 0.012928327458 
4441.47962635 0.0150185738728 
4444.47962635 0.0182923160426 
4447.47962635 0.0210812145479 
4450.47962635 0.0224904843672 
4453.47962635 0.0242609423326 
4456.47962635 0.02518034339 
4459.47962635 0.0241754509647 
4462.47962635 0.0215835242793 
4465.47962635 0.0174917748357 
4468.47962635 0.0145793137605 
4471.47962635 0.0130902188972 
4474.47962635 0.0123902419975 
4477.47962635 0.012059756244 
4480.47962635 0.0126142771029 
4483.47962635 0.0132897662119 
4486.47962635 0.0126558603433 
4489.47962635 0.012973615693 
4492.47962635 0.0125482425453 
4495.47962635 0.0136848722952 
4498.47962635 0.0149180025062 
4501.47962635 0.0152244228551 
4504.47962635 0.0166883698764 
4507.47962635 0.0142881204806 
4510.47962635 0.0132210596813 
4513.47962635 0.0146291905884 
4516.47962635 0.0161674681079 
4519.47962635 0.0148773322781 
4522.47962635 0.0118125993369 
4525.47962635 0.00982875415472 
4528.47962635 0.00776157247846 
4531.47962635 0.00649807519514 
4534.47962635 0.00611098032434 
4537.47962635 0.00520527033386 
4540.47962635 0.00561745127717 
4543.47962635 0.00745428088527 
4546.47962635 0.00808313283062 
4549.47962635 0.00733971195733 
4552.47962635 0.00580867323723 
4555.47962635 0.00595299977819 
4558.47962635 0.00825559803492 
4561.47962635 0.0109885092361 
4564.47962635 0.0115972990299 
4567.47962635 0.0101572738727 
4570.47962635 0.00960603738744 
4573.47962635 0.00993720260572 
4576.47962635 0.0126205540626 
4579.47962635 0.0139776409919 
4582.47962635 0.0139919526954 
4585.47962635 0.0146195192465 
4588.47962635 0.0126051010937 
4591.47962635 0.0108406165349 
4594.47962635 0.0102345422469 
4597.47962635 0.0127419741126 
4600.47962635 0.0148653219304 
4603.47962635 0.0148346654238 
4606.47962635 0.0128066332689 
4609.47962635 0.0101272244723 
4612.47962635 0.00488024529995 
4615.47962635 0.000995160490451 
4618.47962635 0.00108455708916 
4621.47962635 0.00381331862878 
4624.47962635 0.00578162936509 
4627.47962635 0.00771229863873 
4630.47962635 0.00905894887245 
4633.47962635 0.0115946470585 
4636.47962635 0.0121161147534 
4639.47962635 0.0124597109404 
4642.47962635 0.0119820807792 
4645.47962635 0.0117063428214 
4648.47962635 0.0104172906055 
4651.47962635 0.0109868232224 
4654.47962635 0.0117571008944 
4657.47962635 0.0144374309394 
4660.47962635 0.0139457832153 
4663.47962635 0.0103558387579 
4666.47962635 0.0059297126694 
4669.47962635 0.00463460821716 
4672.47962635 0.00506330868306 
4675.47962635 0.00595478638801 
4678.47962635 0.00451030500124 
4681.47962635 0.004131455773 
4684.47962635 0.00372394695849 
4687.47962635 0.00514179126952 
4690.47962635 0.00755499932213 
4693.47962635 0.0075667825933 
4696.47962635 0.00799862095079 
4699.47962635 0.0102343669391 
4702.47962635 0.0119449108239 
4705.47962635 0.0108824056738 
4708.47962635 0.00696217312532 
4711.47962635 0.00456714295983 
4714.47962635 0.00292270099086 
4717.47962635 0.00199987716676 
4720.47962635 -0.000637345401327 
4723.47962635 -0.000722088402103 
4726.47962635 0.000920778811802 
4729.47962635 0.00321760455987 
4732.47962635 0.00729286948354 
4735.47962635 0.00854653364766 
4738.47962635 0.00678469164777 
4741.47962635 0.00703246272039 
4744.47962635 0.00786369455411 
4747.47962635 0.00811045495973 
4750.47962635 0.00834775639296 
4753.47962635 0.0126789550841 
4756.47962635 0.0157621376984 
4759.47962635 0.0199446930417 
4762.47962635 0.022032182771 
4765.47962635 0.0238467171123 
4768.47962635 0.0201447768688 
4771.47962635 0.017435457506 
4774.47962635 0.0148323052399 
4777.47962635 0.0148697975733 
4780.47962635 0.0173181848379 
4783.47962635 0.0182641644371 
4786.47962635 0.0147298231362 
4789.47962635 0.010743287774 
4792.47962635 0.00655526435756 
4795.47962635 0.00641242675616 
4798.47962635 0.00994006400517 
4801.47962635 0.0125945861566 
4804.47962635 0.0151885553541 
4807.47962635 0.0144945424487 
4810.47962635 0.0133895245739 
4813.47962635 0.0104432655708 
4816.47962635 0.0109987112076 
4819.47962635 0.0109241312782 
4822.47962635 0.013017976797 
4825.47962635 0.0161035207718 
4828.47962635 0.0175978995763 
4831.47962635 0.0168349742419 
4834.47962635 0.0159942887303 
4837.47962635 0.0137871343817 
4840.47962635 0.0116806419951 
4843.47962635 0.00979357847243 
4846.47962635 0.00785080531441 
4849.47962635 0.00813446859574 
4852.47962635 0.00776005588969 
4855.47962635 0.00785944069321 
4858.47962635 0.00922059029211 
4861.47962635 0.0108335783394 
4864.47962635 0.0112006775344 
4867.47962635 0.010226986364 
4870.47962635 0.00891595008201 
4873.47962635 0.00695030396511 
4876.47962635 0.00615213941408 
4879.47962635 0.00329570093976 
4882.47962635 -0.000292589123947 
4885.47962635 -0.00263691107322 
4888.47962635 -0.00251372117936 
4891.47962635 -0.00120244171666 
4894.47962635 0.000509824140525 
4897.47962635 0.00484369568706 
4900.47962635 0.00644949552714 
4903.47962635 0.00716850743951 
4906.47962635 0.00659298317921 
4909.47962635 0.00784681147377 
4912.47962635 0.00896756998692 
4915.47962635 0.00850603166796 
4918.47962635 0.00688878034726 
4921.47962635 0.00635671064969 
4924.47962635 0.00618988588494 
4927.47962635 0.00687786243765 
4930.47962635 0.00874898295322 
4933.47962635 0.00881889663663 
4936.47962635 0.00578140228857 
4939.47962635 0.00262109513486 
4942.47962635 0.000936354731459 
4945.47962635 0.00467079780199 
4948.47962635 0.00744070159179 
4951.47962635 0.00791405965535 
4954.47962635 0.00562065799764 
4957.47962635 0.00554369611793 
4960.47962635 0.00836753263993 
4963.47962635 0.0132619028641 
4966.47962635 0.0139630951526 
4969.47962635 0.011214491552 
4972.47962635 0.00714124707991 
4975.47962635 0.00261490024035 
4978.47962635 0.000210447263368 
4981.47962635 0.00235593726618 
4984.47962635 0.00546871674564 
4987.47962635 0.00359650526271 
4990.47962635 0.00113387387341 
4993.47962635 0.00216302120351 
4996.47962635 0.00479444273131 
4999.47962635 0.00418728777085 
5002.47962635 0.00405264021943 
5005.47962635 0.0075754432682 
5008.47962635 0.01112596583 
5011.47962635 0.0139316668211 
5014.47962635 0.0159380019911 
5017.47962635 0.0163581464962 
5020.47962635 0.0134575498749 
5023.47962635 0.00979632045081 
5026.47962635 0.00557573332035 
5029.47962635 0.00426491617309 
5032.47962635 0.00414012909594 
5035.47962635 0.00337723258734 
5038.47962635 0.00210314050782 
5041.47962635 0.0033205225799 
5044.47962635 0.00385159572922 
5047.47962635 0.0051397552285 
5050.47962635 0.00418106934509 
5053.47962635 -0.000501870873696 
5056.47962635 -0.00543432524211 
5059.47962635 -0.0065204651752 
5062.47962635 -0.00214560837601 
5065.47962635 0.0047368926584 
5068.47962635 0.00887038535484 
5071.47962635 0.00720026638496 
5074.47962635 0.00398347041751 
5077.47962635 0.00270030866063 
5080.47962635 0.00197498625651 
5083.47962635 0.00253183082587 
5086.47962635 0.00371944690193 
5089.47962635 0.00338258623983 
5092.47962635 0.00379997758916 
5095.47962635 0.00310808337822 
5098.47962635 0.00305321322003 
5101.47962635 0.00145034537313 
5104.47962635 -0.00111917515447 
5107.47962635 -0.00357517360041 
5110.47962635 -0.00380473472457 
5113.47962635 0.000736309804443 
5116.47962635 0.00512289097316 
5119.47962635 0.00911937711082 
5122.47962635 0.00896672698005 
5125.47962635 0.00917254419511 
5128.47962635 0.00975988055236 
5131.47962635 0.0140448485821 
5134.47962635 0.0165185931168 
5137.47962635 0.0168374838492 
5140.47962635 0.0136960378712 
5143.47962635 0.0113617089065 
5146.47962635 0.0118211011759 
5149.47962635 0.0140570083532 
5152.47962635 0.0133282950966 
5155.47962635 0.0101613388954 
5158.47962635 0.010129184625 
5161.47962635 0.00910807917159 
5164.47962635 0.00937896792803 
5167.47962635 0.00833858803144 
5170.47962635 0.00576293732025 
5173.47962635 0.00161293598441 
5176.47962635 0.0016147677448 
5179.47962635 0.00177722334556 
5182.47962635 -0.00218224314259 
5185.47962635 -0.00671967481654 
5188.47962635 -0.00801330562453 
5191.47962635 -0.00415578384527 
5194.47962635 0.00394669872849 
5197.47962635 0.0117174931021 
5200.47962635 0.0169082905434 
5203.47962635 0.0174559308661 
5206.47962635 0.0151420199631 
5209.47962635 0.0102233272553 
5212.47962635 0.00914560033077 
5215.47962635 0.0100630112331 
5218.47962635 0.0125371816833 
5221.47962635 0.0118371553681 
5224.47962635 0.0100691364163 
5227.47962635 0.00925123209168 
5230.47962635 0.00936162657668 
5233.47962635 0.00925592657515 
5236.47962635 0.00787052567467 
5239.47962635 0.00614704548771 
5242.47962635 0.00223797380901 
5245.47962635 8.73035679586e-05 
5248.47962635 -0.000900358764658 
5251.47962635 -0.000202545158615 
5254.47962635 0.00377295136546 
5257.47962635 0.00547269234957 
5260.47962635 0.00523428965406 
5263.47962635 0.0033458398469 
5266.47962635 0.000330856333914 
5269.47962635 -0.00459632317492 
5272.47962635 -0.00668855062644 
5275.47962635 -0.00714288838428 
5278.47962635 -0.00484443868614 
5281.47962635 0.000875159962771 
5284.47962635 0.00768655663275 
5287.47962635 0.0142517882376 
5290.47962635 0.016848305869 
5293.47962635 0.00999392467292 
5296.47962635 0.00272322985856 
5299.47962635 -0.000126457188912 
5302.47962635 -0.00187292948006 
5305.47962635 -0.00205500499208 
5308.47962635 -0.00139040026065 
5311.47962635 0.00186011995245 
5314.47962635 0.00279010889373 
5317.47962635 -0.000353054681398 
5320.47962635 -0.00200482784666 
5323.47962635 -0.00198636273127 
5326.47962635 0.000742610957234 
5329.47962635 0.00522168337758 
5332.47962635 0.00881699942997 
5335.47962635 0.0118675200872 
5338.47962635 0.0114670041706 
5341.47962635 0.00886880758484 
5344.47962635 0.00729267240935 
5347.47962635 0.0066460349604 
5350.47962635 0.00607887135162 
5353.47962635 0.00430109752199 
5356.47962635 0.00166872018442 
5359.47962635 -0.000916649740038 
5362.47962635 -0.0027019405525 
5365.47962635 -0.00510509664533 
5368.47962635 -0.00231425195897 
5371.47962635 0.00351881744407 
5374.47962635 0.0100544729206 
5377.47962635 0.0149212004025 
5380.47962635 0.0165797272926 
5383.47962635 0.0166203575176 
5386.47962635 0.017638062706 
5389.47962635 0.0183943734073 
5392.47962635 0.0176972873212 
5395.47962635 0.0118890652956 
5398.47962635 0.00573834069764 
5401.47962635 0.000734331856191 
5404.47962635 0.00235906059781 
5407.47962635 0.00862515506846 
5410.47962635 0.0126552485309 
5413.47962635 0.0192360801749 
5416.47962635 0.0280907772484 
5419.47962635 0.0383976886642 
5422.47962635 0.0391774670766 
5425.47962635 0.0297547892718 
5428.47962635 0.0218814392594 
5431.47962635 0.0193074775034 
5434.47962635 0.0204618956983 
5437.47962635 0.0188749461507 
5440.47962635 0.0164274460141 
5443.47962635 0.0129765170956 
5446.47962635 0.0107151832309 
5449.47962635 0.00721352918318 
5452.47962635 0.00461242178237 
5455.47962635 0.0055101652697 
5458.47962635 0.0053779867342 
5461.47962635 0.00732401191035 
5464.47962635 0.0101527099877 
5467.47962635 0.0113006876807 
5470.47962635 0.0109771224665 
5473.47962635 0.0113418697134 
5476.47962635 0.0115907879343 
5479.47962635 0.0119139037017 
5482.47962635 0.0111857351935 
5485.47962635 0.00726851758588 
5488.47962635 0.00264586118244 
5491.47962635 0.00246158388119 
5494.47962635 0.00823160087079 
5497.47962635 0.0130257385783 
5500.47962635 0.012006296784 
5503.47962635 0.00330420954398 
5506.47962635 -0.000447360927403 
5509.47962635 -0.00342269730671 
5512.47962635 -0.000220463338002 
5515.47962635 0.00737382461561 
5518.47962635 0.0126358505487 
5521.47962635 0.0167032557422 
5524.47962635 0.0205881337709 
5527.47962635 0.0208835026703 
5530.47962635 0.01863853714 
5533.47962635 0.0140460133788 
5536.47962635 0.00888686193292 
5539.47962635 0.0052649073341 
5542.47962635 0.00191154381267 
5545.47962635 0.00607528577809 
5548.47962635 0.0127344052875 
5551.47962635 0.019818283191 
5554.47962635 0.022747431449 
5557.47962635 0.0176985097694 
5560.47962635 0.00655953822002 
5563.47962635 0.002531722288 
5566.47962635 0.00581877108294 
5569.47962635 0.0140735037563 
5572.47962635 0.0209353302384 
5575.47962635 0.0260440483425 
5578.47962635 0.0231864303645 
5581.47962635 0.0208245521941 
5584.47962635 0.0138938827003 
5587.47962635 0.0125170189356 
5590.47962635 0.0190334055577 
5593.47962635 0.0295405608131 
5596.47962635 0.0365779233271 
5599.47962635 0.04769194705 
5602.47962635 0.049176199183 
5605.47962635 0.0464668304046 
5608.47962635 0.0379317723571 
5611.47962635 0.0229287043984 
5614.47962635 0.00747195932171 
5617.47962635 -0.00592505818904 
5620.47962635 -0.0171027645216 
5623.47962635 -0.0115725076862 
5626.47962635 0.00583823848232 
5629.47962635 0.0133968098475 
5632.47962635 0.0152984474471 
5635.47962635 0.0184623422333 
5638.47962635 0.0204243304181 
5641.47962635 0.0217364161936 
5644.47962635 0.0170898305725 
5647.47962635 0.00687062304998 
5650.47962635 -0.00558609942227 
5653.47962635 -0.012525726673 
5656.47962635 -0.011545844432 
5659.47962635 0.000349089115023 
5662.47962635 0.0051529721408 
5665.47962635 0.00733164015185 
5668.47962635 -7.36734800797e-05 
5671.47962635 -0.00363649867337 
5674.47962635 -0.000707809495281 
5677.47962635 -0.000427029343036 
5680.47962635 -0.00083068958559 
5683.47962635 0.00321392250823 
5686.47962635 0.0209361608914 
5689.47962635 0.0339887592099 
5692.47962635 0.0359514862758 
5695.47962635 0.0340194980758 
5698.47962635 0.0304777303139 
5701.47962635 0.023920035767 
5704.47962635 0.019223129754 
5707.47962635 0.0209653231639 
5710.47962635 0.0273251552333 
5713.47962635 0.034086988041 
5716.47962635 0.0372488532573 
5719.47962635 0.0342829562532 
5722.47962635 0.0294964585528 
5725.47962635 0.023471391394 
5728.47962635 0.0227007948736 
5731.47962635 0.0235019184787 
5734.47962635 0.0260182110349 
5737.47962635 0.0294790101343 
5740.47962635 0.031411861931 
5743.47962635 0.0374191700589 
5746.47962635 0.0399507885152 
5749.47962635 0.0333042164542 
5752.47962635 0.023636067756 
5755.47962635 0.0188830856085 
5758.47962635 0.0137549530504 
5761.47962635 0.010191014149 
5764.47962635 -0.00108119962164 
5767.47962635 -0.00867637376563 
5770.47962635 -0.0129471136278 
5773.47962635 -0.011399023579 
5776.47962635 -0.0121885545161 
5779.47962635 -0.0125768953663 
5782.47962635 -0.0129041208658 
5785.47962635 -0.00964231139061 
5788.47962635 0.00138841878271 
5791.47962635 0.00704586023499 
5794.47962635 0.0103566541156 
5797.47962635 0.0146198510371 
5800.47962635 0.0247540442877 
5803.47962635 0.0330346260342 
5806.47962635 0.0395466958493 
5809.47962635 0.0383816168236 
5812.47962635 0.0299363140057 
5815.47962635 0.0272581358931 
5818.47962635 0.0184150244283 
5821.47962635 0.0154318048979 
5824.47962635 0.00359554636445 
5827.47962635 0.00781558198134 
5830.47962635 0.0103932452023 
5833.47962635 0.0153859001443 
5836.47962635 0.0197545958751 
5839.47962635 0.0209827880543 
5842.47962635 0.0205265030859 
5845.47962635 0.0104530439799 
5848.47962635 -0.0117464130027 
5851.47962635 -0.0227763254653 
5854.47962635 -0.0284892177092 
5857.47962635 -0.0157529275689 
5860.47962635 0.0070879246894 
5863.47962635 0.0276727658508 
5866.47962635 0.0451765180905 
5869.47962635 0.0525003876368 
5872.47962635 0.0372960616419 
5875.47962635 0.0290351849604 
5878.47962635 0.0156613451381 
5881.47962635 -0.00159156049517 
5884.47962635 -0.0216269841365 
5887.47962635 -0.0442412969768 
5890.47962635 -0.0429896559115 
5893.47962635 -0.035222561238 
5896.47962635 -0.0266427773522 
5899.47962635 0.00614846383353 
5902.47962635 0.021339491145 
5905.47962635 0.0197357532303 
5908.47962635 0.031466823861 
5911.47962635 0.0281953053939 
5914.47962635 0.0263091819445 
5917.47962635 0.0252938439994 
5920.47962635 0.0277002197549 
5923.47962635 0.0258406089597 
5926.47962635 0.0455801213065 
5929.47962635 0.048402152982 
5932.47962635 0.021901212565 
5935.47962635 0.0179609761048 
5938.47962635 0.00900273625671 
5941.47962635 -0.000546959313747 
5944.47962635 0.026126812439 
5947.47962635 0.04931527355 
5950.47962635 0.0443743614637 
5953.47962635 0.0612317880434 
5956.47962635 0.048830901687 
5959.47962635 0.0263720033106 
5962.47962635 0.0194339685369 
5965.47962635 0.0326949948621 
5968.47962635 0.041811601757 
5971.47962635 0.0240606161337 
5974.47962635 0.0131888348172 
5977.47962635 0.0408279015714 
5980.47962635 0.0436351367997 
5983.47962635 0.0276484110117 
5986.47962635 0.0330518391402 
5989.47962635 0.0648187216779 
5992.47962635 0.0528746426835 
5995.47962635 0.0664766532274 
5998.47962635 0.0765379125593 
