1.49619792281 nan 
4.49619792281 nan 
7.49619792281 nan 
10.4961979228 nan 
13.4961979228 nan 
16.4961979228 nan 
19.4961979228 nan 
22.4961979228 nan 
25.4961979228 nan 
28.4961979228 nan 
31.4961979228 nan 
34.4961979228 nan 
37.4961979228 nan 
40.4961979228 nan 
43.4961979228 nan 
46.4961979228 nan 
49.4961979228 nan 
52.4961979228 nan 
55.4961979228 nan 
58.4961979228 nan 
61.4961979228 nan 
64.4961979228 nan 
67.4961979228 nan 
70.4961979228 nan 
73.4961979228 nan 
76.4961979228 nan 
79.4961979228 nan 
82.4961979228 nan 
85.4961979228 nan 
88.4961979228 nan 
91.4961979228 nan 
94.4961979228 nan 
97.4961979228 nan 
100.496197923 nan 
103.496197923 nan 
106.496197923 nan 
109.496197923 nan 
112.496197923 nan 
115.496197923 nan 
118.496197923 nan 
121.496197923 nan 
124.496197923 nan 
127.496197923 nan 
130.496197923 nan 
133.496197923 nan 
136.496197923 nan 
139.496197923 nan 
142.496197923 nan 
145.496197923 nan 
148.496197923 nan 
151.496197923 nan 
154.496197923 nan 
157.496197923 nan 
160.496197923 nan 
163.496197923 nan 
166.496197923 nan 
169.496197923 nan 
172.496197923 nan 
175.496197923 nan 
178.496197923 nan 
181.496197923 nan 
184.496197923 nan 
187.496197923 nan 
190.496197923 nan 
193.496197923 nan 
196.496197923 nan 
199.496197923 nan 
202.496197923 nan 
205.496197923 nan 
208.496197923 nan 
211.496197923 nan 
214.496197923 nan 
217.496197923 nan 
220.496197923 nan 
223.496197923 nan 
226.496197923 nan 
229.496197923 nan 
232.496197923 nan 
235.496197923 nan 
238.496197923 nan 
241.496197923 nan 
244.496197923 nan 
247.496197923 nan 
250.496197923 nan 
253.496197923 nan 
256.496197923 nan 
259.496197923 nan 
262.496197923 nan 
265.496197923 nan 
268.496197923 nan 
271.496197923 nan 
274.496197923 nan 
277.496197923 nan 
280.496197923 nan 
283.496197923 nan 
286.496197923 nan 
289.496197923 nan 
292.496197923 nan 
295.496197923 nan 
298.496197923 nan 
301.496197923 nan 
304.496197923 nan 
307.496197923 nan 
310.496197923 nan 
313.496197923 nan 
316.496197923 nan 
319.496197923 -1.14518645182 
322.496197923 -1.22105394485 
325.496197923 -1.12397644102 
328.496197923 -0.924763982696 
331.496197923 -0.719908197951 
334.496197923 -0.589566607466 
337.496197923 -0.49261280567 
340.496197923 -0.3984536555 
343.496197923 -0.360449972869 
346.496197923 -0.342776237885 
349.496197923 -0.30958080108 
352.496197923 -0.267368199049 
355.496197923 -0.208083742616 
358.496197923 -0.161984853432 
361.496197923 -0.127767882595 
364.496197923 -0.142367717618 
367.496197923 -0.153054042588 
370.496197923 -0.0852025037556 
373.496197923 -0.0682007830037 
376.496197923 -0.0643962150824 
379.496197923 -0.0895826435273 
382.496197923 -0.105447759977 
385.496197923 -0.128630379032 
388.496197923 -0.115534014325 
391.496197923 -0.098710694065 
394.496197923 -0.122844993724 
397.496197923 -0.147318812464 
400.496197923 -0.145763395379 
403.496197923 -0.122475431145 
406.496197923 -0.078406912743 
409.496197923 -0.0325054768652 
412.496197923 -0.0173917636706 
415.496197923 0.00704076880435 
418.496197923 -0.00406045559973 
421.496197923 -0.0267983631362 
424.496197923 -0.0642098167728 
427.496197923 -0.0919666915041 
430.496197923 -0.107295490184 
433.496197923 -0.0998982758421 
436.496197923 -0.0925632432706 
439.496197923 -0.0710965764775 
442.496197923 -0.0550757942861 
445.496197923 -0.0476760717256 
448.496197923 -0.0606185760572 
451.496197923 -0.0595728877882 
454.496197923 -0.0677823055686 
457.496197923 -0.0717428194535 
460.496197923 -0.0667479777841 
463.496197923 -0.0618929899727 
466.496197923 -0.0570837840409 
469.496197923 -0.0643444888165 
472.496197923 -0.070126869775 
475.496197923 -0.0677255950222 
478.496197923 -0.0607379185671 
481.496197923 -0.0459075341565 
484.496197923 -0.0353299790494 
487.496197923 -0.0337125501651 
490.496197923 -0.0343916847986 
493.496197923 -0.0327621443423 
496.496197923 -0.0237774871907 
499.496197923 -0.0132909870791 
502.496197923 0.00492812523722 
505.496197923 0.00105277486217 
508.496197923 -0.00652958891984 
511.496197923 -0.0109229266988 
514.496197923 -0.00719974266082 
517.496197923 -0.00550573042133 
520.496197923 -0.0111158344328 
523.496197923 -0.0158735472343 
526.496197923 -0.0231689455881 
529.496197923 -0.0243525192687 
532.496197923 -0.0209704070192 
535.496197923 -0.0125593176697 
538.496197923 -0.00518142947342 
541.496197923 -0.000673435226456 
544.496197923 0.00408404364981 
547.496197923 -0.00856692908127 
550.496197923 -0.0190134418263 
553.496197923 -0.0171057877054 
556.496197923 -0.00915764154497 
559.496197923 0.000919478879039 
562.496197923 0.00733646354234 
565.496197923 0.00388873593885 
568.496197923 0.00632588229427 
571.496197923 0.0036610815107 
574.496197923 0.00035083520734 
577.496197923 -0.00316228853944 
580.496197923 0.00561035035433 
583.496197923 0.0170470225788 
586.496197923 0.0112348289618 
589.496197923 0.0109845629547 
592.496197923 0.0120183957565 
595.496197923 0.00759838863145 
598.496197923 0.00761583705858 
601.496197923 0.0141770221824 
604.496197923 0.0115741654398 
607.496197923 0.0143140014656 
610.496197923 0.0102771637757 
613.496197923 0.00152200977237 
616.496197923 -0.0045210298201 
619.496197923 -0.0067587819862 
622.496197923 -0.00499181147945 
625.496197923 0.0061571443012 
628.496197923 0.00965966310115 
631.496197923 0.0128490915648 
634.496197923 0.0129664748161 
637.496197923 0.0151164947447 
640.496197923 0.00945477242185 
643.496197923 -0.00098039993661 
646.496197923 -0.008376580672 
649.496197923 -0.0130077765856 
652.496197923 -0.00627954341543 
655.496197923 0.00296895386856 
658.496197923 -0.00404933054783 
661.496197923 -0.0177353666467 
664.496197923 -0.0251542993593 
667.496197923 -0.0164634253478 
670.496197923 0.000906333341649 
673.496197923 0.013814511097 
676.496197923 0.0151938395234 
679.496197923 0.00818337950863 
682.496197923 -0.00131670866513 
685.496197923 -0.00400090148683 
688.496197923 0.00187431944818 
691.496197923 0.00899995682557 
694.496197923 0.0139913255769 
697.496197923 0.00717221427285 
700.496197923 0.00164913720593 
703.496197923 -0.00378560439929 
706.496197923 -0.0116009737485 
709.496197923 -0.0113901696913 
712.496197923 -0.0110191290549 
715.496197923 -0.00771138479714 
718.496197923 -0.0112823231831 
721.496197923 -0.0110979748599 
724.496197923 -0.0130607994535 
727.496197923 -0.00883469404742 
730.496197923 -0.00925166758499 
733.496197923 -0.00771660049067 
736.496197923 -0.0102156917484 
739.496197923 -0.0199133651564 
742.496197923 -0.0190603377043 
745.496197923 -0.00868401947738 
748.496197923 0.00516784099255 
751.496197923 0.0100653295572 
754.496197923 0.000249533492332 
757.496197923 -0.00803614684842 
760.496197923 -0.00992107368388 
763.496197923 -0.00568457019582 
766.496197923 -0.00533635044374 
769.496197923 0.00484414872407 
772.496197923 0.0126074630631 
775.496197923 0.0241469510029 
778.496197923 0.0345816042612 
781.496197923 0.0403643986623 
784.496197923 0.0362561778067 
787.496197923 0.0271864594292 
790.496197923 0.0126653645539 
793.496197923 0.000937450856602 
796.496197923 -0.00465802231046 
799.496197923 -0.00644285439986 
802.496197923 0.00047714645061 
805.496197923 0.00628262528565 
808.496197923 0.00614704309401 
811.496197923 -0.000271287518832 
814.496197923 -0.00161712526241 
817.496197923 -0.00412699832852 
820.496197923 -0.010757435953 
823.496197923 -0.0228619805191 
826.496197923 -0.0283083038293 
829.496197923 -0.0290723572806 
832.496197923 -0.0318125768893 
835.496197923 -0.0303270316078 
838.496197923 -0.0283925381699 
841.496197923 -0.0230937059215 
844.496197923 -0.0259258774664 
847.496197923 -0.0310661429844 
850.496197923 -0.0333554528812 
853.496197923 -0.0324105573298 
856.496197923 -0.0256144380294 
859.496197923 -0.0144613983544 
862.496197923 -0.00768817343923 
865.496197923 -0.00808131775185 
868.496197923 -0.00953075973055 
871.496197923 -0.0107151476634 
874.496197923 -0.000944200522753 
877.496197923 -0.00241718540302 
880.496197923 -0.00081661464162 
883.496197923 -0.00117644402046 
886.496197923 -0.00143163939776 
889.496197923 -0.00588062813287 
892.496197923 -0.00405985668215 
895.496197923 -0.00195551685171 
898.496197923 0.00288783326774 
901.496197923 0.00350342923506 
904.496197923 0.00584623717159 
907.496197923 0.00668468502905 
910.496197923 0.0114591422568 
913.496197923 0.018703615964 
916.496197923 0.0241185360102 
919.496197923 0.0208081974 
922.496197923 0.0148172346383 
925.496197923 0.0157548225914 
928.496197923 0.0165480811702 
931.496197923 0.0184071799004 
934.496197923 0.0183645424815 
937.496197923 0.0158689763964 
940.496197923 0.0140163606761 
943.496197923 0.0152134619696 
946.496197923 0.016508791488 
949.496197923 0.0152260122501 
952.496197923 0.0148625950363 
955.496197923 0.0140166925787 
958.496197923 0.0195027867723 
961.496197923 0.0204550416024 
964.496197923 0.0196367628542 
967.496197923 0.0215502970481 
970.496197923 0.0242104236331 
973.496197923 0.0290434048125 
976.496197923 0.0293036187086 
979.496197923 0.0301959932654 
982.496197923 0.0306893405657 
985.496197923 0.0260772663734 
988.496197923 0.0186988981243 
991.496197923 0.0123154278665 
994.496197923 0.0101928076992 
997.496197923 0.0133886031792 
1000.49619792 0.0139343910824 
1003.49619792 0.012448068299 
1006.49619792 0.0140315983337 
1009.49619792 0.0175650397707 
1012.49619792 0.0240066882962 
1015.49619792 0.0265741325298 
1018.49619792 0.0220921113082 
1021.49619792 0.0128174666495 
1024.49619792 0.00768185408359 
1027.49619792 0.00823007957554 
1030.49619792 0.0180078115537 
1033.49619792 0.0198633960217 
1036.49619792 0.0195846323333 
1039.49619792 0.0166544840745 
1042.49619792 0.0125731128718 
1045.49619792 0.00987907939793 
1048.49619792 0.00401483019652 
1051.49619792 0.000427972511003 
1054.49619792 0.0122198008848 
1057.49619792 0.0221294451771 
1060.49619792 0.0250657812938 
1063.49619792 0.0163733247158 
1066.49619792 0.0035691915909 
1069.49619792 -0.00611162771379 
1072.49619792 -0.00668987545664 
1075.49619792 -0.0047238868785 
1078.49619792 0.00262301838697 
1081.49619792 0.00524568764461 
1084.49619792 0.00437239001941 
1087.49619792 0.00845881383543 
1090.49619792 0.0142658043918 
1093.49619792 0.0230059182713 
1096.49619792 0.029672956191 
1099.49619792 0.0348763153502 
1102.49619792 0.0336466657863 
1105.49619792 0.0288662699146 
1108.49619792 0.0265351379997 
1111.49619792 0.0272854123272 
1114.49619792 0.0234802632892 
1117.49619792 0.0139618735323 
1120.49619792 0.00836875856727 
1123.49619792 0.00875224210394 
1126.49619792 0.00787406757847 
1129.49619792 0.00890068408382 
1132.49619792 0.0141028471305 
1135.49619792 0.0183349055362 
1138.49619792 0.022646949011 
1141.49619792 0.0194548366157 
1144.49619792 0.00859504490229 
1147.49619792 -0.00223890463741 
1150.49619792 -0.00979265151456 
1153.49619792 -0.0100706813423 
1156.49619792 -0.00551117293407 
1159.49619792 -0.00102621289634 
1162.49619792 -0.00220540358267 
1165.49619792 -0.0103979510379 
1168.49619792 -0.0214643561082 
1171.49619792 -0.0229520949325 
1174.49619792 -0.0199119272949 
1177.49619792 -0.0133546032658 
1180.49619792 -0.00957058803654 
1183.49619792 -0.00664296981687 
1186.49619792 -0.00376599774425 
1189.49619792 -0.00614299078208 
1192.49619792 -0.0153862614622 
1195.49619792 -0.0217428992938 
1198.49619792 -0.0217677770552 
1201.49619792 -0.0198648430709 
1204.49619792 -0.015690449575 
1207.49619792 -0.0124667754293 
1210.49619792 -0.00977796511384 
1213.49619792 -0.0132328191474 
1216.49619792 -0.0154474819786 
1219.49619792 -0.0122090088839 
1222.49619792 -0.00319274404375 
1225.49619792 0.00762805199118 
1228.49619792 0.0151237529597 
1231.49619792 0.0210831275565 
1234.49619792 0.0236627270032 
1237.49619792 0.0257031007998 
1240.49619792 0.0252030304631 
1243.49619792 0.0294080451274 
1246.49619792 0.0365889233201 
1249.49619792 0.041367410465 
1252.49619792 0.0452429067652 
1255.49619792 0.0440755055819 
1258.49619792 0.0441688425509 
1261.49619792 0.0424237058342 
1264.49619792 0.0360333345299 
1267.49619792 0.0304936857352 
1270.49619792 0.0256296963591 
1273.49619792 0.0263567558832 
1276.49619792 0.0314382000006 
1279.49619792 0.0329281346646 
1282.49619792 0.0333444254476 
1285.49619792 0.0314761976746 
1288.49619792 0.0251175603885 
1291.49619792 0.0189615869338 
1294.49619792 0.010350470598 
1297.49619792 0.000903557318483 
1300.49619792 -0.00375885581006 
1303.49619792 -0.0090835554981 
1306.49619792 -0.0185856401116 
1309.49619792 -0.0245679297659 
1312.49619792 -0.0225252177215 
1315.49619792 -0.0243922189481 
1318.49619792 -0.0184590669496 
1321.49619792 -0.010477165496 
1324.49619792 -0.0033971095935 
1327.49619792 -0.000805068179707 
1330.49619792 0.00166284627423 
1333.49619792 0.00192816920133 
1336.49619792 -0.00429259300921 
1339.49619792 -0.0117482822065 
1342.49619792 -0.0137778077282 
1345.49619792 -0.00709972801925 
1348.49619792 -0.00647896803872 
1351.49619792 -0.00788772381799 
1354.49619792 -0.0111683427943 
1357.49619792 -0.00942141449291 
1360.49619792 -0.00527836913548 
1363.49619792 0.000112165144227 
1366.49619792 -0.0021892063937 
1369.49619792 -0.00791726716451 
1372.49619792 -0.0162073883707 
1375.49619792 -0.0179187835756 
1378.49619792 -0.0140195441843 
1381.49619792 -0.0110765734619 
1384.49619792 -0.0116457139826 
1387.49619792 -0.0136335105106 
1390.49619792 -0.0185745185051 
1393.49619792 -0.021968802046 
1396.49619792 -0.0214704176364 
1399.49619792 -0.0134557095107 
1402.49619792 -0.00500955850403 
1405.49619792 0.00436157390102 
1408.49619792 0.0106120212919 
1411.49619792 0.0136561396035 
1414.49619792 0.00734855157102 
1417.49619792 0.00259900569686 
1420.49619792 0.00343168172303 
1423.49619792 0.0112313020666 
1426.49619792 0.0150682448422 
1429.49619792 0.0146659709126 
1432.49619792 0.010287969558 
1435.49619792 0.00354775315535 
1438.49619792 -0.00434850739146 
1441.49619792 -0.011386190306 
1444.49619792 -0.0109617397735 
1447.49619792 -0.006573874367 
1450.49619792 -0.00591399180407 
1453.49619792 -0.00666603417295 
1456.49619792 -0.00642863656744 
1459.49619792 -0.00729954483881 
1462.49619792 -0.00341512736558 
1465.49619792 -0.00192167944417 
1468.49619792 -0.00352892744748 
1471.49619792 -0.00605324731856 
1474.49619792 -0.00347863559778 
1477.49619792 0.00651662060291 
1480.49619792 0.0140205812362 
1483.49619792 0.0207574863654 
1486.49619792 0.0214098230263 
1489.49619792 0.0191510137106 
1492.49619792 0.0155402941051 
1495.49619792 0.0150880062511 
1498.49619792 0.0198875984934 
1501.49619792 0.0256051723208 
1504.49619792 0.0277507351083 
1507.49619792 0.0279100827858 
1510.49619792 0.0270039291051 
1513.49619792 0.0257760182971 
1516.49619792 0.0250140917784 
1519.49619792 0.0209119898735 
1522.49619792 0.0192081422934 
1525.49619792 0.0198190841601 
1528.49619792 0.0159060702388 
1531.49619792 0.0121881242892 
1534.49619792 0.0121707734804 
1537.49619792 0.0137923207127 
1540.49619792 0.0148941062549 
1543.49619792 0.0173957533919 
1546.49619792 0.0175108891232 
1549.49619792 0.0202752101398 
1552.49619792 0.0222609589784 
1555.49619792 0.0227165796394 
1558.49619792 0.0194317251731 
1561.49619792 0.0130799533315 
1564.49619792 0.0136168602574 
1567.49619792 0.0133781913158 
1570.49619792 0.0113386007632 
1573.49619792 0.00309861464307 
1576.49619792 -0.00437654540488 
1579.49619792 -0.0113817090474 
1582.49619792 -0.0170020928502 
1585.49619792 -0.0166756982748 
1588.49619792 -0.0147926864826 
1591.49619792 -0.0158064041524 
1594.49619792 -0.0215001625362 
1597.49619792 -0.0239863721851 
1600.49619792 -0.0248821553467 
1603.49619792 -0.027169882677 
1606.49619792 -0.031544493802 
1609.49619792 -0.0328178419543 
1612.49619792 -0.037208830001 
1615.49619792 -0.0462802894313 
1618.49619792 -0.0532740113363 
1621.49619792 -0.0490017525263 
1624.49619792 -0.0344691915089 
1627.49619792 -0.0184493200398 
1630.49619792 -0.00751881126264 
1633.49619792 -0.000300222885775 
1636.49619792 0.00306972533981 
1639.49619792 0.00245588305828 
1642.49619792 0.0020459535494 
1645.49619792 0.00422314900424 
1648.49619792 0.00598752946523 
1651.49619792 0.00687364955399 
1654.49619792 0.00671981387056 
1657.49619792 0.00342128995756 
1660.49619792 -0.00235082556517 
1663.49619792 -0.00491212845308 
1666.49619792 -0.00377689339292 
1669.49619792 -0.000600100015802 
1672.49619792 7.70785531786e-05 
1675.49619792 -0.001471646288 
1678.49619792 -0.00160308687558 
1681.49619792 0.0019265422759 
1684.49619792 0.00521497976803 
1687.49619792 0.00693036469421 
1690.49619792 0.00790355981889 
1693.49619792 0.01255054235 
1696.49619792 0.0179502396685 
1699.49619792 0.0196673828742 
1702.49619792 0.0201418611126 
1705.49619792 0.0216717894596 
1708.49619792 0.0231832415153 
1711.49619792 0.0235975730396 
1714.49619792 0.0237066667663 
1717.49619792 0.0215512640444 
1720.49619792 0.0167078732985 
1723.49619792 0.0160174643144 
1726.49619792 0.0150401089233 
1729.49619792 0.014219953605 
1732.49619792 0.01198132718 
1735.49619792 0.00813604319945 
1738.49619792 0.00674596239377 
1741.49619792 0.00562107631926 
1744.49619792 0.00292104792733 
1747.49619792 -0.00486138755876 
1750.49619792 -0.0114705165227 
1753.49619792 -0.0154664635888 
1756.49619792 -0.0184611938822 
1759.49619792 -0.0207667842306 
1762.49619792 -0.0203511365806 
1765.49619792 -0.0154810822309 
1768.49619792 -0.0122100401935 
1771.49619792 -0.0114021147377 
1774.49619792 -0.010456071883 
1777.49619792 -0.0134247300253 
1780.49619792 -0.0161353299154 
1783.49619792 -0.0165907874962 
1786.49619792 -0.0115985574061 
1789.49619792 -0.0138734427491 
1792.49619792 -0.00817434521309 
1795.49619792 -0.00728203439529 
1798.49619792 -0.00659440236744 
1801.49619792 -0.00845368886959 
1804.49619792 -0.00931473653441 
1807.49619792 -0.00777085105348 
1810.49619792 -0.00240534730614 
1813.49619792 -0.000881542503719 
1816.49619792 -0.000449504904262 
1819.49619792 -0.00239988239859 
1822.49619792 -0.0113263077359 
1825.49619792 -0.0156065838874 
1828.49619792 -0.0165929259133 
1831.49619792 -0.0217185498203 
1834.49619792 -0.025016361119 
1837.49619792 -0.0302753535769 
1840.49619792 -0.0305164916897 
1843.49619792 -0.0310654194598 
1846.49619792 -0.0341234110683 
1849.49619792 -0.0416891928583 
1852.49619792 -0.045086979177 
1855.49619792 -0.0435916536805 
1858.49619792 -0.040068336994 
1861.49619792 -0.0373524944217 
1864.49619792 -0.0334280051707 
1867.49619792 -0.0325354491585 
1870.49619792 -0.0396485319487 
1873.49619792 -0.0422891578233 
1876.49619792 -0.0400546979812 
1879.49619792 -0.03813708219 
1882.49619792 -0.0338837866149 
1885.49619792 -0.0282304755525 
1888.49619792 -0.0276193981685 
1891.49619792 -0.026028096561 
1894.49619792 -0.0234545632364 
1897.49619792 -0.0221347372426 
1900.49619792 -0.0218159201517 
1903.49619792 -0.0192267426177 
1906.49619792 -0.0160644876704 
1909.49619792 -0.0149691782475 
1912.49619792 -0.0138520402026 
1915.49619792 -0.0101464045071 
1918.49619792 -0.00689978888958 
1921.49619792 -0.00518869917287 
1924.49619792 -0.00408133732331 
1927.49619792 -0.00563997581515 
1930.49619792 -0.00324340942737 
1933.49619792 -0.00566446425138 
1936.49619792 -0.00728909105694 
1939.49619792 -0.0110662419902 
1942.49619792 -0.012438445422 
1945.49619792 -0.0129983477969 
1948.49619792 -0.0105080887072 
1951.49619792 -0.0105285747892 
1954.49619792 -0.00919906160505 
1957.49619792 -0.00914603184643 
1960.49619792 -0.0111204959983 
1963.49619792 -0.0108975964475 
1966.49619792 -0.00733121626639 
1969.49619792 -0.00775751121242 
1972.49619792 -0.00933531908631 
1975.49619792 -0.00895667627368 
1978.49619792 -0.00512817921207 
1981.49619792 -0.000749396192545 
1984.49619792 0.00192272410457 
1987.49619792 0.00530171773337 
1990.49619792 0.00539625713132 
1993.49619792 0.00580533965704 
1996.49619792 0.0094557170234 
1999.49619792 0.00735948885107 
2002.49619792 0.0018063550797 
2005.49619792 -0.00170802665239 
2008.49619792 -0.00280786829647 
2011.49619792 0.00417870650631 
2014.49619792 0.00827126649993 
2017.49619792 0.00747912708735 
2020.49619792 0.00361100700549 
2023.49619792 -0.00339057174492 
2026.49619792 -0.0112325113862 
2029.49619792 -0.0129945797268 
2032.49619792 -0.0110853407424 
2035.49619792 -0.00653284592895 
2038.49619792 -0.00712927308845 
2041.49619792 -0.00884540967629 
2044.49619792 -0.0111056660411 
2047.49619792 -0.0146721070902 
2050.49619792 -0.0157904774238 
2053.49619792 -0.0173704357735 
2056.49619792 -0.0185437181781 
2059.49619792 -0.0210809730611 
2062.49619792 -0.0239217212434 
2065.49619792 -0.0234832262947 
2068.49619792 -0.0240781288845 
2071.49619792 -0.0258165241896 
2074.49619792 -0.0295150578596 
2077.49619792 -0.033524213269 
2080.49619792 -0.0321413809164 
2083.49619792 -0.0271136590741 
2086.49619792 -0.0195980944845 
2089.49619792 -0.0117861937466 
2092.49619792 -0.00472503274622 
2095.49619792 -0.000458733288137 
2098.49619792 -0.00119038005153 
2101.49619792 -0.0046091476502 
2104.49619792 -0.00437441244291 
2107.49619792 0.000317974450329 
2110.49619792 0.00795666767223 
2113.49619792 0.0144132231012 
2116.49619792 0.0181079841074 
2119.49619792 0.022510715073 
2122.49619792 0.0190782673327 
2125.49619792 0.0179640899963 
2128.49619792 0.0131505130573 
2131.49619792 0.011155429603 
2134.49619792 0.0122648420132 
2137.49619792 0.0134688167903 
2140.49619792 0.0134165208923 
2143.49619792 0.0124965857908 
2146.49619792 0.0147407994335 
2149.49619792 0.0155361757572 
2152.49619792 0.0127725759683 
2155.49619792 0.0104810679349 
2158.49619792 0.006401208669 
2161.49619792 0.00316930385683 
2164.49619792 -0.00106100430838 
2167.49619792 -0.00244501525956 
2170.49619792 -0.00287752419079 
2173.49619792 -0.00410692281806 
2176.49619792 -0.0040853465683 
2179.49619792 -0.00546022474421 
2182.49619792 -0.00613493841278 
2185.49619792 -0.00801322202921 
2188.49619792 -0.00622505971692 
2191.49619792 -0.00342563167932 
2194.49619792 -0.0022273354218 
2197.49619792 0.000409910595314 
2200.49619792 -0.00153656611093 
2203.49619792 -0.0056998486234 
2206.49619792 -0.00585910155364 
2209.49619792 -0.00664988923854 
2212.49619792 -0.00484017622953 
2215.49619792 -0.00273567374961 
2218.49619792 -0.00143179975034 
2221.49619792 -0.00365817822473 
2224.49619792 -0.00592678613056 
2227.49619792 -0.00313941540057 
2230.49619792 -0.000391667188362 
2233.49619792 0.00201389954384 
2236.49619792 0.00595355366926 
2239.49619792 0.0119932262884 
2242.49619792 0.022723178643 
2245.49619792 0.033531898708 
2248.49619792 0.0388626556176 
2251.49619792 0.0436688939501 
2254.49619792 0.0489837034589 
2257.49619792 0.0509486033048 
2260.49619792 0.0560618825041 
2263.49619792 0.0651627239235 
2266.49619792 0.0736854668987 
2269.49619792 0.0740224869495 
2272.49619792 0.0703489022448 
2275.49619792 0.0642824035159 
2278.49619792 0.0601657461339 
2281.49619792 0.0591382401527 
2284.49619792 0.0570013252067 
2287.49619792 0.0507271450609 
2290.49619792 0.0428588266318 
2293.49619792 0.0336412910322 
2296.49619792 0.0255523458382 
2299.49619792 0.0198263538596 
2302.49619792 0.011442518418 
2305.49619792 0.00595435701124 
2308.49619792 -0.00332125665365 
2311.49619792 -0.0118058655763 
2314.49619792 -0.0181432610991 
2317.49619792 -0.0218959281899 
2320.49619792 -0.0218346192428 
2323.49619792 -0.0220710555942 
2326.49619792 -0.0230973878577 
2329.49619792 -0.0244187366985 
2332.49619792 -0.02024177871 
2335.49619792 -0.0117681573122 
2338.49619792 -0.00678824092152 
2341.49619792 -0.00722064390807 
2344.49619792 -0.00962776887394 
2347.49619792 -0.0137390337009 
2350.49619792 -0.0134685021145 
2353.49619792 -0.00959622607295 
2356.49619792 -0.00555077844043 
2359.49619792 -0.00500410278409 
2362.49619792 -0.00469037993795 
2365.49619792 -0.0038528890279 
2368.49619792 -0.00138389423978 
2371.49619792 -0.00123426447369 
2374.49619792 -0.00296865125153 
2377.49619792 -0.00466373585782 
2380.49619792 -0.00697739149564 
2383.49619792 -0.00701077124517 
2386.49619792 -0.0110592846696 
2389.49619792 -0.0110358803718 
2392.49619792 -0.00691065266872 
2395.49619792 -0.00476454809911 
2398.49619792 -0.00207985641869 
2401.49619792 -0.00164308070218 
2404.49619792 -0.000856189355111 
2407.49619792 0.00392199194271 
2410.49619792 0.0029465274774 
2413.49619792 0.00261317672987 
2416.49619792 0.00200431140746 
2419.49619792 0.00693514110495 
2422.49619792 0.00865377385263 
2425.49619792 0.0125782498964 
2428.49619792 0.0116406389744 
2431.49619792 0.0122712434831 
2434.49619792 0.0125381206961 
2437.49619792 0.0132144577012 
2440.49619792 0.0113146383179 
2443.49619792 0.00717755227649 
2446.49619792 0.00374767362268 
2449.49619792 0.00507419796119 
2452.49619792 0.00827513391113 
2455.49619792 0.0121231311089 
2458.49619792 0.0148424672713 
2461.49619792 0.0125687108564 
2464.49619792 0.00908177424947 
2467.49619792 0.00793554190266 
2470.49619792 0.00719620772639 
2473.49619792 0.00336845084192 
2476.49619792 0.00272646431519 
2479.49619792 -0.00154825146373 
2482.49619792 -0.00341445351152 
2485.49619792 -0.00659379713338 
2488.49619792 -0.00400011077782 
2491.49619792 -0.00384444561078 
2494.49619792 -0.00320974170358 
2497.49619792 -0.0043229704188 
2500.49619792 -0.00217949077918 
2503.49619792 -0.0056878111266 
2506.49619792 -0.00962901666674 
2509.49619792 -0.0135538068121 
2512.49619792 -0.0145134140301 
2515.49619792 -0.0147851905382 
2518.49619792 -0.0135109994223 
2521.49619792 -0.014823999019 
2524.49619792 -0.0129794339454 
2527.49619792 -0.0108029789548 
2530.49619792 -0.00991027249537 
2533.49619792 -0.0108412534056 
2536.49619792 -0.0118911771646 
2539.49619792 -0.00951712416316 
2542.49619792 -0.00749916757003 
2545.49619792 -0.00504864950401 
2548.49619792 -0.00277935224002 
2551.49619792 0.00050608904921 
2554.49619792 0.00439172162027 
2557.49619792 0.00917443937419 
2560.49619792 0.0123901449876 
2563.49619792 0.0128315053234 
2566.49619792 0.0103614222337 
2569.49619792 0.00690582917145 
2572.49619792 0.00278329200368 
2575.49619792 0.0012949654592 
2578.49619792 0.00481214826507 
2581.49619792 0.00429199925967 
2584.49619792 -0.00131311429833 
2587.49619792 -0.00928098009271 
2590.49619792 -0.0185326195406 
2593.49619792 -0.0226588860183 
2596.49619792 -0.021913318046 
2599.49619792 -0.0210936244053 
2602.49619792 -0.0213914110481 
2605.49619792 -0.0215896958331 
2608.49619792 -0.0205498095422 
2611.49619792 -0.0169763365233 
2614.49619792 -0.0108793980813 
2617.49619792 -0.00129895561118 
2620.49619792 0.00740066945897 
2623.49619792 0.00988733446897 
2626.49619792 0.00843952444018 
2629.49619792 0.0112239910229 
2632.49619792 0.0160627225001 
2635.49619792 0.0180114888961 
2638.49619792 0.019469580439 
2641.49619792 0.019819063488 
2644.49619792 0.018087901132 
2647.49619792 0.0118906810334 
2650.49619792 0.00617220394873 
2653.49619792 0.00150197675462 
2656.49619792 -0.00336481455663 
2659.49619792 -0.00683005719745 
2662.49619792 -0.0046812675477 
2665.49619792 0.00069997113679 
2668.49619792 0.00635023808433 
2671.49619792 0.00548778241769 
2674.49619792 0.00196915787424 
2677.49619792 -0.00274162674915 
2680.49619792 -0.00588542923532 
2683.49619792 -0.00885916238575 
2686.49619792 -0.0121804250688 
2689.49619792 -0.0153038221517 
2692.49619792 -0.0184387910343 
2695.49619792 -0.0223315910567 
2698.49619792 -0.0246821249152 
2701.49619792 -0.0208774053982 
2704.49619792 -0.0138889583319 
2707.49619792 -0.00933245025389 
2710.49619792 -0.00906813293983 
2713.49619792 -0.00926108488917 
2716.49619792 -0.00800621475098 
2719.49619792 -0.00591126480544 
2722.49619792 -0.00137668885362 
2725.49619792 0.00118796220175 
2728.49619792 0.00175332934066 
2731.49619792 -0.000602026938358 
2734.49619792 -0.00122583684779 
2737.49619792 0.00430099106248 
2740.49619792 0.0123942920468 
2743.49619792 0.0159792541769 
2746.49619792 0.0164068560609 
2749.49619792 0.0137312805032 
2752.49619792 0.0122903066334 
2755.49619792 0.0102930250425 
2758.49619792 0.0116393010281 
2761.49619792 0.0130639037186 
2764.49619792 0.0097431153461 
2767.49619792 0.00653677076274 
2770.49619792 0.0038803427665 
2773.49619792 0.00397677395155 
2776.49619792 0.00455849059285 
2779.49619792 0.00790489489403 
2782.49619792 0.0124002031279 
2785.49619792 0.0146336707077 
2788.49619792 0.0190661350886 
2791.49619792 0.0196541458196 
2794.49619792 0.0157792329329 
2797.49619792 0.0114211147231 
2800.49619792 0.00848546480627 
2803.49619792 0.00324285386385 
2806.49619792 -0.0053174365922 
2809.49619792 -0.0117575743295 
2812.49619792 -0.0176400554892 
2815.49619792 -0.0211044451175 
2818.49619792 -0.0229479283496 
2821.49619792 -0.020778220513 
2824.49619792 -0.0182651497266 
2827.49619792 -0.0164100499052 
2830.49619792 -0.0165457130627 
2833.49619792 -0.0189568105231 
2836.49619792 -0.0221368021588 
2839.49619792 -0.0261153306575 
2842.49619792 -0.0274168664091 
2845.49619792 -0.0277590751648 
2848.49619792 -0.0284644450296 
2851.49619792 -0.0277817295236 
2854.49619792 -0.0256027467908 
2857.49619792 -0.0211255513634 
2860.49619792 -0.0188894894311 
2863.49619792 -0.01263394636 
2866.49619792 -0.00265878921299 
2869.49619792 0.00589133055454 
2872.49619792 0.0130249654627 
2875.49619792 0.017679662144 
2878.49619792 0.0174481859556 
2881.49619792 0.0151471641482 
2884.49619792 0.0142909738599 
2887.49619792 0.0139119399995 
2890.49619792 0.0152286651736 
2893.49619792 0.0205543688956 
2896.49619792 0.0236452613492 
2899.49619792 0.0211295318971 
2902.49619792 0.0136311079496 
2905.49619792 0.00748954411876 
2908.49619792 0.00267203057432 
2911.49619792 -0.00377145949356 
2914.49619792 -0.0106922509813 
2917.49619792 -0.0172034072508 
2920.49619792 -0.0193817123972 
2923.49619792 -0.0151278184788 
2926.49619792 -0.00992268725856 
2929.49619792 -0.00657987674996 
2932.49619792 -0.00943691744281 
2935.49619792 -0.0137869425132 
2938.49619792 -0.0176751579163 
2941.49619792 -0.015914905278 
2944.49619792 -0.0121764812855 
2947.49619792 -0.00703762147238 
2950.49619792 -0.00557673057839 
2953.49619792 -0.00453027514364 
2956.49619792 -0.00143529377117 
2959.49619792 0.00558729288895 
2962.49619792 0.0106633478966 
2965.49619792 0.0149961990198 
2968.49619792 0.0161225040065 
2971.49619792 0.0165937677284 
2974.49619792 0.0167203833832 
2977.49619792 0.0162617721539 
2980.49619792 0.015856067799 
2983.49619792 0.0137205160652 
2986.49619792 0.0129544884254 
2989.49619792 0.0134853131509 
2992.49619792 0.00980105358741 
2995.49619792 0.00865171123332 
2998.49619792 0.00496475567937 
3001.49619792 0.00474372006565 
3004.49619792 0.00789504692045 
3007.49619792 0.0112198715265 
3010.49619792 0.0134398057511 
3013.49619792 0.0106426608356 
3016.49619792 0.00739100638612 
3019.49619792 0.0046834366859 
3022.49619792 0.00189327119862 
3025.49619792 -0.00317481814781 
3028.49619792 -0.00641921122409 
3031.49619792 -0.0105889672719 
3034.49619792 -0.0145698099008 
3037.49619792 -0.0202609578539 
3040.49619792 -0.026277533386 
3043.49619792 -0.0323051087888 
3046.49619792 -0.0350746093228 
3049.49619792 -0.035493036226 
3052.49619792 -0.0351529360277 
3055.49619792 -0.0328306770508 
3058.49619792 -0.0252463523593 
3061.49619792 -0.0161737123206 
3064.49619792 -0.00755846959777 
3067.49619792 0.00113058878335 
3070.49619792 0.00513336447163 
3073.49619792 0.00834971896026 
3076.49619792 0.00727092886706 
3079.49619792 0.00825661340431 
3082.49619792 0.00961661166538 
3085.49619792 0.0112289994209 
3088.49619792 0.0110195700603 
3091.49619792 0.00673834701035 
3094.49619792 0.00248763832283 
3097.49619792 -0.00286521594648 
3100.49619792 -0.0114061389126 
3103.49619792 -0.0195610109781 
3106.49619792 -0.0244532890173 
3109.49619792 -0.0283501235506 
3112.49619792 -0.0276817728789 
3115.49619792 -0.0229573203879 
3118.49619792 -0.0201995639213 
3121.49619792 -0.0157917935495 
3124.49619792 -0.0083803659689 
3127.49619792 0.000812694329862 
3130.49619792 0.00904381964248 
3133.49619792 0.0177786184873 
3136.49619792 0.0285777903246 
3139.49619792 0.0375563652759 
3142.49619792 0.048606928603 
3145.49619792 0.0552596430328 
3148.49619792 0.057537404099 
3151.49619792 0.0534946059446 
3154.49619792 0.0478863532373 
3157.49619792 0.04011644334 
3160.49619792 0.0328100278887 
3163.49619792 0.0285525726215 
3166.49619792 0.0228378079071 
3169.49619792 0.0122209493365 
3172.49619792 -0.00208817795637 
3175.49619792 -0.0176498311103 
3178.49619792 -0.0286466331151 
3181.49619792 -0.0363313623476 
3184.49619792 -0.0416538251388 
3187.49619792 -0.045421495603 
3190.49619792 -0.0475203462648 
3193.49619792 -0.0494490423184 
3196.49619792 -0.0494652952073 
3199.49619792 -0.0459160832311 
3202.49619792 -0.0410351312229 
3205.49619792 -0.0350786220132 
3208.49619792 -0.0283897244632 
3211.49619792 -0.0192274695876 
3214.49619792 -0.0112757081012 
3217.49619792 -0.00535511155119 
3220.49619792 -0.00274526504423 
3223.49619792 0.000145064132119 
3226.49619792 0.00195059573604 
3229.49619792 0.00250392882351 
3232.49619792 0.000124158569197 
3235.49619792 -0.00409485517439 
3238.49619792 -0.00501977455639 
3241.49619792 -0.00460673762424 
3244.49619792 -0.00438978274663 
3247.49619792 0.00121870467543 
3250.49619792 0.00774286787864 
3253.49619792 0.0126912690311 
3256.49619792 0.0143205981723 
3259.49619792 0.0161055517105 
3262.49619792 0.015506203464 
3265.49619792 0.0137440845916 
3268.49619792 0.0108775433318 
3271.49619792 0.00962652280381 
3274.49619792 0.0111807483699 
3277.49619792 0.00864083367276 
3280.49619792 0.00419838465248 
3283.49619792 -0.000727682343912 
3286.49619792 -0.000462657619476 
3289.49619792 0.000348416101439 
3292.49619792 0.00312464774689 
3295.49619792 0.00889626886114 
3298.49619792 0.0167395705662 
3301.49619792 0.0238001254712 
3304.49619792 0.0282823235543 
3307.49619792 0.0291928413516 
3310.49619792 0.0279631848969 
3313.49619792 0.0301908482017 
3316.49619792 0.0298134348066 
3319.49619792 0.0220997852627 
3322.49619792 0.0113907772222 
3325.49619792 0.000303503061306 
3328.49619792 -0.00894022929645 
3331.49619792 -0.015563779943 
3334.49619792 -0.0197671098286 
3337.49619792 -0.0257486851459 
3340.49619792 -0.0331081682547 
3343.49619792 -0.0351965703027 
3346.49619792 -0.0380457963558 
3349.49619792 -0.0397539092856 
3352.49619792 -0.0412226779842 
3355.49619792 -0.0397047371763 
3358.49619792 -0.0367150187263 
3361.49619792 -0.0330425457229 
3364.49619792 -0.0278306627549 
3367.49619792 -0.0236031728903 
3370.49619792 -0.0214685387694 
3373.49619792 -0.0218972879568 
3376.49619792 -0.0235364156881 
3379.49619792 -0.0262983961601 
3382.49619792 -0.0323996883826 
3385.49619792 -0.0381878024121 
3388.49619792 -0.0421692502751 
3391.49619792 -0.0440409647477 
3394.49619792 -0.0398974657518 
3397.49619792 -0.033390930852 
3400.49619792 -0.0285620840988 
3403.49619792 -0.025417804718 
3406.49619792 -0.0227504612623 
3409.49619792 -0.0149052439397 
3412.49619792 -0.00192237669792 
3415.49619792 0.00975636388525 
3418.49619792 0.0167219590589 
3421.49619792 0.0190495491487 
3424.49619792 0.0185899491025 
3427.49619792 0.0148831247594 
3430.49619792 0.0127338972625 
3433.49619792 0.00940102602935 
3436.49619792 0.00811335725821 
3439.49619792 0.0123768172053 
3442.49619792 0.0150010317047 
3445.49619792 0.0165674486601 
3448.49619792 0.0123296319175 
3451.49619792 0.00795313273781 
3454.49619792 0.00522335542649 
3457.49619792 0.00585405525674 
3460.49619792 0.00582690298672 
3463.49619792 0.00628619352517 
3466.49619792 0.0048524192992 
3469.49619792 0.00275799132496 
3472.49619792 9.7381923642e-05 
3475.49619792 -0.00489803293077 
3478.49619792 -0.00573734442393 
3481.49619792 -0.00215395624697 
3484.49619792 0.00319021027212 
3487.49619792 0.00557199551191 
3490.49619792 0.00515033916242 
3493.49619792 0.00351378597276 
3496.49619792 0.00239005997806 
3499.49619792 0.00110501986937 
3502.49619792 0.00141798401958 
3505.49619792 0.00503108450902 
3508.49619792 0.00778930322743 
3511.49619792 0.00918640911235 
3514.49619792 0.00841789335185 
3517.49619792 0.00422251419755 
3520.49619792 -0.000687900765553 
3523.49619792 -0.0018826652469 
3526.49619792 -0.00249854000088 
3529.49619792 -0.00452128937019 
3532.49619792 -0.00493909122857 
3535.49619792 -0.000816299176285 
3538.49619792 0.00464022647668 
3541.49619792 0.0122364947791 
3544.49619792 0.0162234035301 
3547.49619792 0.0163925486493 
3550.49619792 0.0139650846033 
3553.49619792 0.0127541019737 
3556.49619792 0.00908234273308 
3559.49619792 0.00119321658375 
3562.49619792 -0.00805458064713 
3565.49619792 -0.0142829094319 
3568.49619792 -0.0150498305672 
3571.49619792 -0.0123534875568 
3574.49619792 -0.00719908861756 
3577.49619792 0.000684353557051 
3580.49619792 0.00702027985126 
3583.49619792 0.0125707700303 
3586.49619792 0.0191551033472 
3589.49619792 0.0245443336766 
3592.49619792 0.0230856414935 
3595.49619792 0.0144381295739 
3598.49619792 0.00444917119537 
3601.49619792 -0.00326812898952 
3604.49619792 -0.00829024868434 
3607.49619792 -0.0117830917785 
3610.49619792 -0.0145350187041 
3613.49619792 -0.0101859146919 
3616.49619792 -0.00445491689937 
3619.49619792 0.00239952020562 
3622.49619792 0.0118438425781 
3625.49619792 0.0208312077789 
3628.49619792 0.027217655972 
3631.49619792 0.0313929693777 
3634.49619792 0.0301627341033 
3637.49619792 0.0257869125102 
3640.49619792 0.0252726610915 
3643.49619792 0.0308575405091 
3646.49619792 0.0416393684284 
3649.49619792 0.0482411880714 
3652.49619792 0.0505411923506 
3655.49619792 0.0481228056671 
3658.49619792 0.0406945877222 
3661.49619792 0.0302428432053 
3664.49619792 0.0199111670198 
3667.49619792 0.0122965346871 
3670.49619792 0.00510435056135 
3673.49619792 -0.00423800996962 
3676.49619792 -0.0149164252658 
3679.49619792 -0.024730878988 
3682.49619792 -0.0318484499275 
3685.49619792 -0.0307481688571 
3688.49619792 -0.0288249509183 
3691.49619792 -0.0280434501883 
3694.49619792 -0.0291008802278 
3697.49619792 -0.0342973509735 
3700.49619792 -0.0383858965541 
3703.49619792 -0.0365910571435 
3706.49619792 -0.0325110813097 
3709.49619792 -0.0243634042942 
3712.49619792 -0.0146075101257 
3715.49619792 -0.00521625052987 
3718.49619792 0.00338905693708 
3721.49619792 0.00729919685794 
3724.49619792 0.00800299449233 
3727.49619792 0.00387280030976 
3730.49619792 -0.0028192425624 
3733.49619792 -0.0109233504775 
3736.49619792 -0.0158898104592 
3739.49619792 -0.0185614158193 
3742.49619792 -0.0200890415206 
3745.49619792 -0.0213108471593 
3748.49619792 -0.0212861393688 
3751.49619792 -0.0172165018975 
3754.49619792 -0.011612573111 
3757.49619792 -0.00534657970329 
3760.49619792 0.000900397209993 
3763.49619792 0.00677680751032 
3766.49619792 0.012313596086 
3769.49619792 0.0147512951338 
3772.49619792 0.0170936715396 
3775.49619792 0.0190801255276 
3778.49619792 0.0236897041343 
3781.49619792 0.0288042006924 
3784.49619792 0.0347148866782 
3787.49619792 0.0432229271744 
3790.49619792 0.0524760624807 
3793.49619792 0.059094121231 
3796.49619792 0.0624875985588 
3799.49619792 0.0650694420802 
3802.49619792 0.0642582400915 
3805.49619792 0.0613708027525 
3808.49619792 0.0601441138971 
3811.49619792 0.0555578546028 
3814.49619792 0.0476391421118 
3817.49619792 0.0368345105349 
3820.49619792 0.0199601415954 
3823.49619792 0.00481308769858 
3826.49619792 0.000584994896758 
3829.49619792 0.00487083012888 
3832.49619792 0.0105504057081 
3835.49619792 0.0131542237048 
3838.49619792 0.0155022746106 
3841.49619792 0.0165922379907 
3844.49619792 0.0176427095612 
3847.49619792 0.0175451945248 
3850.49619792 0.0158220230959 
3853.49619792 0.0145166457733 
3856.49619792 0.00899982303094 
3859.49619792 -0.00377852562994 
3862.49619792 -0.0175218786578 
3865.49619792 -0.0272598753545 
3868.49619792 -0.0365594793147 
3871.49619792 -0.0382939606962 
3874.49619792 -0.0339622189774 
3877.49619792 -0.0275496366166 
3880.49619792 -0.0228604576721 
3883.49619792 -0.0146657618943 
3886.49619792 -0.00505443138424 
3889.49619792 0.00685662203441 
3892.49619792 0.0164611720855 
3895.49619792 0.0238640299193 
3898.49619792 0.0243466070392 
3901.49619792 0.0202273725315 
3904.49619792 0.0150538765626 
3907.49619792 0.0108177997244 
3910.49619792 0.00610663539412 
3913.49619792 0.00337978232803 
3916.49619792 8.02610026446e-05 
3919.49619792 -0.00482207777872 
3922.49619792 -0.0093611718832 
3925.49619792 -0.0100977296774 
3928.49619792 -0.0129662795793 
3931.49619792 -0.0166890834797 
3934.49619792 -0.0208757309555 
3937.49619792 -0.0227448269581 
3940.49619792 -0.0212763867167 
3943.49619792 -0.0200669016682 
3946.49619792 -0.0158197560522 
3949.49619792 -0.00771841561863 
3952.49619792 0.00495442420761 
3955.49619792 0.012127600883 
3958.49619792 0.0125741510722 
3961.49619792 0.0104818454368 
3964.49619792 0.00639065669451 
3967.49619792 -0.00311456864739 
3970.49619792 -0.0130072161412 
3973.49619792 -0.0205768142362 
3976.49619792 -0.0216067319661 
3979.49619792 -0.0173452261096 
3982.49619792 -0.00853531277938 
3985.49619792 -7.75034444295e-05 
3988.49619792 0.00547355769457 
3991.49619792 0.00913439286238 
3994.49619792 0.0140761927143 
3997.49619792 0.0171154737473 
4000.49619792 0.0198404223933 
4003.49619792 0.0179989960382 
4006.49619792 0.0136175722975 
4009.49619792 0.00702514239589 
4012.49619792 0.00475660253582 
4015.49619792 0.00841563319884 
4018.49619792 0.0156141831925 
4021.49619792 0.0226145075465 
4024.49619792 0.0248919814997 
4027.49619792 0.022516092124 
4030.49619792 0.0151213779615 
4033.49619792 0.00647059065758 
4036.49619792 -0.00329309518167 
4039.49619792 -0.0096794451822 
4042.49619792 -0.0160611295976 
4045.49619792 -0.0177463090948 
4048.49619792 -0.0142800796468 
4051.49619792 -0.00954578492453 
4054.49619792 -0.00246987751683 
4057.49619792 0.00220320429761 
4060.49619792 0.00703503343641 
4063.49619792 0.0147166015555 
4066.49619792 0.027684671571 
4069.49619792 0.0383032378893 
4072.49619792 0.0444340246491 
4075.49619792 0.0408744490445 
4078.49619792 0.0295899369124 
4081.49619792 0.0154006699376 
4084.49619792 0.00479529674572 
4087.49619792 -0.00209733958649 
4090.49619792 -0.00570168614617 
4093.49619792 -0.00906173548946 
4096.49619792 -0.0139139164849 
4099.49619792 -0.0171332839367 
4102.49619792 -0.0140783575459 
4105.49619792 -0.00845849973388 
4108.49619792 -0.00334991454389 
4111.49619792 -0.00598721478945 
4114.49619792 -0.0114777873706 
4117.49619792 -0.0176826871659 
4120.49619792 -0.021247686908 
4123.49619792 -0.0195967760619 
4126.49619792 -0.0148639375764 
4129.49619792 -0.00865615918687 
4132.49619792 -0.0042678964161 
4135.49619792 -0.00403319336546 
4138.49619792 -0.00632377201422 
4141.49619792 -0.00909669723125 
4144.49619792 -0.0145782958106 
4147.49619792 -0.018589009669 
4150.49619792 -0.0188027170122 
4153.49619792 -0.0122549699221 
4156.49619792 -9.17416618624e-05 
4159.49619792 0.0152758986964 
4162.49619792 0.029397872142 
4165.49619792 0.0429515755935 
4168.49619792 0.0527348270306 
4171.49619792 0.0559285334769 
4174.49619792 0.0475587137402 
4177.49619792 0.0279298223742 
4180.49619792 -0.000176439653931 
4183.49619792 -0.0311134614926 
4186.49619792 -0.0563941479648 
4189.49619792 -0.0718002741966 
4192.49619792 -0.0787024690926 
4195.49619792 -0.0730681419373 
4198.49619792 -0.049676766515 
4201.49619792 -0.0202377361599 
4204.49619792 0.00711429325831 
4207.49619792 0.0227870876849 
4210.49619792 0.0271674984912 
4213.49619792 0.0190577846961 
4216.49619792 0.00764556588006 
4219.49619792 -0.00537727150154 
4222.49619792 -0.014400284644 
4225.49619792 -0.0230993448195 
4228.49619792 -0.0299618331453 
4231.49619792 -0.0298656112656 
4234.49619792 -0.0187776267873 
4237.49619792 0.00673119674988 
4240.49619792 0.0417731171169 
4243.49619792 0.0682230997177 
4246.49619792 0.0762684956222 
4249.49619792 0.072784901584 
4252.49619792 0.0586656614535 
4255.49619792 0.0389878230747 
4258.49619792 0.0215930079679 
4261.49619792 0.00996328962102 
4264.49619792 0.00764920647204 
4267.49619792 0.00495926320897 
4270.49619792 -0.00370054116369 
4273.49619792 -0.0136263636955 
4276.49619792 -0.0215300820007 
4279.49619792 -0.0238615699356 
4282.49619792 -0.0236024631471 
4285.49619792 -0.0195938015719 
4288.49619792 -0.0150646903841 
4291.49619792 -0.00914461810235 
4294.49619792 -0.00271997699848 
4297.49619792 0.00362267527507 
4300.49619792 0.00842033496022 
4303.49619792 0.0138430455287 
4306.49619792 0.0199776646719 
4309.49619792 0.0279955000317 
4312.49619792 0.0367023490068 
4315.49619792 0.0461880182255 
4318.49619792 0.0485628142752 
4321.49619792 0.0416478945341 
4324.49619792 0.0241626779009 
4327.49619792 0.0104911019577 
4330.49619792 0.00497038481552 
4333.49619792 0.00238456463653 
4336.49619792 -0.00202555288354 
4339.49619792 -0.00538097238724 
4342.49619792 -0.00535876247924 
4345.49619792 -0.000676037115628 
4348.49619792 0.00754194567429 
4351.49619792 0.0159396360375 
4354.49619792 0.0221470164885 
4357.49619792 0.0238591145458 
4360.49619792 0.0263140886046 
4363.49619792 0.029035067053 
4366.49619792 0.0363421922474 
4369.49619792 0.0481057810186 
4372.49619792 0.0653846002039 
4375.49619792 0.0800772576893 
4378.49619792 0.0848691679379 
4381.49619792 0.0813532794372 
4384.49619792 0.0618336977067 
4387.49619792 0.0279813235435 
4390.49619792 -0.0127311386814 
4393.49619792 -0.0489988124899 
4396.49619792 -0.0706642211517 
4399.49619792 -0.0801435187603 
4402.49619792 -0.072018819967 
4405.49619792 -0.0524789979233 
4408.49619792 -0.0197364277922 
4411.49619792 0.0159944022552 
4414.49619792 0.0508051892466 
4417.49619792 0.0809164910877 
4420.49619792 0.101877104111 
4423.49619792 0.104423488036 
4426.49619792 0.0934063446545 
4429.49619792 0.076373707582 
4432.49619792 0.0520058404044 
4435.49619792 0.0299468688193 
4438.49619792 0.0125816998454 
4441.49619792 -0.0032663325239 
4444.49619792 -0.0185447069951 
4447.49619792 -0.0348947089532 
4450.49619792 -0.046340087016 
4453.49619792 -0.0543522237583 
4456.49619792 -0.0563431245514 
4459.49619792 -0.0523301769543 
4462.49619792 -0.0418300160094 
4465.49619792 -0.0241537544309 
4468.49619792 -0.00428122333709 
4471.49619792 0.0151008023003 
4474.49619792 0.0263153358232 
4477.49619792 0.0316234085142 
4480.49619792 0.0354431819365 
4483.49619792 0.0424196770655 
4486.49619792 0.0478248191936 
4489.49619792 0.0508595018258 
4492.49619792 0.0516109291988 
4495.49619792 0.0526194351946 
4498.49619792 0.0496183241034 
4501.49619792 0.0448203959676 
4504.49619792 0.0411782604651 
4507.49619792 0.0385135768236 
4510.49619792 0.0284958436999 
4513.49619792 0.0103537080835 
4516.49619792 -0.00617805875565 
4519.49619792 -0.0154536135624 
4522.49619792 -0.0166988958513 
4525.49619792 -0.0139093020059 
4528.49619792 -0.00977431418579 
4531.49619792 -0.00508404536054 
4534.49619792 0.0020120114892 
4537.49619792 0.00738413749632 
4540.49619792 0.0120691240178 
4543.49619792 0.015593507616 
4546.49619792 0.0131154703497 
4549.49619792 0.00651090016484 
4552.49619792 0.00127879841709 
4555.49619792 -0.00241287497656 
4558.49619792 -0.00781403054162 
4561.49619792 -0.0173717392662 
4564.49619792 -0.0176486815102 
4567.49619792 -0.0106422715104 
4570.49619792 0.00560011248138 
4573.49619792 0.0249903900316 
4576.49619792 0.0431411068793 
4579.49619792 0.0554757311165 
4582.49619792 0.0585930333661 
4585.49619792 0.0508787912211 
4588.49619792 0.0393258997011 
4591.49619792 0.028395034904 
4594.49619792 0.0216328041172 
4597.49619792 0.0197554943879 
4600.49619792 0.0208219811177 
4603.49619792 0.0262646845081 
4606.49619792 0.0303714720959 
4609.49619792 0.0320736406396 
4612.49619792 0.0275418294418 
4615.49619792 0.0199992257047 
4618.49619792 0.00569544488525 
4621.49619792 -0.0187276898092 
4624.49619792 -0.0428550964605 
4627.49619792 -0.0581394087143 
4630.49619792 -0.0599980124619 
4633.49619792 -0.0526559329906 
4636.49619792 -0.0361493557175 
4639.49619792 -0.0211149304818 
4642.49619792 -0.00831655569389 
4645.49619792 0.00389576762168 
4648.49619792 0.0128671142178 
4651.49619792 0.0193084388799 
4654.49619792 0.0153778111544 
4657.49619792 0.00514473414375 
4660.49619792 -0.0075601618414 
4663.49619792 -0.0221990000076 
4666.49619792 -0.0287094212681 
4669.49619792 -0.0285408170696 
4672.49619792 -0.0231214639998 
4675.49619792 -0.0105717875824 
4678.49619792 0.00886937843812 
4681.49619792 0.0366720666316 
4684.49619792 0.066468734043 
4687.49619792 0.089616600948 
4690.49619792 0.103977999016 
4693.49619792 0.109687228194 
4696.49619792 0.103426099053 
4699.49619792 0.0839616430058 
4702.49619792 0.0533991374492 
4705.49619792 0.0149891176665 
4708.49619792 -0.0240444608736 
4711.49619792 -0.0611492342572 
4714.49619792 -0.0944237166976 
4717.49619792 -0.119031527598 
4720.49619792 -0.132558506578 
4723.49619792 -0.122645888944 
4726.49619792 -0.0893720726057 
4729.49619792 -0.0400739919703 
4732.49619792 0.0137214049668 
4735.49619792 0.0610050760023 
4738.49619792 0.0983705594131 
4741.49619792 0.12194763948 
4744.49619792 0.124426319879 
4747.49619792 0.104478044087 
4750.49619792 0.0752824900927 
4753.49619792 0.0499537455094 
4756.49619792 0.0303647628409 
4759.49619792 0.0163278081284 
4762.49619792 0.0143106778463 
4765.49619792 0.0181806650235 
4768.49619792 0.0245315674872 
4771.49619792 0.0239844818336 
4774.49619792 0.0136967557473 
4777.49619792 -0.00187642369886 
4780.49619792 -0.0192284538107 
4783.49619792 -0.0300623892819 
4786.49619792 -0.0369603785476 
4789.49619792 -0.0402257943199 
4792.49619792 -0.0341112949026 
4795.49619792 -0.0228628211857 
4798.49619792 -0.0120059086408 
4801.49619792 -0.00762746168699 
4804.49619792 -0.00976082676867 
4807.49619792 -0.0120057432638 
4810.49619792 -0.00540322938177 
4813.49619792 0.00174330622819 
4816.49619792 0.0124556848309 
4819.49619792 0.0240480371523 
4822.49619792 0.0353518248983 
4825.49619792 0.0342676290428 
4828.49619792 0.02216630129 
4831.49619792 0.00117877200389 
4834.49619792 -0.0235134879978 
4837.49619792 -0.0473358176347 
4840.49619792 -0.0615886916085 
4843.49619792 -0.064357300944 
4846.49619792 -0.048926887255 
4849.49619792 -0.0163830808132 
4852.49619792 0.0272976663071 
4855.49619792 0.0749914264863 
4858.49619792 0.110565564077 
4861.49619792 0.118922277682 
4864.49619792 0.093803828392 
4867.49619792 0.0337120494402 
4870.49619792 -0.0350191000569 
4873.49619792 -0.0875980086869 
4876.49619792 -0.110507241104 
4879.49619792 -0.105796429923 
4882.49619792 -0.0711662231842 
4885.49619792 -0.0197646429543 
4888.49619792 0.0348415586071 
4891.49619792 0.0753433120963 
4894.49619792 0.0814029293024 
4897.49619792 0.0594633576498 
4900.49619792 0.0307379522305 
4903.49619792 0.0168740508184 
4906.49619792 0.0184592908977 
4909.49619792 0.026353978927 
4912.49619792 0.0311016691902 
4915.49619792 0.0291446408325 
4918.49619792 0.0219852386872 
4921.49619792 0.0137551556663 
4924.49619792 0.00867233512948 
4927.49619792 0.00418514960763 
4930.49619792 0.00591319592702 
4933.49619792 0.015407977536 
4936.49619792 0.0285035222482 
4939.49619792 0.0356266562879 
4942.49619792 0.0380028373704 
4945.49619792 0.030722831715 
4948.49619792 0.0207887173618 
4951.49619792 0.00782615761766 
4954.49619792 0.000603298202645 
4957.49619792 -0.00569565275501 
4960.49619792 -0.0110301002142 
4963.49619792 -0.013228379233 
4966.49619792 -0.0166939242038 
4969.49619792 -0.0177233526932 
4972.49619792 -0.0172389070423 
4975.49619792 -0.0113467421375 
4978.49619792 0.00896415613979 
4981.49619792 0.0312532464433 
4984.49619792 0.0607207239478 
4987.49619792 0.0909405544773 
4990.49619792 0.107906080625 
4993.49619792 0.112086123354 
4996.49619792 0.0926470159336 
4999.49619792 0.0594815077809 
5002.49619792 0.0219027017582 
5005.49619792 -0.0253600904248 
5008.49619792 -0.0675607508547 
5011.49619792 -0.1006757501 
5014.49619792 -0.12384907129 
5017.49619792 -0.140512049313 
5020.49619792 -0.154507569036 
5023.49619792 -0.158570552378 
5026.49619792 -0.15089447558 
5029.49619792 -0.126642124272 
5032.49619792 -0.0817695059069 
5035.49619792 -0.0178927320965 
5038.49619792 0.0553377653133 
5041.49619792 0.118557713165 
5044.49619792 0.163844481599 
5047.49619792 0.18383950397 
5050.49619792 0.185244345252 
5053.49619792 0.169059205836 
5056.49619792 0.137876416906 
5059.49619792 0.102019346748 
5062.49619792 0.0640495664122 
5065.49619792 0.0255795985977 
5068.49619792 -0.0109809981605 
5071.49619792 -0.0422984005629 
5074.49619792 -0.0651570367905 
5077.49619792 -0.0829226065693 
5080.49619792 -0.0899716103467 
5083.49619792 -0.086953929394 
5086.49619792 -0.0771817720005 
5089.49619792 -0.0489083879945 
5092.49619792 -0.0124141901215 
5095.49619792 0.0267127162 
5098.49619792 0.0576739596034 
5101.49619792 0.071896243417 
5104.49619792 0.0718806887867 
5107.49619792 0.0607823866181 
5110.49619792 0.0370250386769 
5113.49619792 0.00842357072297 
5116.49619792 -0.016007088053 
5119.49619792 -0.0300743974932 
5122.49619792 -0.0298609898959 
5125.49619792 -0.0167602553303 
5128.49619792 -0.00528047998976 
5131.49619792 0.0107421535058 
5134.49619792 0.0397401921781 
5137.49619792 0.07506961308 
5140.49619792 0.107601051845 
5143.49619792 0.127732041714 
5146.49619792 0.130565520197 
5149.49619792 0.112728052746 
5152.49619792 0.0638329270717 
5155.49619792 -0.0208274959829 
5158.49619792 -0.114208315149 
5161.49619792 -0.190812480243 
5164.49619792 -0.221721781472 
5167.49619792 -0.195535024007 
5170.49619792 -0.125129374466 
5173.49619792 -0.0294297370837 
5176.49619792 0.072243751129 
5179.49619792 0.140552300249 
5182.49619792 0.161737192114 
5185.49619792 0.138695602931 
5188.49619792 0.085620117555 
5191.49619792 0.0319861653683 
5194.49619792 0.00650241942305 
5197.49619792 0.00977590249453 
5200.49619792 0.0406781970191 
5203.49619792 0.0765708140555 
5206.49619792 0.0907887842844 
5209.49619792 0.077457106412 
5212.49619792 0.0437072614255 
5215.49619792 0.00481195848342 
5218.49619792 -0.0299148798448 
5221.49619792 -0.0584466333334 
5224.49619792 -0.0744395127416 
5227.49619792 -0.0762150696477 
5230.49619792 -0.06403848615 
5233.49619792 -0.0358544080473 
5236.49619792 -4.200524559e-05 
5239.49619792 0.038425632984 
5242.49619792 0.0669508311101 
5245.49619792 0.0783304901711 
5248.49619792 0.0744793869856 
5251.49619792 0.0605164924798 
5254.49619792 0.0544373424067 
5257.49619792 0.0564838787954 
5260.49619792 0.0737064284396 
5263.49619792 0.096404474365 
5266.49619792 0.109052079261 
5269.49619792 0.107750809951 
5272.49619792 0.0929324659079 
5275.49619792 0.0699994467586 
5278.49619792 0.0451703751478 
5281.49619792 0.0135204121327 
5284.49619792 -0.0230654356337 
5287.49619792 -0.0689933938557 
5290.49619792 -0.117733069697 
5293.49619792 -0.169356002514 
5296.49619792 -0.208988722579 
5299.49619792 -0.217968861721 
5302.49619792 -0.198681689871 
5305.49619792 -0.169409272299 
5308.49619792 -0.13826756119 
5311.49619792 -0.0998683517838 
5314.49619792 -0.0514574501096 
5317.49619792 0.00879010311211 
5320.49619792 0.0736394277657 
5323.49619792 0.152262906348 
5326.49619792 0.248438976633 
5329.49619792 0.324642093195 
5332.49619792 0.344698249949 
5335.49619792 0.298116514908 
5338.49619792 0.212257363204 
5341.49619792 0.127916676001 
5344.49619792 0.0517076518035 
5347.49619792 -0.00799356225828 
5350.49619792 -0.0500612222161 
5353.49619792 -0.069049346424 
5356.49619792 -0.066501850797 
5359.49619792 -0.0499308086314 
5362.49619792 -0.0247075240736 
5365.49619792 -0.0023588062998 
5368.49619792 0.00590931588285 
5371.49619792 -0.000110263882388 
5374.49619792 -0.0234468709067 
5377.49619792 -0.0542818925744 
5380.49619792 -0.088345981517 
5383.49619792 -0.1083590943 
5386.49619792 -0.11164835193 
5389.49619792 -0.0860393575621 
5392.49619792 -0.034193154245 
5395.49619792 0.0401449754748 
5398.49619792 0.136853008601 
5401.49619792 0.233664448321 
5404.49619792 0.30677460981 
5407.49619792 0.329411016034 
5410.49619792 0.293385426663 
5413.49619792 0.206368727491 
5416.49619792 0.0864062649207 
5419.49619792 -0.0480478163629 
5422.49619792 -0.165515726931 
5425.49619792 -0.250187361171 
5428.49619792 -0.29990719922 
5431.49619792 -0.333415639653 
5434.49619792 -0.356025401797 
5437.49619792 -0.345954013009 
5440.49619792 -0.281487393241 
5443.49619792 -0.171595997893 
5446.49619792 -0.0248567607821 
5449.49619792 0.126977711055 
5452.49619792 0.252791314686 
5455.49619792 0.328105456108 
5458.49619792 0.329662425899 
5461.49619792 0.274532296065 
5464.49619792 0.203362834247 
5467.49619792 0.133672036187 
5470.49619792 0.0677348607308 
5473.49619792 0.00335256947718 
5476.49619792 -0.0523116087868 
5479.49619792 -0.0905510272134 
5482.49619792 -0.0991564954636 
5485.49619792 -0.0778425819382 
5488.49619792 -0.0462292843931 
5491.49619792 -0.00956835716905 
5494.49619792 0.0211327613434 
5497.49619792 0.0444560978913 
5500.49619792 0.063250538012 
5503.49619792 0.0743390783409 
5506.49619792 0.0797784948625 
5509.49619792 0.069901653797 
5512.49619792 0.0465508876279 
5515.49619792 0.00881948280426 
5518.49619792 -0.0289568000676 
5521.49619792 -0.0548027200276 
5524.49619792 -0.0423506643042 
5527.49619792 0.00251690116002 
5530.49619792 0.0688555934296 
5533.49619792 0.119436903496 
5536.49619792 0.144436455875 
5539.49619792 0.121048126147 
5542.49619792 0.061082715933 
5545.49619792 -0.0206359640941 
5548.49619792 -0.119316159875 
5551.49619792 -0.206441052387 
5554.49619792 -0.266874824186 
5557.49619792 -0.28462033281 
5560.49619792 -0.237574862148 
5563.49619792 -0.131779176422 
5566.49619792 -0.00650957427732 
5569.49619792 0.0980280176063 
5572.49619792 0.159092243467 
5575.49619792 0.175486492973 
5578.49619792 0.160137426417 
5581.49619792 0.13166344005 
5584.49619792 0.108558382832 
5587.49619792 0.105798938141 
5590.49619792 0.11234426774 
5593.49619792 0.123195299064 
5596.49619792 0.129598110397 
5599.49619792 0.129675543607 
5602.49619792 0.120755546585 
5605.49619792 0.084368865614 
5608.49619792 0.024409613398 
5611.49619792 -0.0529252678902 
5614.49619792 -0.116062642063 
5617.49619792 -0.129303436059 
5620.49619792 -0.0964314951373 
5623.49619792 -0.023131832222 
5626.49619792 0.0548014659183 
5629.49619792 0.0922330036788 
5632.49619792 0.105140351606 
5635.49619792 0.117034425166 
5638.49619792 0.152574926902 
5641.49619792 0.204861242188 
5644.49619792 0.244300985612 
5647.49619792 0.230291528279 
5650.49619792 0.144584495897 
5653.49619792 -0.000968372560535 
5656.49619792 -0.161812034416 
5659.49619792 -0.261740436444 
5662.49619792 -0.259537797902 
5665.49619792 -0.164622929744 
5668.49619792 -0.0299823858375 
5671.49619792 0.0469256871468 
5674.49619792 0.0228442690965 
5677.49619792 -0.0836095093303 
5680.49619792 -0.213238600362 
5683.49619792 -0.297020542828 
5686.49619792 -0.266868172353 
5689.49619792 -0.134106417382 
5692.49619792 0.0584025052242 
5695.49619792 0.24479757614 
5698.49619792 0.359452822764 
5701.49619792 0.381823559947 
5704.49619792 0.315851678279 
5707.49619792 0.192005179521 
5710.49619792 0.0590909790671 
5713.49619792 -0.0404455482615 
5716.49619792 -0.0925008409974 
5719.49619792 -0.109568735538 
5722.49619792 -0.0965897058476 
5725.49619792 -0.0531833525568 
5728.49619792 0.00665149879364 
5731.49619792 0.0773720199203 
5734.49619792 0.109001694387 
5737.49619792 0.0892008062962 
5740.49619792 0.0414016205451 
5743.49619792 -0.0198043770873 
5746.49619792 -0.0830472273634 
5749.49619792 -0.113761420425 
5752.49619792 -0.113872415987 
5755.49619792 -0.068907402384 
5758.49619792 -0.00988478720303 
5761.49619792 0.0493594125516 
5764.49619792 0.103932759206 
5767.49619792 0.162106975195 
5770.49619792 0.198830951845 
5773.49619792 0.184812858155 
5776.49619792 0.106169851299 
5779.49619792 -0.0396678948448 
5782.49619792 -0.201617738874 
5785.49619792 -0.331574993097 
5788.49619792 -0.389778820766 
5791.49619792 -0.349587310027 
5794.49619792 -0.231694642289 
5797.49619792 -0.0932640193285 
5800.49619792 0.0462992894167 
5803.49619792 0.155702160962 
5806.49619792 0.224352599568 
5809.49619792 0.238292488289 
5812.49619792 0.217219317809 
5815.49619792 0.178667557263 
5818.49619792 0.132880945886 
5821.49619792 0.0946798122457 
5824.49619792 0.0659864761926 
5827.49619792 0.0382528047801 
5830.49619792 0.00895725796448 
5833.49619792 -0.0634492936621 
5836.49619792 -0.132219676567 
5839.49619792 -0.162038894977 
5842.49619792 -0.137547215515 
5845.49619792 -0.0679865002862 
5848.49619792 0.0134939506564 
5851.49619792 0.113880850217 
5854.49619792 0.159080630323 
5857.49619792 0.177421680076 
5860.49619792 0.150750863989 
5863.49619792 0.13238295884 
5866.49619792 0.0984587237555 
5869.49619792 0.0657018944478 
5872.49619792 0.0373258687168 
5875.49619792 0.0014910100455 
5878.49619792 -0.0241240945166 
5881.49619792 -0.0286738629056 
5884.49619792 -0.029678500916 
5887.49619792 -0.0835750190279 
5890.49619792 -0.161123202256 
5893.49619792 -0.212417778941 
5896.49619792 -0.23684951841 
5899.49619792 -0.24996450641 
5902.49619792 -0.266897058211 
5905.49619792 -0.327525497172 
5908.49619792 -0.343582983881 
5911.49619792 -0.307199775828 
5914.49619792 -0.183235510236 
5917.49619792 -0.0493929243731 
5920.49619792 0.143593574994 
5923.49619792 0.272075877254 
5926.49619792 0.260269958849 
5929.49619792 0.182692834637 
5932.49619792 0.0601903230009 
5935.49619792 -0.0152630176618 
5938.49619792 -0.0494208960634 
5941.49619792 -0.0762016143872 
5944.49619792 -0.0767814952284 
5947.49619792 -0.0703496694105 
5950.49619792 -0.0839550095487 
5953.49619792 -0.137644319406 
5956.49619792 -0.195696873013 
5959.49619792 -0.351248173355 
5962.49619792 -0.425261201656 
5965.49619792 -0.42767710309 
5968.49619792 -0.43401990093 
5971.49619792 -0.375125421954 
5974.49619792 -0.28119068844 
5977.49619792 -0.196585480648 
5980.49619792 -0.125940061948 
5983.49619792 -0.063677844744 
5986.49619792 -0.190491483391 
5989.49619792 -0.427760085619 
5992.49619792 -0.647015066275 
5995.49619792 -0.929423499429 
5998.49619792 -1.20177450897 
