1.49619792281 nan 
4.49619792281 nan 
7.49619792281 nan 
10.4961979228 nan 
13.4961979228 nan 
16.4961979228 nan 
19.4961979228 nan 
22.4961979228 nan 
25.4961979228 nan 
28.4961979228 nan 
31.4961979228 nan 
34.4961979228 nan 
37.4961979228 nan 
40.4961979228 nan 
43.4961979228 nan 
46.4961979228 nan 
49.4961979228 nan 
52.4961979228 nan 
55.4961979228 nan 
58.4961979228 nan 
61.4961979228 nan 
64.4961979228 nan 
67.4961979228 nan 
70.4961979228 nan 
73.4961979228 nan 
76.4961979228 nan 
79.4961979228 nan 
82.4961979228 nan 
85.4961979228 nan 
88.4961979228 nan 
91.4961979228 nan 
94.4961979228 nan 
97.4961979228 nan 
100.496197923 nan 
103.496197923 nan 
106.496197923 nan 
109.496197923 nan 
112.496197923 nan 
115.496197923 nan 
118.496197923 nan 
121.496197923 nan 
124.496197923 nan 
127.496197923 nan 
130.496197923 nan 
133.496197923 nan 
136.496197923 nan 
139.496197923 nan 
142.496197923 nan 
145.496197923 nan 
148.496197923 nan 
151.496197923 nan 
154.496197923 nan 
157.496197923 nan 
160.496197923 nan 
163.496197923 nan 
166.496197923 nan 
169.496197923 nan 
172.496197923 nan 
175.496197923 nan 
178.496197923 nan 
181.496197923 nan 
184.496197923 nan 
187.496197923 nan 
190.496197923 nan 
193.496197923 nan 
196.496197923 nan 
199.496197923 nan 
202.496197923 nan 
205.496197923 nan 
208.496197923 nan 
211.496197923 nan 
214.496197923 nan 
217.496197923 nan 
220.496197923 nan 
223.496197923 nan 
226.496197923 nan 
229.496197923 nan 
232.496197923 nan 
235.496197923 nan 
238.496197923 nan 
241.496197923 nan 
244.496197923 nan 
247.496197923 nan 
250.496197923 nan 
253.496197923 nan 
256.496197923 nan 
259.496197923 nan 
262.496197923 nan 
265.496197923 nan 
268.496197923 nan 
271.496197923 nan 
274.496197923 nan 
277.496197923 nan 
280.496197923 nan 
283.496197923 nan 
286.496197923 nan 
289.496197923 nan 
292.496197923 nan 
295.496197923 nan 
298.496197923 nan 
301.496197923 nan 
304.496197923 nan 
307.496197923 nan 
310.496197923 nan 
313.496197923 nan 
316.496197923 nan 
319.496197923 -1.08200389426 
322.496197923 -1.20853949581 
325.496197923 -1.14315696066 
328.496197923 -0.947773392532 
331.496197923 -0.748771863631 
334.496197923 -0.61809037707 
337.496197923 -0.50357791523 
340.496197923 -0.429219387169 
343.496197923 -0.342592164725 
346.496197923 -0.304707489102 
349.496197923 -0.26816070217 
352.496197923 -0.217023173938 
355.496197923 -0.200480382807 
358.496197923 -0.177098766072 
361.496197923 -0.14757477862 
364.496197923 -0.155447870607 
367.496197923 -0.178494493685 
370.496197923 -0.117530789818 
373.496197923 -0.0961704429808 
376.496197923 -0.0690528318137 
379.496197923 -0.0796381730075 
382.496197923 -0.0952134842335 
385.496197923 -0.136999505717 
388.496197923 -0.130119931213 
391.496197923 -0.107935713697 
394.496197923 -0.0878305318076 
397.496197923 -0.0928332232917 
400.496197923 -0.102940167451 
403.496197923 -0.102361146981 
406.496197923 -0.09039002753 
409.496197923 -0.0829027052211 
412.496197923 -0.0838073234968 
415.496197923 -0.0756451146747 
418.496197923 -0.0759200553938 
421.496197923 -0.0624375213409 
424.496197923 -0.0680131081517 
427.496197923 -0.0599199821651 
430.496197923 -0.0578893392889 
433.496197923 -0.0657335667087 
436.496197923 -0.0799399289551 
439.496197923 -0.0822423699263 
442.496197923 -0.0756232123693 
445.496197923 -0.06396855104 
448.496197923 -0.0402130718334 
451.496197923 -0.0407771522598 
454.496197923 -0.0459924351684 
457.496197923 -0.0633754871117 
460.496197923 -0.054572118948 
463.496197923 -0.0496572425342 
466.496197923 -0.0536366782551 
469.496197923 -0.0684487069467 
472.496197923 -0.0808849759223 
475.496197923 -0.0703201143904 
478.496197923 -0.0441741961657 
481.496197923 -0.0204310816064 
484.496197923 -0.0011449738342 
487.496197923 -0.0100718972688 
490.496197923 -0.0150548524337 
493.496197923 -0.0273562790519 
496.496197923 -0.0330681674588 
499.496197923 -0.0335455443982 
502.496197923 -0.0308298140604 
505.496197923 -0.0305400568068 
508.496197923 -0.0239507564653 
511.496197923 -0.0200266620332 
514.496197923 -0.0157428252084 
517.496197923 -0.005430699607 
520.496197923 0.00542083487818 
523.496197923 0.0115691609137 
526.496197923 0.00641154366919 
529.496197923 0.00150681659865 
532.496197923 0.00454945974366 
535.496197923 0.00707133060589 
538.496197923 0.00533373112964 
541.496197923 0.00138682508391 
544.496197923 -0.00324620252742 
547.496197923 -0.0179719977533 
550.496197923 -0.0286289868863 
553.496197923 -0.0345661126918 
556.496197923 -0.0270277033013 
559.496197923 -0.0129574939826 
562.496197923 -0.0011387413349 
565.496197923 0.0067291837057 
568.496197923 0.00800632700862 
571.496197923 0.00610646898254 
574.496197923 -0.000781784547423 
577.496197923 -0.00856729054213 
580.496197923 -0.00312176382231 
583.496197923 0.0060358371354 
586.496197923 -0.00259652790983 
589.496197923 -0.00391107478557 
592.496197923 -0.00309125132178 
595.496197923 -0.00936391999972 
598.496197923 -0.0113510207222 
601.496197923 -0.00123312741129 
604.496197923 -0.000396370994969 
607.496197923 0.00233090985123 
610.496197923 -0.00674174848375 
613.496197923 -0.00806352836941 
616.496197923 -0.00485216173774 
619.496197923 0.00138092580225 
622.496197923 0.00146754723577 
625.496197923 0.0018319636812 
628.496197923 -0.000227356210911 
631.496197923 -0.000512475363699 
634.496197923 -0.00501060122174 
637.496197923 0.00194581447088 
640.496197923 -0.00484093040205 
643.496197923 -0.014564593938 
646.496197923 -0.0215557132971 
649.496197923 -0.0250399890352 
652.496197923 -0.00884782920319 
655.496197923 0.0127937710477 
658.496197923 0.0215245363626 
661.496197923 0.0110399066624 
664.496197923 -0.00237164002538 
667.496197923 -0.00621850730269 
670.496197923 0.000953688897358 
673.496197923 0.0120066352194 
676.496197923 0.0178207675494 
679.496197923 0.0167115928115 
682.496197923 0.0132764920489 
685.496197923 0.00726085038983 
688.496197923 0.00389303385937 
691.496197923 0.00265346366858 
694.496197923 0.00186521854432 
697.496197923 -0.00581203553188 
700.496197923 -0.0147314789381 
703.496197923 -0.0223666475264 
706.496197923 -0.0273031540678 
709.496197923 -0.0218902495121 
712.496197923 -0.0113530037317 
715.496197923 0.000641148191457 
718.496197923 0.00136486559832 
721.496197923 -0.0036019034232 
724.496197923 -0.00759065437116 
727.496197923 -0.00537389850763 
730.496197923 -0.00486303626896 
733.496197923 -0.00245524048577 
736.496197923 -0.00895653906366 
739.496197923 -0.0154445835561 
742.496197923 -0.0146260477906 
745.496197923 -0.00889572448577 
748.496197923 0.00175605109926 
751.496197923 0.00637794172224 
754.496197923 0.00111126889141 
757.496197923 -0.00308742282122 
760.496197923 -0.00716611022503 
763.496197923 -0.0108554215955 
766.496197923 -0.0188789684225 
769.496197923 -0.014206088925 
772.496197923 0.00129760938453 
775.496197923 0.0217008275064 
778.496197923 0.0323974436645 
781.496197923 0.0291067938208 
784.496197923 0.0195021137126 
787.496197923 0.00916283094508 
790.496197923 -0.000946585757977 
793.496197923 -0.00185368343879 
796.496197923 0.00406895962159 
799.496197923 0.00914622009578 
802.496197923 0.00571075566713 
805.496197923 0.00215071072646 
808.496197923 -0.00668621850032 
811.496197923 -0.0141434571602 
814.496197923 -0.0156821638735 
817.496197923 -0.0180805658068 
820.496197923 -0.0171683402768 
823.496197923 -0.0182380080681 
826.496197923 -0.0172070261157 
829.496197923 -0.0153122719946 
832.496197923 -0.0204214044287 
835.496197923 -0.0258555731587 
838.496197923 -0.0239884748151 
841.496197923 -0.0143500480941 
844.496197923 -0.0135942984798 
847.496197923 -0.0167213237386 
850.496197923 -0.0177404590963 
853.496197923 -0.0236361761415 
856.496197923 -0.0245086088239 
859.496197923 -0.0181736071478 
862.496197923 -0.0139265898 
865.496197923 -0.0153824995777 
868.496197923 -0.0164366017738 
871.496197923 -0.0106124263128 
874.496197923 0.00248541848209 
877.496197923 0.00141273071834 
880.496197923 0.00445902496233 
883.496197923 0.00275426236191 
886.496197923 0.0031533601736 
889.496197923 -0.00244954991185 
892.496197923 -0.00367871902351 
895.496197923 -0.00442460276535 
898.496197923 -0.00273844803285 
901.496197923 -0.00685214230123 
904.496197923 -0.0014177911664 
907.496197923 0.00159910773531 
910.496197923 0.0104439985908 
913.496197923 0.0151715766716 
916.496197923 0.0167428040541 
919.496197923 0.016153373356 
922.496197923 0.0164716658186 
925.496197923 0.0237143117468 
928.496197923 0.026821838556 
931.496197923 0.0306004253791 
934.496197923 0.0311165979434 
937.496197923 0.0315770495423 
940.496197923 0.0312460310534 
943.496197923 0.0250812434089 
946.496197923 0.016322459794 
949.496197923 0.00369935364377 
952.496197923 -0.00375434441788 
955.496197923 -0.00402682124196 
958.496197923 0.00370731227048 
961.496197923 0.00496784472411 
964.496197923 0.00579768387245 
967.496197923 0.00785261118128 
970.496197923 0.0100365278818 
973.496197923 0.00670054900308 
976.496197923 0.00273004711726 
979.496197923 0.00463201051845 
982.496197923 0.0118498013556 
985.496197923 0.0140540867884 
988.496197923 0.0130031843965 
991.496197923 0.00865072332157 
994.496197923 0.00577467684552 
997.496197923 0.00378011496407 
1000.49619792 0.00741256205101 
1003.49619792 0.011708116815 
1006.49619792 0.0206805359649 
1009.49619792 0.0248819406638 
1012.49619792 0.0270657441475 
1015.49619792 0.0295768722789 
1018.49619792 0.0252567957844 
1021.49619792 0.0153592169422 
1024.49619792 0.013936451098 
1027.49619792 0.00942643340148 
1030.49619792 0.0114302942136 
1033.49619792 0.00756575582307 
1036.49619792 0.00408019438809 
1039.49619792 0.00416825962176 
1042.49619792 0.00497834243778 
1045.49619792 0.0051642987514 
1048.49619792 -0.000904439015747 
1051.49619792 -0.00130924627082 
1054.49619792 0.00767308878423 
1057.49619792 0.0134654932084 
1060.49619792 0.0113465869692 
1063.49619792 0.00486081882065 
1066.49619792 -0.000482724360544 
1069.49619792 2.86216003118e-05 
1072.49619792 0.00570232158703 
1075.49619792 0.011246928735 
1078.49619792 0.0175127229229 
1081.49619792 0.0224754294339 
1084.49619792 0.017773703667 
1087.49619792 0.0189732951745 
1090.49619792 0.0141176357236 
1093.49619792 0.0114107202861 
1096.49619792 0.0118950777848 
1099.49619792 0.0194156526696 
1102.49619792 0.0205919729776 
1105.49619792 0.0215135737739 
1108.49619792 0.0221707092645 
1111.49619792 0.0214306441803 
1114.49619792 0.0219755417918 
1117.49619792 0.0153796302751 
1120.49619792 0.0117798185037 
1123.49619792 0.0135938764899 
1126.49619792 0.0145154818607 
1129.49619792 0.0131695376207 
1132.49619792 0.0079336017942 
1135.49619792 0.00200514565133 
1138.49619792 -0.00121277511829 
1141.49619792 -0.000248965825128 
1144.49619792 0.00249555853359 
1147.49619792 0.0051190274684 
1150.49619792 0.00713619582944 
1153.49619792 0.00816858098403 
1156.49619792 0.0069448834461 
1159.49619792 0.00415757235571 
1162.49619792 -0.00509673862483 
1165.49619792 -0.0199453426341 
1168.49619792 -0.0326048202544 
1171.49619792 -0.0318398863557 
1174.49619792 -0.0286705202994 
1177.49619792 -0.0226853493993 
1180.49619792 -0.0164391531545 
1183.49619792 -0.0149942036784 
1186.49619792 -0.0163509515461 
1189.49619792 -0.016092997922 
1192.49619792 -0.0174489589901 
1195.49619792 -0.0137665481267 
1198.49619792 -0.0079585317914 
1201.49619792 -0.00345771524738 
1204.49619792 -0.00165960825093 
1207.49619792 -0.00217675259273 
1210.49619792 -0.00151219168079 
1213.49619792 -0.00128964461095 
1216.49619792 -0.00264632843681 
1219.49619792 -0.000939125885597 
1222.49619792 0.00226057019494 
1225.49619792 0.00513454274498 
1228.49619792 0.00928147472241 
1231.49619792 0.0153375753785 
1234.49619792 0.0177578384476 
1237.49619792 0.0193687557534 
1240.49619792 0.0197026469757 
1243.49619792 0.0244726813581 
1246.49619792 0.0325003840424 
1249.49619792 0.0364735551001 
1252.49619792 0.0372621593161 
1255.49619792 0.0320941850211 
1258.49619792 0.0291347938232 
1261.49619792 0.0304114013476 
1264.49619792 0.030700289462 
1267.49619792 0.0253763961865 
1270.49619792 0.0210633345594 
1273.49619792 0.0173109637163 
1276.49619792 0.018857987862 
1279.49619792 0.0197562774327 
1282.49619792 0.0245365699437 
1285.49619792 0.0280725708945 
1288.49619792 0.0254110588263 
1291.49619792 0.0229473811155 
1294.49619792 0.0165824101507 
1297.49619792 0.00587660341837 
1300.49619792 -0.00150859161514 
1303.49619792 -0.0122975761032 
1306.49619792 -0.0203776455621 
1309.49619792 -0.0263885932982 
1312.49619792 -0.0217646429014 
1315.49619792 -0.0176493149945 
1318.49619792 -0.00963157996341 
1321.49619792 -0.0044616223731 
1324.49619792 -0.00387061007052 
1327.49619792 -0.0047533755017 
1330.49619792 -0.000588610376634 
1333.49619792 -0.00043012961568 
1336.49619792 -0.00110134862632 
1339.49619792 -0.00517686753207 
1342.49619792 -0.00537807494974 
1345.49619792 -0.000461049846796 
1348.49619792 -0.00134515215115 
1351.49619792 -0.00445739532651 
1354.49619792 -0.00957037999094 
1357.49619792 -0.00950842809878 
1360.49619792 -0.00818447136275 
1363.49619792 -0.00654044557514 
1366.49619792 -0.00803203065397 
1369.49619792 -0.010746041583 
1372.49619792 -0.0120685533753 
1375.49619792 -0.00922613514906 
1378.49619792 0.000314595440799 
1381.49619792 0.00523646931784 
1384.49619792 0.0055564508837 
1387.49619792 0.00319993487936 
1390.49619792 -0.00372323810094 
1393.49619792 -0.0104310975931 
1396.49619792 -0.00946348388654 
1399.49619792 0.000728282817308 
1402.49619792 0.0100071395441 
1405.49619792 0.0123154083217 
1408.49619792 0.0091728654991 
1411.49619792 0.00597588197598 
1414.49619792 -0.00197179315302 
1417.49619792 -0.00515646048902 
1420.49619792 -0.00538618424629 
1423.49619792 0.000645071468212 
1426.49619792 0.0049453483164 
1429.49619792 0.00227714673611 
1432.49619792 -0.00518751219887 
1435.49619792 -0.0120243530775 
1438.49619792 -0.0169852687045 
1441.49619792 -0.0187925416876 
1444.49619792 -0.0224767331426 
1447.49619792 -0.0200586257673 
1450.49619792 -0.0162540882803 
1453.49619792 -0.0112241309877 
1456.49619792 -0.00518983142795 
1459.49619792 -0.000255876660336 
1462.49619792 0.00481321001089 
1465.49619792 0.00496447738189 
1468.49619792 0.00451081478861 
1471.49619792 0.00391286338236 
1474.49619792 0.00500155245444 
1477.49619792 0.00905037578124 
1480.49619792 0.0142967630055 
1483.49619792 0.0230312416028 
1486.49619792 0.0259207677402 
1489.49619792 0.0266534382805 
1492.49619792 0.0207290590862 
1495.49619792 0.0193006449814 
1498.49619792 0.0202555886984 
1501.49619792 0.0229256526379 
1504.49619792 0.0212717037977 
1507.49619792 0.0198435115521 
1510.49619792 0.0215424086072 
1513.49619792 0.0266995392482 
1516.49619792 0.0288413816109 
1519.49619792 0.0254632323317 
1522.49619792 0.0180101838372 
1525.49619792 0.0137238596735 
1528.49619792 0.00720361014649 
1531.49619792 0.00400790088422 
1534.49619792 0.000679665062854 
1537.49619792 0.00306543846224 
1540.49619792 0.00703030037862 
1543.49619792 0.0115902775631 
1546.49619792 0.0177663514363 
1549.49619792 0.0242818092623 
1552.49619792 0.0317671051047 
1555.49619792 0.0325451584294 
1558.49619792 0.0269165815798 
1561.49619792 0.0192938519732 
1564.49619792 0.0149913446682 
1567.49619792 0.0119278740627 
1570.49619792 0.00808119247807 
1573.49619792 -0.00123987010096 
1576.49619792 -0.00715676469247 
1579.49619792 -0.0127386779211 
1582.49619792 -0.0180311083611 
1585.49619792 -0.0205344428306 
1588.49619792 -0.0183238103951 
1591.49619792 -0.0172809841353 
1594.49619792 -0.0185540933748 
1597.49619792 -0.0219919662337 
1600.49619792 -0.0262484835005 
1603.49619792 -0.0290054796479 
1606.49619792 -0.0316377451853 
1609.49619792 -0.0311310233653 
1612.49619792 -0.0326989137111 
1615.49619792 -0.0378655705741 
1618.49619792 -0.0435029508879 
1621.49619792 -0.0400250587478 
1624.49619792 -0.028843481268 
1627.49619792 -0.0148487383827 
1630.49619792 -0.00274222364173 
1633.49619792 0.00751628865669 
1636.49619792 0.0101027905895 
1639.49619792 0.00641418596642 
1642.49619792 0.00354907406081 
1645.49619792 0.00653822812683 
1648.49619792 0.00956494043812 
1651.49619792 0.0110486460848 
1654.49619792 0.010667376489 
1657.49619792 0.00858247760435 
1660.49619792 0.0029278288689 
1663.49619792 -7.40073330726e-05 
1666.49619792 2.2471272987e-05 
1669.49619792 0.000839556137805 
1672.49619792 -0.00331159266525 
1675.49619792 -0.00420564260971 
1678.49619792 -0.00231042532901 
1681.49619792 0.00395322431534 
1684.49619792 0.00855548111457 
1687.49619792 0.0128883917059 
1690.49619792 0.0154381153315 
1693.49619792 0.0173504249188 
1696.49619792 0.0150289063443 
1699.49619792 0.0133934312844 
1702.49619792 0.0121724383701 
1705.49619792 0.01719276766 
1708.49619792 0.0221058074456 
1711.49619792 0.0255557567636 
1714.49619792 0.0244882755433 
1717.49619792 0.0210186265014 
1720.49619792 0.0181463550625 
1723.49619792 0.0174747003744 
1726.49619792 0.0140804903194 
1729.49619792 0.0104133271293 
1732.49619792 0.00873971801946 
1735.49619792 0.00464624438666 
1738.49619792 0.000545830149218 
1741.49619792 -0.00164505603194 
1744.49619792 -0.00221615103992 
1747.49619792 -0.00400684705306 
1750.49619792 -0.0049474771354 
1753.49619792 -0.00477596625674 
1756.49619792 -0.00732854488988 
1759.49619792 -0.0115867747038 
1762.49619792 -0.0159426974683 
1765.49619792 -0.0172225734132 
1768.49619792 -0.017646809358 
1771.49619792 -0.0175976309516 
1774.49619792 -0.0155791171404 
1777.49619792 -0.0130162397807 
1780.49619792 -0.0107494163586 
1783.49619792 -0.0101646126826 
1786.49619792 -0.00875830558841 
1789.49619792 -0.0111550767424 
1792.49619792 -0.00789851830816 
1795.49619792 -0.00727357069804 
1798.49619792 -0.00493364238501 
1801.49619792 -0.0065409927897 
1804.49619792 -0.00457332190055 
1807.49619792 -0.00274980316369 
1810.49619792 0.00090867821313 
1813.49619792 0.00128150958331 
1816.49619792 0.00224731382231 
1819.49619792 0.000988969655103 
1822.49619792 -0.00279972233959 
1825.49619792 -0.00505236507103 
1828.49619792 -0.00661513492957 
1831.49619792 -0.0096510738386 
1834.49619792 -0.0115258960841 
1837.49619792 -0.017538906882 
1840.49619792 -0.0222081691598 
1843.49619792 -0.0263305142213 
1846.49619792 -0.0287620429341 
1849.49619792 -0.0298530526648 
1852.49619792 -0.0304233817439 
1855.49619792 -0.0289892862141 
1858.49619792 -0.028511065295 
1861.49619792 -0.0236812547272 
1864.49619792 -0.0202397726539 
1867.49619792 -0.0217909023383 
1870.49619792 -0.0273588338634 
1873.49619792 -0.0283532364956 
1876.49619792 -0.0292032865589 
1879.49619792 -0.0283931734373 
1882.49619792 -0.028061347564 
1885.49619792 -0.0237788727717 
1888.49619792 -0.0219646043624 
1891.49619792 -0.0209384049623 
1894.49619792 -0.0201503748356 
1897.49619792 -0.0199323307068 
1900.49619792 -0.0176229011711 
1903.49619792 -0.0138376162588 
1906.49619792 -0.0111202242643 
1909.49619792 -0.0107044178252 
1912.49619792 -0.0112250012704 
1915.49619792 -0.00961768974822 
1918.49619792 -0.00915903303592 
1921.49619792 -0.00907999798598 
1924.49619792 -0.00563597368078 
1927.49619792 -0.00293996765443 
1930.49619792 0.00169268914328 
1933.49619792 0.0058725493419 
1936.49619792 0.00854096077354 
1939.49619792 0.00954220272995 
1942.49619792 0.00662370910118 
1945.49619792 -0.000288268960069 
1948.49619792 -0.00592273469165 
1951.49619792 -0.00860350562441 
1954.49619792 -0.00964688596045 
1957.49619792 -0.0081648745632 
1960.49619792 -0.00681354509165 
1963.49619792 -0.00589457401292 
1966.49619792 -0.00469347923788 
1969.49619792 -0.00123276746191 
1972.49619792 -0.000990530889101 
1975.49619792 -6.33307447545e-06 
1978.49619792 -8.54151813758e-05 
1981.49619792 -0.00327862799168 
1984.49619792 -0.00402069238178 
1987.49619792 -0.00142561456193 
1990.49619792 0.000341500442244 
1993.49619792 0.00124245979241 
1996.49619792 0.00499228868957 
1999.49619792 0.00328854875709 
2002.49619792 0.00207055723173 
2005.49619792 0.00107842558282 
2008.49619792 0.00197230477289 
2011.49619792 0.00670235361032 
2014.49619792 0.0058634456816 
2017.49619792 0.00485392002902 
2020.49619792 0.0036647381777 
2023.49619792 0.00420265951846 
2026.49619792 -0.000201666235198 
2029.49619792 -0.00285379279831 
2032.49619792 -0.00709346677831 
2035.49619792 -0.00832888968889 
2038.49619792 -0.011079341562 
2041.49619792 -0.0110743302889 
2044.49619792 -0.0106140182097 
2047.49619792 -0.0124249472951 
2050.49619792 -0.0120636621806 
2053.49619792 -0.0145083126067 
2056.49619792 -0.0186665290974 
2059.49619792 -0.0223047167909 
2062.49619792 -0.0263485168368 
2065.49619792 -0.0249282703524 
2068.49619792 -0.0244554952759 
2071.49619792 -0.0242465039171 
2074.49619792 -0.0258023040805 
2077.49619792 -0.0289754646152 
2080.49619792 -0.0296166582649 
2083.49619792 -0.0257826272287 
2086.49619792 -0.0198001049156 
2089.49619792 -0.0142949229465 
2092.49619792 -0.0107739478098 
2095.49619792 -0.0101334048708 
2098.49619792 -0.0104249976089 
2101.49619792 -0.011334097669 
2104.49619792 -0.00863163142321 
2107.49619792 -0.00293164221671 
2110.49619792 0.00336949791436 
2113.49619792 0.0107922203158 
2116.49619792 0.0184517579635 
2119.49619792 0.0273782248142 
2122.49619792 0.027885031261 
2125.49619792 0.0239089371512 
2128.49619792 0.0189276001861 
2131.49619792 0.0179082464001 
2134.49619792 0.0185106249836 
2137.49619792 0.0215827298 
2140.49619792 0.0198149763431 
2143.49619792 0.0150255178454 
2146.49619792 0.0129074132726 
2149.49619792 0.0119326291684 
2152.49619792 0.00881898693643 
2155.49619792 0.00486010349629 
2158.49619792 -0.000263821402978 
2161.49619792 -0.00356537127669 
2164.49619792 -0.00524334638099 
2167.49619792 -0.0035357647965 
2170.49619792 -0.0030955698567 
2173.49619792 -0.00513604829976 
2176.49619792 -0.0051614963496 
2179.49619792 -0.00194410678408 
2182.49619792 -0.00122542866861 
2185.49619792 -0.00314622379822 
2188.49619792 -0.00299634304718 
2191.49619792 -0.00306216403785 
2194.49619792 -0.00545464553288 
2197.49619792 -0.00442633818455 
2200.49619792 -0.0050965333479 
2203.49619792 -0.00665186749269 
2206.49619792 -0.00915876714797 
2209.49619792 -0.0116263582719 
2212.49619792 -0.0135247078842 
2215.49619792 -0.010343152152 
2218.49619792 -0.0065554753918 
2221.49619792 -0.00398409619344 
2224.49619792 -0.00639443878293 
2227.49619792 -0.00340638800895 
2230.49619792 0.000843596633978 
2233.49619792 0.00394123648554 
2236.49619792 0.00577172062897 
2239.49619792 0.0105076424452 
2242.49619792 0.019362257795 
2245.49619792 0.0300008497692 
2248.49619792 0.0341039502612 
2251.49619792 0.0389073550106 
2254.49619792 0.0432112403586 
2257.49619792 0.046869584074 
2260.49619792 0.0508923303688 
2263.49619792 0.0563267232451 
2266.49619792 0.0608507249324 
2269.49619792 0.0577819182703 
2272.49619792 0.052611501237 
2275.49619792 0.0465332592622 
2278.49619792 0.0460452422305 
2281.49619792 0.0470534573128 
2284.49619792 0.0449246245902 
2287.49619792 0.0402097142118 
2290.49619792 0.0313614778855 
2293.49619792 0.0221616885155 
2296.49619792 0.0152262009206 
2299.49619792 0.0100390312311 
2302.49619792 0.003695104011 
2305.49619792 -0.00183864433035 
2308.49619792 -0.0121030822133 
2311.49619792 -0.0214971607681 
2314.49619792 -0.0260498280353 
2317.49619792 -0.0276350531318 
2320.49619792 -0.0284318729995 
2323.49619792 -0.0307150762628 
2326.49619792 -0.0299334091492 
2329.49619792 -0.0260372255183 
2332.49619792 -0.0187323446559 
2335.49619792 -0.0121909887719 
2338.49619792 -0.00674452115185 
2341.49619792 -0.00748818401456 
2344.49619792 -0.00557998454031 
2347.49619792 -0.00466190661637 
2350.49619792 -0.00108457388426 
2353.49619792 0.00106819004038 
2356.49619792 0.00194803978147 
2359.49619792 -0.00114294622417 
2362.49619792 -0.00471353176367 
2365.49619792 -0.00457612287285 
2368.49619792 5.95606651575e-05 
2371.49619792 0.00357191269204 
2374.49619792 0.0033686679437 
2377.49619792 -5.55289157681e-05 
2380.49619792 -0.0030627378412 
2383.49619792 -0.00530699995602 
2386.49619792 -0.00754984714668 
2389.49619792 -0.00674513755445 
2392.49619792 -0.00447690749937 
2395.49619792 -0.00360327431859 
2398.49619792 -0.00202485295163 
2401.49619792 -0.00255302349513 
2404.49619792 -0.00261785927088 
2407.49619792 0.00151713019207 
2410.49619792 0.00472692279567 
2413.49619792 0.0103008845451 
2416.49619792 0.0139988255519 
2419.49619792 0.0161514246546 
2422.49619792 0.0136435500769 
2425.49619792 0.0139907654303 
2428.49619792 0.0113373557971 
2431.49619792 0.0100855233115 
2434.49619792 0.0103501555834 
2437.49619792 0.0107490984367 
2440.49619792 0.00757570403499 
2443.49619792 0.00665912651961 
2446.49619792 0.003281772617 
2449.49619792 -0.000578684393525 
2452.49619792 -0.00264115648734 
2455.49619792 -0.0019999135197 
2458.49619792 0.000392917346378 
2461.49619792 0.00313048094442 
2464.49619792 0.00689910497468 
2467.49619792 0.0100704746254 
2470.49619792 0.0117681846194 
2473.49619792 0.00957791519824 
2476.49619792 0.00828728937499 
2479.49619792 0.00364636817943 
2482.49619792 0.000263610372287 
2485.49619792 -0.00215363892471 
2488.49619792 0.00175417458792 
2491.49619792 0.00417616192597 
2494.49619792 0.00697720970269 
2497.49619792 0.00544126993953 
2500.49619792 0.00667658763854 
2503.49619792 0.00420675733779 
2506.49619792 -0.00186127711285 
2509.49619792 -0.00864582583708 
2512.49619792 -0.0135083920848 
2515.49619792 -0.0162128339066 
2518.49619792 -0.014066921457 
2521.49619792 -0.0131155606516 
2524.49619792 -0.013241272474 
2527.49619792 -0.014252379731 
2530.49619792 -0.0172931555135 
2533.49619792 -0.0202699317808 
2536.49619792 -0.019122192426 
2539.49619792 -0.0141505658032 
2542.49619792 -0.00775227764892 
2545.49619792 -0.00361302697421 
2548.49619792 -3.30433521973e-05 
2551.49619792 0.00245755656993 
2554.49619792 0.00347807511676 
2557.49619792 0.00635351433904 
2560.49619792 0.0101969755345 
2563.49619792 0.0116266190137 
2566.49619792 0.0091703175492 
2569.49619792 0.00867326776065 
2572.49619792 0.00635755068965 
2575.49619792 0.00446737241443 
2578.49619792 0.00378722074804 
2581.49619792 -0.00115189835692 
2584.49619792 -0.00994360433207 
2587.49619792 -0.0163519693537 
2590.49619792 -0.0194271847732 
2593.49619792 -0.021979807435 
2596.49619792 -0.0240436011063 
2599.49619792 -0.0271740434541 
2602.49619792 -0.0290229699288 
2605.49619792 -0.0257326082733 
2608.49619792 -0.0215591921407 
2611.49619792 -0.0143218502482 
2614.49619792 -0.00655559318302 
2617.49619792 0.00149161352598 
2620.49619792 0.00774606158893 
2623.49619792 0.00976310586893 
2626.49619792 0.00980654795721 
2629.49619792 0.0130484207996 
2632.49619792 0.0189689460481 
2635.49619792 0.0190753446848 
2638.49619792 0.0177810753389 
2641.49619792 0.0176339426685 
2644.49619792 0.0160172867574 
2647.49619792 0.011674610359 
2650.49619792 0.00616532113583 
2653.49619792 0.00270697233179 
2656.49619792 -0.000888021078164 
2659.49619792 -0.00339132502778 
2662.49619792 -0.00328763415973 
2665.49619792 -0.000560363999075 
2668.49619792 0.0023850769445 
2671.49619792 0.00185415560433 
2674.49619792 4.24732456623e-05 
2677.49619792 -0.00199737314618 
2680.49619792 -0.0058466078269 
2683.49619792 -0.0110614853279 
2686.49619792 -0.0152592487913 
2689.49619792 -0.0177263081394 
2692.49619792 -0.0169279627039 
2695.49619792 -0.0168746067118 
2698.49619792 -0.0179081972251 
2701.49619792 -0.0152712955167 
2704.49619792 -0.00995732071943 
2707.49619792 -0.00620798442973 
2710.49619792 -0.00541938707541 
2713.49619792 -0.00758346110148 
2716.49619792 -0.0095377895618 
2719.49619792 -0.0094216205437 
2722.49619792 -0.00545476789851 
2725.49619792 -0.00275846653642 
2728.49619792 0.00123469615019 
2731.49619792 0.0048572479169 
2734.49619792 0.00595582373217 
2737.49619792 0.00951342050241 
2740.49619792 0.0108154503456 
2743.49619792 0.00932159921525 
2746.49619792 0.00695697763107 
2749.49619792 0.00743077337422 
2752.49619792 0.00855008330331 
2755.49619792 0.00600331131989 
2758.49619792 0.0071167997324 
2761.49619792 0.00661282141851 
2764.49619792 0.00270080859169 
2767.49619792 0.00178687423125 
2770.49619792 0.00209753370843 
2773.49619792 0.0014979225038 
2776.49619792 -0.00104115216643 
2779.49619792 -0.000448633522847 
2782.49619792 0.0031911499987 
2785.49619792 0.00472829168975 
2788.49619792 0.00730940438836 
2791.49619792 0.00605297632979 
2794.49619792 0.00503039186219 
2797.49619792 0.00325212725427 
2800.49619792 0.000111405808816 
2803.49619792 -0.0065422255949 
2806.49619792 -0.0131401938836 
2809.49619792 -0.0180968633086 
2812.49619792 -0.0211359122489 
2815.49619792 -0.0228884694948 
2818.49619792 -0.0222709804705 
2821.49619792 -0.0201244676287 
2824.49619792 -0.0175350517927 
2827.49619792 -0.0142094030896 
2830.49619792 -0.0155472231661 
2833.49619792 -0.0177892155128 
2836.49619792 -0.0198483306997 
2839.49619792 -0.0181511261787 
2842.49619792 -0.0157596121727 
2845.49619792 -0.0158923354317 
2848.49619792 -0.0187258249691 
2851.49619792 -0.0229544234294 
2854.49619792 -0.0212045833869 
2857.49619792 -0.014773581866 
2860.49619792 -0.012692496901 
2863.49619792 -0.00820149962754 
2866.49619792 -0.00188563187719 
2869.49619792 0.00468008048655 
2872.49619792 0.0127498943899 
2875.49619792 0.0170564031656 
2878.49619792 0.0175005652679 
2881.49619792 0.0169161927307 
2884.49619792 0.0205760928913 
2887.49619792 0.0210670832936 
2890.49619792 0.0214374509118 
2893.49619792 0.0202752037956 
2896.49619792 0.0182088484512 
2899.49619792 0.0154601228484 
2902.49619792 0.012104154914 
2905.49619792 0.0129959671111 
2908.49619792 0.010788970193 
2911.49619792 0.00353123097811 
2914.49619792 -0.0060714975697 
2917.49619792 -0.0158875117097 
2920.49619792 -0.0225253065824 
2923.49619792 -0.0215673757716 
2926.49619792 -0.0174298264938 
2929.49619792 -0.0138219706114 
2932.49619792 -0.0142440863142 
2935.49619792 -0.0163817773941 
2938.49619792 -0.0192174500716 
2941.49619792 -0.0162357094191 
2944.49619792 -0.0117149784395 
2947.49619792 -0.00585144870298 
2950.49619792 -0.00341681453327 
2953.49619792 -0.00461660245475 
2956.49619792 -0.00363335282137 
2959.49619792 0.00194841402591 
2962.49619792 0.00839537597123 
2965.49619792 0.0127926365925 
2968.49619792 0.0131160318165 
2971.49619792 0.0146099298346 
2974.49619792 0.0156032620534 
2977.49619792 0.015000313955 
2980.49619792 0.0163079440274 
2983.49619792 0.0147770321195 
2986.49619792 0.0152551729864 
2989.49619792 0.0136510315348 
2992.49619792 0.00885291195154 
2995.49619792 0.00409931859326 
2998.49619792 0.00110511265621 
3001.49619792 -0.000161332337733 
3004.49619792 0.00444965341278 
3007.49619792 0.00880085109109 
3010.49619792 0.00953883767494 
3013.49619792 0.00788437249746 
3016.49619792 0.004720656703 
3019.49619792 0.00191897794273 
3022.49619792 -0.00196257613296 
3025.49619792 -0.00803438762199 
3028.49619792 -0.0121246974741 
3031.49619792 -0.0155106449896 
3034.49619792 -0.0184476021063 
3037.49619792 -0.0234442679404 
3040.49619792 -0.0272348671808 
3043.49619792 -0.029488281845 
3046.49619792 -0.0301534660212 
3049.49619792 -0.029156712139 
3052.49619792 -0.0289657942991 
3055.49619792 -0.0294412088138 
3058.49619792 -0.0253808836889 
3061.49619792 -0.0160944514428 
3064.49619792 -0.00409146775123 
3067.49619792 0.00787424931413 
3070.49619792 0.0133479684477 
3073.49619792 0.0157442890216 
3076.49619792 0.0145217613907 
3079.49619792 0.0131122098917 
3082.49619792 0.0110658287362 
3085.49619792 0.010110316648 
3088.49619792 0.00781459091996 
3091.49619792 0.00410043217774 
3094.49619792 0.00106144113236 
3097.49619792 -0.00231855077896 
3100.49619792 -0.0104485798687 
3103.49619792 -0.0184682132826 
3106.49619792 -0.0243652694882 
3109.49619792 -0.028945554794 
3112.49619792 -0.0300036035678 
3115.49619792 -0.0261287092705 
3118.49619792 -0.0222344125863 
3121.49619792 -0.0171546353255 
3124.49619792 -0.00783488932062 
3127.49619792 2.44629265046e-05 
3130.49619792 0.00967483793143 
3133.49619792 0.0209885291292 
3136.49619792 0.0314473968602 
3139.49619792 0.0401179468458 
3142.49619792 0.0499117356123 
3145.49619792 0.0567930621179 
3148.49619792 0.0570573078516 
3151.49619792 0.0523315378088 
3154.49619792 0.04700167492 
3157.49619792 0.0397529129971 
3160.49619792 0.0326310499576 
3163.49619792 0.0289952604019 
3166.49619792 0.0248592469844 
3169.49619792 0.016285651753 
3172.49619792 0.00531487595733 
3175.49619792 -0.00793072391453 
3178.49619792 -0.0215930451088 
3181.49619792 -0.0322179389933 
3184.49619792 -0.0405122615334 
3187.49619792 -0.0457735950912 
3190.49619792 -0.0464200790534 
3193.49619792 -0.0472722516459 
3196.49619792 -0.0452020583661 
3199.49619792 -0.0409848536333 
3202.49619792 -0.0355510211229 
3205.49619792 -0.0304556954209 
3208.49619792 -0.0222474633961 
3211.49619792 -0.013054973651 
3214.49619792 -0.00825543028066 
3217.49619792 -0.00707742487204 
3220.49619792 -0.00862092900441 
3223.49619792 -0.00808803065868 
3226.49619792 -0.00576577045692 
3229.49619792 -0.00390792272682 
3232.49619792 -0.00449282332328 
3235.49619792 -0.00608148637956 
3238.49619792 -0.00576627764534 
3241.49619792 -0.00401163132074 
3244.49619792 -0.000318338349747 
3247.49619792 0.00824150404195 
3250.49619792 0.0157893698946 
3253.49619792 0.0190327408583 
3256.49619792 0.0189915768293 
3259.49619792 0.0168191727911 
3262.49619792 0.01263395009 
3265.49619792 0.00905469688926 
3268.49619792 0.00705042895407 
3271.49619792 0.0071686793316 
3274.49619792 0.00897857517073 
3277.49619792 0.00815621233407 
3280.49619792 0.00458419957668 
3283.49619792 -0.00124761701797 
3286.49619792 -0.00438589605568 
3289.49619792 -0.00686835975072 
3292.49619792 -0.00759205757337 
3295.49619792 -0.00519694578895 
3298.49619792 -0.000810906496857 
3301.49619792 0.00590881131195 
3304.49619792 0.0123139319288 
3307.49619792 0.0165432359929 
3310.49619792 0.0174344306439 
3313.49619792 0.0179519297888 
3316.49619792 0.015966652543 
3319.49619792 0.011028145838 
3322.49619792 0.00484906085527 
3325.49619792 -0.000620552882586 
3328.49619792 -0.00682988147597 
3331.49619792 -0.0138861004975 
3334.49619792 -0.0160356233052 
3337.49619792 -0.0187180335944 
3340.49619792 -0.0242681775016 
3343.49619792 -0.0291812698931 
3346.49619792 -0.0321159409452 
3349.49619792 -0.0329878109744 
3352.49619792 -0.0333368709613 
3355.49619792 -0.0316919771781 
3358.49619792 -0.0290633757482 
3361.49619792 -0.024040696352 
3364.49619792 -0.0176742592868 
3367.49619792 -0.0130743028472 
3370.49619792 -0.0130251496001 
3373.49619792 -0.0141326398092 
3376.49619792 -0.0168231410973 
3379.49619792 -0.0192646649098 
3382.49619792 -0.023492706435 
3385.49619792 -0.0278386260945 
3388.49619792 -0.0311612854165 
3391.49619792 -0.0341216280931 
3394.49619792 -0.033646462884 
3397.49619792 -0.0304463521755 
3400.49619792 -0.027864242826 
3403.49619792 -0.0274554889932 
3406.49619792 -0.0253993940646 
3409.49619792 -0.0177253989742 
3412.49619792 -0.00298787866157 
3415.49619792 0.00948693120104 
3418.49619792 0.0146245187919 
3421.49619792 0.0175169645505 
3424.49619792 0.021397173176 
3427.49619792 0.0225462139522 
3430.49619792 0.0219738950019 
3433.49619792 0.0172682329498 
3436.49619792 0.0143537693818 
3439.49619792 0.0176401204177 
3442.49619792 0.0206697998098 
3445.49619792 0.0211473597258 
3448.49619792 0.0180128781684 
3451.49619792 0.0141220980668 
3454.49619792 0.0116975876522 
3457.49619792 0.0111562580854 
3460.49619792 0.00881885199115 
3463.49619792 0.00879856902914 
3466.49619792 0.00652980033654 
3469.49619792 0.0052401277073 
3472.49619792 0.00453069463018 
3475.49619792 0.000289542720591 
3478.49619792 -0.00478035712462 
3481.49619792 -0.00658092344164 
3484.49619792 -0.00489186424067 
3487.49619792 -0.00133455451506 
3490.49619792 0.0010203372141 
3493.49619792 0.00234900667108 
3496.49619792 0.00254273877771 
3499.49619792 -0.00129565439335 
3502.49619792 -0.00353539655598 
3505.49619792 -0.00361308815703 
3508.49619792 -0.00421185352348 
3511.49619792 -0.00507317637812 
3514.49619792 -0.00611277138464 
3517.49619792 -0.00704646064791 
3520.49619792 -0.00717045477694 
3523.49619792 -0.00548525809876 
3526.49619792 -0.00341906514611 
3529.49619792 -0.00417595865035 
3532.49619792 -0.00565048372938 
3535.49619792 -0.00448863115662 
3538.49619792 -1.54238999396e-05 
3541.49619792 0.00367125386196 
3544.49619792 0.0026159314403 
3547.49619792 0.00225668379941 
3550.49619792 0.00276132840563 
3553.49619792 0.00355726712636 
3556.49619792 0.00127339385398 
3559.49619792 -0.00666309025136 
3562.49619792 -0.0157605842362 
3565.49619792 -0.0196254811466 
3568.49619792 -0.0160159327301 
3571.49619792 -0.00876795303245 
3574.49619792 -0.00167681463206 
3577.49619792 0.00561610298804 
3580.49619792 0.0115098799089 
3583.49619792 0.0156284213432 
3586.49619792 0.0187837873984 
3589.49619792 0.0209712584204 
3592.49619792 0.0196398425267 
3595.49619792 0.0113055041361 
3598.49619792 0.00372629409695 
3601.49619792 -0.00270334081703 
3604.49619792 -0.00813932358898 
3607.49619792 -0.0122348368397 
3610.49619792 -0.0140165937285 
3613.49619792 -0.009426972039 
3616.49619792 -0.00329960712267 
3619.49619792 0.00266363516919 
3622.49619792 0.0100812428014 
3625.49619792 0.0176219108099 
3628.49619792 0.0224132288079 
3631.49619792 0.0259840433541 
3634.49619792 0.0251093966542 
3637.49619792 0.0240473018091 
3640.49619792 0.0255220821978 
3643.49619792 0.0292750500022 
3646.49619792 0.0368644321139 
3649.49619792 0.042331520631 
3652.49619792 0.044300907498 
3655.49619792 0.042378591375 
3658.49619792 0.0354561751747 
3661.49619792 0.0261454859424 
3664.49619792 0.0171567727215 
3667.49619792 0.0117099980437 
3670.49619792 0.00681920764726 
3673.49619792 -0.0012312943569 
3676.49619792 -0.0119239778036 
3679.49619792 -0.0226409043702 
3682.49619792 -0.0295682243448 
3685.49619792 -0.0303875777873 
3688.49619792 -0.0286673639521 
3691.49619792 -0.0261887416232 
3694.49619792 -0.0269323129976 
3697.49619792 -0.0306387521264 
3700.49619792 -0.0352039807408 
3703.49619792 -0.0366451048613 
3706.49619792 -0.034679912734 
3709.49619792 -0.0284651747504 
3712.49619792 -0.0202145721943 
3715.49619792 -0.0107723101688 
3718.49619792 -0.00142268321876 
3721.49619792 0.00526733118941 
3724.49619792 0.00678113592375 
3727.49619792 0.00281250411652 
3730.49619792 -0.0047529569426 
3733.49619792 -0.0130075575385 
3736.49619792 -0.0191658140601 
3739.49619792 -0.022065849919 
3742.49619792 -0.0246176857813 
3745.49619792 -0.0254555244402 
3748.49619792 -0.0242730904248 
3751.49619792 -0.0205105575158 
3754.49619792 -0.0153661997887 
3757.49619792 -0.00988199838015 
3760.49619792 -0.00349941162403 
3763.49619792 0.001803599298 
3766.49619792 0.00648069054643 
3769.49619792 0.0105193472329 
3772.49619792 0.0163874107878 
3775.49619792 0.0197729786268 
3778.49619792 0.0211682213515 
3781.49619792 0.021630251124 
3784.49619792 0.0239365048712 
3787.49619792 0.0310191422907 
3790.49619792 0.040030323901 
3793.49619792 0.0475205784107 
3796.49619792 0.05247036677 
3799.49619792 0.0563376835467 
3802.49619792 0.0531127932249 
3805.49619792 0.046386859642 
3808.49619792 0.0400463160605 
3811.49619792 0.0326783722946 
3814.49619792 0.0243748460288 
3817.49619792 0.0160957688747 
3820.49619792 0.00165281795874 
3823.49619792 -0.00972169825231 
3826.49619792 -0.012341276646 
3829.49619792 -0.00478614919339 
3832.49619792 0.00573972773296 
3835.49619792 0.0118099227376 
3838.49619792 0.0150712414238 
3841.49619792 0.0131281037012 
3844.49619792 0.0120721660206 
3847.49619792 0.0112109726791 
3850.49619792 0.0119500016581 
3853.49619792 0.0115594608639 
3856.49619792 0.00670029226396 
3859.49619792 -0.00786608512458 
3862.49619792 -0.0228854549544 
3865.49619792 -0.0301390543226 
3868.49619792 -0.0363303346993 
3871.49619792 -0.0369061370675 
3874.49619792 -0.0334352140507 
3877.49619792 -0.0271559630736 
3880.49619792 -0.0213700949185 
3883.49619792 -0.013496357939 
3886.49619792 -0.0043382526519 
3889.49619792 0.00726288314609 
3892.49619792 0.0159843326621 
3895.49619792 0.020887233254 
3898.49619792 0.0203253622706 
3901.49619792 0.0192801172882 
3904.49619792 0.017955727698 
3907.49619792 0.0141489247313 
3910.49619792 0.00798336286684 
3913.49619792 0.00341150649492 
3916.49619792 -0.00237354241077 
3919.49619792 -0.0093723723775 
3922.49619792 -0.0155929833399 
3925.49619792 -0.0179118270245 
3928.49619792 -0.0174639562141 
3931.49619792 -0.0192188475558 
3934.49619792 -0.0215812476891 
3937.49619792 -0.0223173444672 
3940.49619792 -0.0204668123724 
3943.49619792 -0.0175706121616 
3946.49619792 -0.0120675607269 
3949.49619792 -0.00432451396426 
3952.49619792 0.00548058075806 
3955.49619792 0.0120769371368 
3958.49619792 0.0131620184239 
3961.49619792 0.0104543287664 
3964.49619792 0.00339210382216 
3967.49619792 -0.00831139369004 
3970.49619792 -0.0196797245755 
3973.49619792 -0.0269344606861 
3976.49619792 -0.0266791785212 
3979.49619792 -0.0216237257191 
3982.49619792 -0.0112719542232 
3985.49619792 0.000661563740061 
3988.49619792 0.00828009496171 
3991.49619792 0.0101959074083 
3994.49619792 0.00988681066613 
3997.49619792 0.00962162832068 
4000.49619792 0.0118038707848 
4003.49619792 0.012352862499 
4006.49619792 0.0107896483503 
4009.49619792 0.00794283067915 
4012.49619792 0.00523885945037 
4015.49619792 0.00647166350761 
4018.49619792 0.0096209330094 
4021.49619792 0.0147988406494 
4024.49619792 0.0152021772296 
4027.49619792 0.0120084535499 
4030.49619792 0.00555819087731 
4033.49619792 -0.000820680523573 
4036.49619792 -0.00698516975891 
4039.49619792 -0.0118734968322 
4042.49619792 -0.0200332835008 
4045.49619792 -0.0269850560179 
4048.49619792 -0.0266310305021 
4051.49619792 -0.0212285784877 
4054.49619792 -0.011797209291 
4057.49619792 -0.00401727214787 
4060.49619792 0.00311716224538 
4063.49619792 0.0120986610399 
4066.49619792 0.0237723130587 
4069.49619792 0.0339374232091 
4072.49619792 0.0405064062805 
4075.49619792 0.0365302229696 
4078.49619792 0.0243418576254 
4081.49619792 0.00991489872599 
4084.49619792 -0.00150336248547 
4087.49619792 -0.00824860467969 
4090.49619792 -0.0121030787825 
4093.49619792 -0.0164489115282 
4096.49619792 -0.0214330754825 
4099.49619792 -0.023837944497 
4102.49619792 -0.0203898478176 
4105.49619792 -0.0143716347648 
4108.49619792 -0.00936645651358 
4111.49619792 -0.0103873455881 
4114.49619792 -0.0140075192301 
4117.49619792 -0.0181782707652 
4120.49619792 -0.0213897626215 
4123.49619792 -0.0190504644343 
4126.49619792 -0.0127525406897 
4129.49619792 -0.00606249797738 
4132.49619792 -0.00193403563473 
4135.49619792 -0.00181299300488 
4138.49619792 -0.00507455041842 
4141.49619792 -0.00766937664538 
4144.49619792 -0.00893332504439 
4147.49619792 -0.010344344931 
4150.49619792 -0.011081863209 
4153.49619792 -0.00559397196184 
4156.49619792 0.00415263999131 
4159.49619792 0.0173396384451 
4162.49619792 0.0311521411582 
4165.49619792 0.0446963840874 
4168.49619792 0.0547643953896 
4171.49619792 0.0574233206253 
4174.49619792 0.0487039707664 
4177.49619792 0.0288525111659 
4180.49619792 0.0015805729151 
4183.49619792 -0.0283750084301 
4186.49619792 -0.0549442614397 
4189.49619792 -0.070861309012 
4192.49619792 -0.074505165551 
4195.49619792 -0.0665976419324 
4198.49619792 -0.0460151974641 
4201.49619792 -0.0180935537184 
4204.49619792 0.0102254501326 
4207.49619792 0.0290199439524 
4210.49619792 0.0369562772449 
4213.49619792 0.0313016330839 
4216.49619792 0.0179038881249 
4219.49619792 0.00133677496534 
4222.49619792 -0.010718534474 
4225.49619792 -0.0224900927255 
4228.49619792 -0.0301417532282 
4231.49619792 -0.0302872928581 
4234.49619792 -0.0208569460435 
4237.49619792 0.00496691154317 
4240.49619792 0.0414166602371 
4243.49619792 0.0686644089743 
4246.49619792 0.0745813570293 
4249.49619792 0.0683754659669 
4252.49619792 0.0543012952036 
4255.49619792 0.0379582230897 
4258.49619792 0.0230709955679 
4261.49619792 0.00928490953727 
4264.49619792 0.000552645815123 
4267.49619792 -0.00713742463203 
4270.49619792 -0.0148107169778 
4273.49619792 -0.0202740899252 
4276.49619792 -0.0263590791641 
4279.49619792 -0.0276219885988 
4282.49619792 -0.026421465054 
4285.49619792 -0.0205965542555 
4288.49619792 -0.0155932680973 
4291.49619792 -0.0121752424873 
4294.49619792 -0.00715124851817 
4297.49619792 0.000739436745301 
4300.49619792 0.00579676613017 
4303.49619792 0.0110379122169 
4306.49619792 0.0153812141667 
4309.49619792 0.0206995975578 
4312.49619792 0.0258805128765 
4315.49619792 0.0320884166821 
4318.49619792 0.032246019048 
4321.49619792 0.0234657837077 
4324.49619792 0.00821434344499 
4327.49619792 0.00156474071723 
4330.49619792 -0.00291144473911 
4333.49619792 -0.0026998299525 
4336.49619792 -0.00328938759069 
4339.49619792 -0.00457061012937 
4342.49619792 -0.00482805113287 
4345.49619792 -0.00260288148821 
4348.49619792 0.00119383188847 
4351.49619792 0.00649083088383 
4354.49619792 0.0125736295491 
4357.49619792 0.016100150022 
4360.49619792 0.0230654079184 
4363.49619792 0.0302847151745 
4366.49619792 0.0415726341107 
4369.49619792 0.0534097597586 
4372.49619792 0.0681802984942 
4375.49619792 0.0830767709113 
4378.49619792 0.0902935073454 
4381.49619792 0.0872262514104 
4384.49619792 0.0669235828192 
4387.49619792 0.0286639697352 
4390.49619792 -0.0164114104631 
4393.49619792 -0.0522211434195 
4396.49619792 -0.0734888811982 
4399.49619792 -0.0813809798849 
4402.49619792 -0.0724417973004 
4405.49619792 -0.0535634875938 
4408.49619792 -0.0222039423992 
4411.49619792 0.0145022915312 
4414.49619792 0.0503811210463 
4417.49619792 0.0802269552821 
4420.49619792 0.0980098523823 
4423.49619792 0.0979401931704 
4426.49619792 0.0860804424593 
4429.49619792 0.0679647199758 
4432.49619792 0.0452997953454 
4435.49619792 0.0272085231172 
4438.49619792 0.0139995963411 
4441.49619792 -0.000883801607951 
4444.49619792 -0.015250009614 
4447.49619792 -0.0307994056279 
4450.49619792 -0.0420309403084 
4453.49619792 -0.0533434169986 
4456.49619792 -0.0583769080278 
4459.49619792 -0.0582633527169 
4462.49619792 -0.0476238275617 
4465.49619792 -0.0267598986717 
4468.49619792 -0.00150400647752 
4471.49619792 0.0220705021004 
4474.49619792 0.0341248050252 
4477.49619792 0.0398274805577 
4480.49619792 0.0419442139492 
4483.49619792 0.0477605568658 
4486.49619792 0.0550346564807 
4489.49619792 0.0581402368758 
4492.49619792 0.0587541738658 
4495.49619792 0.0574803773202 
4498.49619792 0.0532386171205 
4501.49619792 0.0471148917241 
4504.49619792 0.0399330946819 
4507.49619792 0.0349324685468 
4510.49619792 0.023599274325 
4513.49619792 0.00828585986989 
4516.49619792 -0.00635054325563 
4519.49619792 -0.0147232690044 
4522.49619792 -0.0152920805209 
4525.49619792 -0.0129481381576 
4528.49619792 -0.00729708148257 
4531.49619792 -0.00242791606752 
4534.49619792 0.00220523734026 
4537.49619792 0.00857291421521 
4540.49619792 0.015264151422 
4543.49619792 0.0190062664238 
4546.49619792 0.0143063852902 
4549.49619792 0.00503805915576 
4552.49619792 -0.00397243629212 
4555.49619792 -0.0105073496825 
4558.49619792 -0.0147721169092 
4561.49619792 -0.0212015940058 
4564.49619792 -0.0195098467634 
4567.49619792 -0.00761172356097 
4570.49619792 0.0102032619262 
4573.49619792 0.0283142327347 
4576.49619792 0.0428774269013 
4579.49619792 0.0495412765058 
4582.49619792 0.0467742303657 
4585.49619792 0.0398404032838 
4588.49619792 0.0337821240619 
4591.49619792 0.0290597276512 
4594.49619792 0.0272089874205 
4597.49619792 0.024005580845 
4600.49619792 0.0221841877822 
4603.49619792 0.0260293941176 
4606.49619792 0.0342928576451 
4609.49619792 0.0385176833556 
4612.49619792 0.0334130578652 
4615.49619792 0.0211464951611 
4618.49619792 0.00254115774507 
4621.49619792 -0.0211768807216 
4624.49619792 -0.0414633513046 
4627.49619792 -0.0571465272677 
4630.49619792 -0.0595164957727 
4633.49619792 -0.0518252139629 
4636.49619792 -0.033967319307 
4639.49619792 -0.0192991468601 
4642.49619792 -0.00787176025984 
4645.49619792 0.00269160915455 
4648.49619792 0.0128688475121 
4651.49619792 0.0220561773157 
4654.49619792 0.0201957530456 
4657.49619792 0.0101450993662 
4660.49619792 -0.00531087963286 
4663.49619792 -0.0201108930482 
4666.49619792 -0.0261822322288 
4669.49619792 -0.0234658157286 
4672.49619792 -0.0157845244441 
4675.49619792 -0.000831938876913 
4678.49619792 0.0193740346298 
4681.49619792 0.0434599376512 
4684.49619792 0.068310047239 
4687.49619792 0.0891691341093 
4690.49619792 0.104727501697 
4693.49619792 0.111118025352 
4696.49619792 0.106545667509 
4699.49619792 0.0889890393384 
4702.49619792 0.0555593466082 
4705.49619792 0.0137061784108 
4708.49619792 -0.0285030509176 
4711.49619792 -0.0662212177871 
4714.49619792 -0.0988424418984 
4717.49619792 -0.121219196598 
4720.49619792 -0.131832153543 
4723.49619792 -0.118576720963 
4726.49619792 -0.0814627795977 
4729.49619792 -0.0278776069833 
4732.49619792 0.0285718135439 
4735.49619792 0.0742403937594 
4738.49619792 0.106724527188 
4741.49619792 0.123777292549 
4744.49619792 0.124922781291 
4747.49619792 0.10744499776 
4750.49619792 0.0804721897415 
4753.49619792 0.0566361459145 
4756.49619792 0.0415509056331 
4759.49619792 0.028737286193 
4762.49619792 0.0257342024574 
4765.49619792 0.0242980850356 
4768.49619792 0.0274787681979 
4771.49619792 0.0225899888293 
4774.49619792 0.0108837738279 
4777.49619792 -0.00366856553467 
4780.49619792 -0.0186499902951 
4783.49619792 -0.0296197642936 
4786.49619792 -0.0348691471887 
4789.49619792 -0.0332174260893 
4792.49619792 -0.0223167795268 
4795.49619792 -0.0102425435828 
4798.49619792 -0.00259339843726 
4801.49619792 -0.00324807860992 
4804.49619792 -0.0080247539012 
4807.49619792 -0.00960306877003 
4810.49619792 -0.00343233123936 
4813.49619792 0.000822661102893 
4816.49619792 0.00855671220437 
4819.49619792 0.0171429408301 
4822.49619792 0.0270760365843 
4825.49619792 0.0291552689107 
4828.49619792 0.0185405233688 
4831.49619792 -0.00180598614267 
4834.49619792 -0.028442481071 
4837.49619792 -0.0540071968289 
4840.49619792 -0.0666135746245 
4843.49619792 -0.0645669304401 
4846.49619792 -0.0426778130959 
4849.49619792 -0.00602777129581 
4852.49619792 0.0351135056474 
4855.49619792 0.0752091407776 
4858.49619792 0.105433956257 
4861.49619792 0.111633424839 
4864.49619792 0.0862540141125 
4867.49619792 0.0302338453777 
4870.49619792 -0.0327533789991 
4873.49619792 -0.077583573913 
4876.49619792 -0.0978073429714 
4879.49619792 -0.0933163456979 
4882.49619792 -0.0622337082214 
4885.49619792 -0.0146436684423 
4888.49619792 0.0377859414218 
4891.49619792 0.0762493127324 
4894.49619792 0.08222133676 
4897.49619792 0.0655891706828 
4900.49619792 0.0417368053384 
4903.49619792 0.0312531191115 
4906.49619792 0.0329910610972 
4909.49619792 0.0342384861326 
4912.49619792 0.03514301292 
4915.49619792 0.0306481273926 
4918.49619792 0.0223797578036 
4921.49619792 0.0166565294185 
4924.49619792 0.0130069365615 
4927.49619792 0.0134899366021 
4930.49619792 0.0180436456926 
4933.49619792 0.026229591161 
4936.49619792 0.0350013798416 
4939.49619792 0.0401987722079 
4942.49619792 0.0428253242993 
4945.49619792 0.0344023051302 
4948.49619792 0.0237789025054 
4951.49619792 0.0104435788881 
4954.49619792 0.00613921837265 
4957.49619792 0.0011969727256 
4960.49619792 0.000279590398851 
4963.49619792 -0.00318239513765 
4966.49619792 -0.00596708365797 
4969.49619792 -0.0105711959548 
4972.49619792 -0.0118479555786 
4975.49619792 -0.00628293624129 
4978.49619792 0.00963064678248 
4981.49619792 0.0317489057894 
4984.49619792 0.0593677952211 
4987.49619792 0.0903380713093 
4990.49619792 0.108557633044 
4993.49619792 0.109340242487 
4996.49619792 0.0937233498164 
4999.49619792 0.0580000218664 
5002.49619792 0.0174651432751 
5005.49619792 -0.0260119747402 
5008.49619792 -0.0648490987369 
5011.49619792 -0.0949718635629 
5014.49619792 -0.114618140006 
5017.49619792 -0.129954236705 
5020.49619792 -0.144394534602 
5023.49619792 -0.149802199164 
5026.49619792 -0.138590670693 
5029.49619792 -0.114890756922 
5032.49619792 -0.0711867924571 
5035.49619792 -0.0121797242717 
5038.49619792 0.0548328926997 
5041.49619792 0.111014771626 
5044.49619792 0.154603323567 
5047.49619792 0.173026181512 
5050.49619792 0.174299790506 
5053.49619792 0.161148508237 
5056.49619792 0.136371484099 
5059.49619792 0.108787835971 
5062.49619792 0.0751773714562 
5065.49619792 0.0400842608439 
5068.49619792 0.000203794035675 
5071.49619792 -0.035310649268 
5074.49619792 -0.0606444645001 
5077.49619792 -0.0774762855524 
5080.49619792 -0.0830497910038 
5083.49619792 -0.0775533278722 
5086.49619792 -0.067088293828 
5089.49619792 -0.0418905972154 
5092.49619792 -0.00806413962579 
5095.49619792 0.0260871141028 
5098.49619792 0.0552885457359 
5101.49619792 0.0701570455971 
5104.49619792 0.0722172849469 
5107.49619792 0.0623660094905 
5110.49619792 0.0393813789028 
5113.49619792 0.00881385615672 
5116.49619792 -0.0165109737781 
5119.49619792 -0.0278053563646 
5122.49619792 -0.0233199444534 
5125.49619792 -0.00736054807833 
5128.49619792 0.00724040160523 
5131.49619792 0.0229490256181 
5134.49619792 0.0495266566712 
5137.49619792 0.0815923728123 
5140.49619792 0.112449079866 
5143.49619792 0.133593166597 
5146.49619792 0.135973839237 
5149.49619792 0.118618366449 
5152.49619792 0.067460033771 
5155.49619792 -0.0206906934564 
5158.49619792 -0.111294350803 
5161.49619792 -0.181442668414 
5164.49619792 -0.210817374363 
5167.49619792 -0.189267353927 
5170.49619792 -0.124266288506 
5173.49619792 -0.0285692312858 
5176.49619792 0.0719015770295 
5179.49619792 0.141567847222 
5182.49619792 0.163373211577 
5185.49619792 0.141524509202 
5188.49619792 0.089657645178 
5191.49619792 0.034249192554 
5194.49619792 0.00317490481681 
5197.49619792 0.00640046729185 
5200.49619792 0.0370688170355 
5203.49619792 0.0747658295167 
5206.49619792 0.0941147002823 
5209.49619792 0.0872597452868 
5212.49619792 0.0620303205225 
5215.49619792 0.029808127322 
5218.49619792 -0.00350275523646 
5221.49619792 -0.0379982240733 
5224.49619792 -0.0688332186602 
5227.49619792 -0.0822064058651 
5230.49619792 -0.0718942671122 
5233.49619792 -0.040976939893 
5236.49619792 0.00434051755979 
5239.49619792 0.0488724419454 
5242.49619792 0.0774093435438 
5245.49619792 0.0843851271722 
5248.49619792 0.075453474077 
5251.49619792 0.0562006203102 
5254.49619792 0.0459187321725 
5257.49619792 0.0493635101128 
5260.49619792 0.0719445856918 
5263.49619792 0.0987150627013 
5266.49619792 0.112640061748 
5269.49619792 0.11082241742 
5272.49619792 0.0946780762486 
5275.49619792 0.0721671127486 
5278.49619792 0.0428488185016 
5281.49619792 0.00979475854272 
5284.49619792 -0.0220302655344 
5287.49619792 -0.0579020470175 
5290.49619792 -0.10035448777 
5293.49619792 -0.14972322644 
5296.49619792 -0.192879733908 
5299.49619792 -0.207046042565 
5302.49619792 -0.191038019 
5305.49619792 -0.163978772811 
5308.49619792 -0.138175094119 
5311.49619792 -0.103485950212 
5314.49619792 -0.0548200889084 
5317.49619792 0.00402762290842 
5320.49619792 0.0687264472086 
5323.49619792 0.146153068323 
5326.49619792 0.236437692152 
5329.49619792 0.312041723993 
5332.49619792 0.330681043319 
5335.49619792 0.291803280208 
5338.49619792 0.220951883956 
5341.49619792 0.140883404753 
5344.49619792 0.0705720778163 
5347.49619792 0.00945490571232 
5350.49619792 -0.0412842537564 
5353.49619792 -0.0670390822571 
5356.49619792 -0.0714000929161 
5359.49619792 -0.0565284595797 
5362.49619792 -0.02914108822 
5365.49619792 -0.00578258372414 
5368.49619792 8.42951462588e-05 
5371.49619792 -0.00697202231458 
5374.49619792 -0.0263039940426 
5377.49619792 -0.0482213789925 
5380.49619792 -0.0666093981824 
5383.49619792 -0.0809016450954 
5386.49619792 -0.0863058513984 
5389.49619792 -0.0637846686524 
5392.49619792 -0.015371042952 
5395.49619792 0.0553385898505 
5398.49619792 0.145503025465 
5401.49619792 0.238156721213 
5404.49619792 0.30604548758 
5407.49619792 0.335400450349 
5410.49619792 0.308626537952 
5413.49619792 0.222105716433 
5416.49619792 0.103232500101 
5419.49619792 -0.030620783819 
5422.49619792 -0.145526016481 
5425.49619792 -0.234681097984 
5428.49619792 -0.289217234573 
5431.49619792 -0.325156465825 
5434.49619792 -0.348589224534 
5437.49619792 -0.340343418253 
5440.49619792 -0.277196345472 
5443.49619792 -0.161773007555 
5446.49619792 -0.00548127835655 
5449.49619792 0.148006082039 
5452.49619792 0.273778323293 
5455.49619792 0.343389430599 
5458.49619792 0.334897154766 
5461.49619792 0.270561886492 
5464.49619792 0.198860600282 
5467.49619792 0.135071691146 
5470.49619792 0.0761950601547 
5473.49619792 0.0182223452665 
5476.49619792 -0.0398863670191 
5479.49619792 -0.0855380539151 
5482.49619792 -0.096898552828 
5485.49619792 -0.0759365873344 
5488.49619792 -0.0403832995882 
5491.49619792 -0.00556551451786 
5494.49619792 0.0235333112415 
5497.49619792 0.0514376099441 
5500.49619792 0.0726040061034 
5503.49619792 0.0850899989845 
5506.49619792 0.0920423798989 
5509.49619792 0.0793067839909 
5512.49619792 0.0534388530465 
5515.49619792 0.0138045741061 
5518.49619792 -0.0197947528485 
5521.49619792 -0.0382963616575 
5524.49619792 -0.0195434115433 
5527.49619792 0.0269572206945 
5530.49619792 0.0875299652082 
5533.49619792 0.136293847105 
5536.49619792 0.155663124342 
5539.49619792 0.132167247837 
5542.49619792 0.0708276596055 
5545.49619792 -0.0124982671836 
5548.49619792 -0.107189845966 
5551.49619792 -0.190173948351 
5554.49619792 -0.252133740522 
5557.49619792 -0.268686943025 
5560.49619792 -0.220697400026 
5563.49619792 -0.114734476562 
5566.49619792 0.0107247694035 
5569.49619792 0.120266729927 
5572.49619792 0.18512765353 
5575.49619792 0.198341587005 
5578.49619792 0.174560623725 
5581.49619792 0.142216051165 
5584.49619792 0.115942415236 
5587.49619792 0.110417243068 
5590.49619792 0.120720832236 
5593.49619792 0.133698524554 
5596.49619792 0.146169362394 
5599.49619792 0.153723736497 
5602.49619792 0.143071238297 
5605.49619792 0.102788223638 
5608.49619792 0.0295883357662 
5611.49619792 -0.0542187681586 
5614.49619792 -0.111718326006 
5617.49619792 -0.121151019497 
5620.49619792 -0.0863693259994 
5623.49619792 -0.0169383729318 
5626.49619792 0.0553783186563 
5629.49619792 0.100217932293 
5632.49619792 0.114575021558 
5635.49619792 0.128689438036 
5638.49619792 0.160103766441 
5641.49619792 0.212926985389 
5644.49619792 0.252676174811 
5647.49619792 0.237045449105 
5650.49619792 0.151917665442 
5653.49619792 0.0196046172337 
5656.49619792 -0.125008386918 
5659.49619792 -0.222265509944 
5662.49619792 -0.223335246352 
5665.49619792 -0.13285455389 
5668.49619792 9.0887871909e-05 
5671.49619792 0.0812053040002 
5674.49619792 0.0590834723741 
5677.49619792 -0.0508846727958 
5680.49619792 -0.181610311624 
5683.49619792 -0.268853854328 
5686.49619792 -0.243347896948 
5689.49619792 -0.11167151143 
5692.49619792 0.0854130442657 
5695.49619792 0.268757132869 
5698.49619792 0.382166904206 
5701.49619792 0.402254849695 
5704.49619792 0.330695864428 
5707.49619792 0.201830604126 
5710.49619792 0.0717139024508 
5713.49619792 -0.0198240428362 
5716.49619792 -0.0633478073185 
5719.49619792 -0.0757317678433 
5722.49619792 -0.0617804521793 
5725.49619792 -0.0188673311074 
5728.49619792 0.0477219808129 
5731.49619792 0.11220884067 
5734.49619792 0.141214501007 
5737.49619792 0.115976595275 
5740.49619792 0.0627839967826 
5743.49619792 -0.0021028471789 
5746.49619792 -0.0659472422699 
5749.49619792 -0.0847616748268 
5752.49619792 -0.0762276528711 
5755.49619792 -0.0311849991907 
5758.49619792 0.0309186515127 
5761.49619792 0.0908255577087 
5764.49619792 0.146017308795 
5767.49619792 0.198650305214 
5770.49619792 0.224395577759 
5773.49619792 0.202112205195 
5776.49619792 0.113562117699 
5779.49619792 -0.0231440032526 
5782.49619792 -0.173551415995 
5785.49619792 -0.290832625658 
5788.49619792 -0.345463690535 
5791.49619792 -0.318924463994 
5794.49619792 -0.206172365641 
5797.49619792 -0.0708934305635 
5800.49619792 0.0730586390448 
5803.49619792 0.188168048493 
5806.49619792 0.262646151797 
5809.49619792 0.273309701786 
5812.49619792 0.257820087676 
5815.49619792 0.212528700108 
5818.49619792 0.157998693236 
5821.49619792 0.116919254397 
5824.49619792 0.090668527145 
5827.49619792 0.0697063192073 
5830.49619792 0.039504188258 
5833.49619792 -0.0236041232063 
5836.49619792 -0.0990101765964 
5839.49619792 -0.131536655397 
5842.49619792 -0.102099362283 
5845.49619792 -0.0116567106679 
5848.49619792 0.0580028442813 
5851.49619792 0.14100929269 
5854.49619792 0.189028624288 
5857.49619792 0.230121008726 
5860.49619792 0.215541172833 
5863.49619792 0.203320948966 
5866.49619792 0.172567971377 
5869.49619792 0.127194226017 
5872.49619792 0.0887448844412 
5875.49619792 0.0475791538118 
5878.49619792 0.0254456802962 
5881.49619792 0.0178072181282 
5884.49619792 0.00451896068049 
5887.49619792 -0.0282852012015 
5890.49619792 -0.0833354541547 
5893.49619792 -0.124560679643 
5896.49619792 -0.161074530776 
5899.49619792 -0.175054130057 
5902.49619792 -0.18309606375 
5905.49619792 -0.219042339603 
5908.49619792 -0.222253177318 
5911.49619792 -0.195739732188 
5914.49619792 -0.067920727814 
5917.49619792 0.0915081887088 
5920.49619792 0.289615812616 
5923.49619792 0.409610035414 
5926.49619792 0.404535031557 
5929.49619792 0.309691828027 
5932.49619792 0.168464445464 
5935.49619792 0.0874015704907 
5938.49619792 0.0602227078889 
5941.49619792 0.0335558322605 
5944.49619792 0.0377764517952 
5947.49619792 0.0693994673599 
5950.49619792 0.0373707948423 
5953.49619792 -0.00358450634609 
5956.49619792 -0.0608396502705 
5959.49619792 -0.173009036599 
5962.49619792 -0.225224571784 
5965.49619792 -0.205917351079 
5968.49619792 -0.187924890818 
5971.49619792 -0.157587142148 
5974.49619792 -0.0909192692017 
5977.49619792 -0.0106212286334 
5980.49619792 0.0560511787031 
5983.49619792 0.110447223792 
5986.49619792 0.00729257339527 
5989.49619792 -0.191087184827 
5992.49619792 -0.423347483391 
5995.49619792 -0.7510417988 
5998.49619792 -1.04287814289 
