1.49619792281 nan 
4.49619792281 nan 
7.49619792281 nan 
10.4961979228 nan 
13.4961979228 nan 
16.4961979228 nan 
19.4961979228 nan 
22.4961979228 nan 
25.4961979228 nan 
28.4961979228 nan 
31.4961979228 nan 
34.4961979228 nan 
37.4961979228 nan 
40.4961979228 nan 
43.4961979228 nan 
46.4961979228 nan 
49.4961979228 nan 
52.4961979228 nan 
55.4961979228 nan 
58.4961979228 nan 
61.4961979228 nan 
64.4961979228 nan 
67.4961979228 nan 
70.4961979228 nan 
73.4961979228 nan 
76.4961979228 nan 
79.4961979228 nan 
82.4961979228 nan 
85.4961979228 nan 
88.4961979228 nan 
91.4961979228 nan 
94.4961979228 nan 
97.4961979228 nan 
100.496197923 nan 
103.496197923 nan 
106.496197923 nan 
109.496197923 nan 
112.496197923 nan 
115.496197923 nan 
118.496197923 nan 
121.496197923 nan 
124.496197923 nan 
127.496197923 nan 
130.496197923 nan 
133.496197923 nan 
136.496197923 nan 
139.496197923 nan 
142.496197923 nan 
145.496197923 nan 
148.496197923 nan 
151.496197923 nan 
154.496197923 nan 
157.496197923 nan 
160.496197923 nan 
163.496197923 nan 
166.496197923 nan 
169.496197923 nan 
172.496197923 nan 
175.496197923 nan 
178.496197923 nan 
181.496197923 nan 
184.496197923 nan 
187.496197923 nan 
190.496197923 nan 
193.496197923 nan 
196.496197923 nan 
199.496197923 nan 
202.496197923 nan 
205.496197923 nan 
208.496197923 nan 
211.496197923 nan 
214.496197923 nan 
217.496197923 nan 
220.496197923 nan 
223.496197923 nan 
226.496197923 nan 
229.496197923 nan 
232.496197923 nan 
235.496197923 nan 
238.496197923 nan 
241.496197923 nan 
244.496197923 nan 
247.496197923 nan 
250.496197923 nan 
253.496197923 nan 
256.496197923 nan 
259.496197923 nan 
262.496197923 nan 
265.496197923 nan 
268.496197923 nan 
271.496197923 nan 
274.496197923 nan 
277.496197923 nan 
280.496197923 nan 
283.496197923 nan 
286.496197923 nan 
289.496197923 nan 
292.496197923 nan 
295.496197923 nan 
298.496197923 nan 
301.496197923 nan 
304.496197923 nan 
307.496197923 nan 
310.496197923 nan 
313.496197923 nan 
316.496197923 nan 
319.496197923 -1.18316005777 
322.496197923 -1.32920263097 
325.496197923 -1.27717365375 
328.496197923 -1.12316395796 
331.496197923 -0.892356903985 
334.496197923 -0.681071569664 
337.496197923 -0.550891252436 
340.496197923 -0.492219059777 
343.496197923 -0.480827114479 
346.496197923 -0.503934042951 
349.496197923 -0.54425198361 
352.496197923 -0.586795706392 
355.496197923 -0.635745043681 
358.496197923 -0.66369067025 
361.496197923 -0.689594945936 
364.496197923 -0.691262172184 
367.496197923 -0.686731675608 
370.496197923 -0.670969181333 
373.496197923 -0.659907253575 
376.496197923 -0.617246374749 
379.496197923 -0.557184607627 
382.496197923 -0.530866521884 
385.496197923 -0.504733561693 
388.496197923 -0.475369126464 
391.496197923 -0.408090642042 
394.496197923 -0.351415912428 
397.496197923 -0.292131208531 
400.496197923 -0.24571938126 
403.496197923 -0.202430771142 
406.496197923 -0.157997240245 
409.496197923 -0.133416022089 
412.496197923 -0.142931131947 
415.496197923 -0.150918745883 
418.496197923 -0.19359986939 
421.496197923 -0.245450993061 
424.496197923 -0.287024231863 
427.496197923 -0.307453746414 
430.496197923 -0.308947760045 
433.496197923 -0.294505500373 
436.496197923 -0.251610254645 
439.496197923 -0.175756009925 
442.496197923 -0.0710800171629 
445.496197923 -0.0178611761583 
448.496197923 -0.0103919176503 
451.496197923 -0.0438915334541 
454.496197923 -0.0774208413811 
457.496197923 -0.123774483464 
460.496197923 -0.138950822956 
463.496197923 -0.142079083008 
466.496197923 -0.135515485073 
469.496197923 -0.104028857272 
472.496197923 -0.0453191169412 
475.496197923 -0.00192878609223 
478.496197923 0.0238729535032 
481.496197923 -0.00793100237013 
484.496197923 -0.0771134255295 
487.496197923 -0.13157686222 
490.496197923 -0.151001168046 
493.496197923 -0.120497869 
496.496197923 -0.0619697735243 
499.496197923 -0.010866585083 
502.496197923 0.0203862570748 
505.496197923 -0.000370655821559 
508.496197923 -0.0479342026413 
511.496197923 -0.0908199518231 
514.496197923 -0.115182361151 
517.496197923 -0.109274605017 
520.496197923 -0.0676091094848 
523.496197923 -0.0244657796214 
526.496197923 0.0195830497994 
529.496197923 0.0392621887496 
532.496197923 0.0146780460316 
535.496197923 -0.0290909082066 
538.496197923 -0.0767323120947 
541.496197923 -0.119319155317 
544.496197923 -0.118151980006 
547.496197923 -0.0714965450865 
550.496197923 0.00164074460509 
553.496197923 0.0749730438048 
556.496197923 0.122220932564 
559.496197923 0.115464370659 
562.496197923 0.0635304822354 
565.496197923 -0.0115488746954 
568.496197923 -0.0901881186073 
571.496197923 -0.138926951407 
574.496197923 -0.145653776652 
577.496197923 -0.115885069023 
580.496197923 -0.0611173591574 
583.496197923 0.0113089544379 
586.496197923 0.0469343611331 
589.496197923 0.0637617430042 
592.496197923 0.0611256269537 
595.496197923 0.0469753529585 
598.496197923 0.0306098919534 
601.496197923 0.0143705399651 
604.496197923 -0.00696488981652 
607.496197923 0.00321818718178 
610.496197923 0.00520916446003 
613.496197923 0.00933002884309 
616.496197923 0.018057321632 
619.496197923 0.0245160076259 
622.496197923 0.0152626751552 
625.496197923 0.0168111546079 
628.496197923 0.0218681819092 
631.496197923 0.0416130749633 
634.496197923 0.0586178810024 
637.496197923 0.0733794283508 
640.496197923 0.0696466096757 
643.496197923 0.0489178968236 
646.496197923 0.0368414373733 
649.496197923 0.0203567693626 
652.496197923 0.0086569428638 
655.496197923 0.0129939918489 
658.496197923 0.0180752264356 
661.496197923 0.0180389474824 
664.496197923 0.00191409919143 
667.496197923 -0.0123180035762 
670.496197923 -0.0314034587956 
673.496197923 -0.0483684309576 
676.496197923 -0.0691044523588 
679.496197923 -0.0905363527063 
682.496197923 -0.0960292299082 
685.496197923 -0.100227671686 
688.496197923 -0.0850220523194 
691.496197923 -0.0722367869265 
694.496197923 -0.0562869471281 
697.496197923 -0.0426162509971 
700.496197923 -0.0275900519457 
703.496197923 -0.0258915268355 
706.496197923 -0.0126227106967 
709.496197923 0.00325850153897 
712.496197923 0.0207609595416 
715.496197923 0.0370300390538 
718.496197923 0.0478591986549 
721.496197923 0.0515199870097 
724.496197923 0.0596148813121 
727.496197923 0.0593826841356 
730.496197923 0.0572223546393 
733.496197923 0.0527222890349 
736.496197923 0.0395551473773 
739.496197923 0.0254119626749 
742.496197923 0.0117394451164 
745.496197923 -0.00256937729101 
748.496197923 -0.0120389597411 
751.496197923 -0.0174003195998 
754.496197923 -0.0240906706166 
757.496197923 -0.0259456991727 
760.496197923 -0.0302613540929 
763.496197923 -0.0317841314335 
766.496197923 -0.0312796633914 
769.496197923 -0.0316052227165 
772.496197923 -0.0267213326622 
775.496197923 -0.017381719342 
778.496197923 0.00270385145627 
781.496197923 0.0172971240268 
784.496197923 0.0260583490393 
787.496197923 0.0313556997104 
790.496197923 0.0406747211932 
793.496197923 0.0382736138268 
796.496197923 0.0451826800308 
799.496197923 0.0523438386527 
802.496197923 0.0535244662616 
805.496197923 0.040909124638 
808.496197923 0.0254101378215 
811.496197923 -0.00105746863377 
814.496197923 -6.43727906417e-05 
817.496197923 0.00793204269643 
820.496197923 0.0196107035225 
823.496197923 0.0161066081791 
826.496197923 0.0114073138068 
829.496197923 -0.00307959796072 
832.496197923 -0.0183225957036 
835.496197923 -0.0132312205048 
838.496197923 -0.0157538827483 
841.496197923 -0.0149954015102 
844.496197923 -0.0216149498144 
847.496197923 -0.0264882767311 
850.496197923 -0.0309198635133 
853.496197923 -0.0327556728689 
856.496197923 -0.0425296218496 
859.496197923 -0.0470085520433 
862.496197923 -0.0398948030666 
865.496197923 -0.0403930497062 
868.496197923 -0.0396749527704 
871.496197923 -0.0467711977717 
874.496197923 -0.0397031911775 
877.496197923 -0.0400982045593 
880.496197923 -0.0308590381124 
883.496197923 -0.0151590570566 
886.496197923 -0.000675766875043 
889.496197923 0.008653469019 
892.496197923 0.0160023357371 
895.496197923 0.0225078923707 
898.496197923 0.0274133883236 
901.496197923 0.0269362816627 
904.496197923 0.0251281922639 
907.496197923 0.0243062408437 
910.496197923 0.0307712601524 
913.496197923 0.0296262206103 
916.496197923 0.0307432661249 
919.496197923 0.0289637074752 
922.496197923 0.0195494190534 
925.496197923 0.0129354332402 
928.496197923 0.00898051860289 
931.496197923 0.0010401120427 
934.496197923 -0.012945378577 
937.496197923 -0.0280107594459 
940.496197923 -0.0398842924593 
943.496197923 -0.0508545938494 
946.496197923 -0.0544792596996 
949.496197923 -0.0554197512204 
952.496197923 -0.0609979191917 
955.496197923 -0.0560427410916 
958.496197923 -0.0542675401644 
961.496197923 -0.0508308319288 
964.496197923 -0.0432896150439 
967.496197923 -0.0259844390514 
970.496197923 -0.0200242006821 
973.496197923 -0.0086030891337 
976.496197923 0.0110421901074 
979.496197923 0.0192924344753 
982.496197923 0.0220034768588 
985.496197923 0.0261399421396 
988.496197923 0.0328664750429 
991.496197923 0.0334507684299 
994.496197923 0.0362099513136 
997.496197923 0.0411850223711 
1000.49619792 0.0481022764342 
1003.49619792 0.0533025969787 
1006.49619792 0.0538688359652 
1009.49619792 0.0510195158304 
1012.49619792 0.0485539539117 
1015.49619792 0.0401961802294 
1018.49619792 0.0289412108472 
1021.49619792 0.0292591898363 
1024.49619792 0.0223580145815 
1027.49619792 0.0146568021346 
1030.49619792 0.0115075528433 
1033.49619792 0.00523194829124 
1036.49619792 0.00456173034655 
1039.49619792 0.00517442030221 
1042.49619792 0.00773817315071 
1045.49619792 0.00258134618232 
1048.49619792 -0.00673561206276 
1051.49619792 -0.0177545295797 
1054.49619792 -0.0168212723807 
1057.49619792 -0.0179120196797 
1060.49619792 -0.016617698452 
1063.49619792 -0.0168928196517 
1066.49619792 -0.0111196435997 
1069.49619792 -0.0122372783661 
1072.49619792 -0.0201073011707 
1075.49619792 -0.0274658659909 
1078.49619792 -0.0323712797226 
1081.49619792 -0.0276609448732 
1084.49619792 -0.0274132261652 
1087.49619792 -0.0139778630351 
1090.49619792 -0.00657131758923 
1093.49619792 0.000489798092285 
1096.49619792 0.00389390937761 
1099.49619792 0.0165734177794 
1102.49619792 0.0197308971823 
1105.49619792 0.0194052396486 
1108.49619792 0.017545331494 
1111.49619792 0.0150329583175 
1114.49619792 0.00920242956742 
1117.49619792 0.00371056043139 
1120.49619792 -0.0109495154194 
1123.49619792 -0.0170934496055 
1126.49619792 -0.0291422873076 
1129.49619792 -0.0442001323771 
1132.49619792 -0.0632144377279 
1135.49619792 -0.0851526286869 
1138.49619792 -0.102254524235 
1141.49619792 -0.116970132783 
1144.49619792 -0.120419028025 
1147.49619792 -0.120970229671 
1150.49619792 -0.117088896708 
1153.49619792 -0.105856423954 
1156.49619792 -0.0888143306103 
1159.49619792 -0.0752258099796 
1162.49619792 -0.0618402751678 
1165.49619792 -0.0451430768297 
1168.49619792 -0.0221290560058 
1171.49619792 -0.00485397410674 
1174.49619792 0.01222078731 
1177.49619792 0.0223906883644 
1180.49619792 0.0331275752477 
1183.49619792 0.0316648399228 
1186.49619792 0.0422950448267 
1189.49619792 0.0489545217909 
1192.49619792 0.0527104309138 
1195.49619792 0.0546880695187 
1198.49619792 0.0582409151693 
1201.49619792 0.0585107148316 
1204.49619792 0.0593513670022 
1207.49619792 0.0688382886998 
1210.49619792 0.0698582287184 
1213.49619792 0.0647321401947 
1216.49619792 0.0562445118642 
1219.49619792 0.049339504189 
1222.49619792 0.0348576504513 
1225.49619792 0.0234353289955 
1228.49619792 0.0138404977106 
1231.49619792 0.00234554754682 
1234.49619792 -0.011765277412 
1237.49619792 -0.0260229596736 
1240.49619792 -0.0393255401679 
1243.49619792 -0.0491244775352 
1246.49619792 -0.0501403795804 
1249.49619792 -0.0503944019121 
1252.49619792 -0.0421807482526 
1255.49619792 -0.0329625482063 
1258.49619792 -0.0215685336751 
1261.49619792 -0.0181157374955 
1264.49619792 -0.0145628438826 
1267.49619792 -0.0101152593713 
1270.49619792 0.000359554784784 
1273.49619792 0.0114323375942 
1276.49619792 0.0219206276017 
1279.49619792 0.0344941300649 
1282.49619792 0.0457375679268 
1285.49619792 0.0517619091246 
1288.49619792 0.0559127539759 
1291.49619792 0.0566043391494 
1294.49619792 0.055259620907 
1297.49619792 0.0500302306079 
1300.49619792 0.0472371588951 
1303.49619792 0.0454175174208 
1306.49619792 0.0425827824095 
1309.49619792 0.0460174442514 
1312.49619792 0.0445415010077 
1315.49619792 0.0390580107236 
1318.49619792 0.0375821291458 
1321.49619792 0.0326284767054 
1324.49619792 0.0320164450901 
1327.49619792 0.0276204737818 
1330.49619792 0.0258374047446 
1333.49619792 0.0238096865901 
1336.49619792 0.0203628217549 
1339.49619792 0.014473829179 
1342.49619792 0.0095786588358 
1345.49619792 0.00554512704808 
1348.49619792 -0.00227555120136 
1351.49619792 -0.00770094522812 
1354.49619792 -0.0105118977634 
1357.49619792 -0.0158481573234 
1360.49619792 -0.0156553429495 
1363.49619792 -0.0189691876209 
1366.49619792 -0.0174187942419 
1369.49619792 -0.0177165433951 
1372.49619792 -0.0181330987258 
1375.49619792 -0.0144420735326 
1378.49619792 -0.00894673826 
1381.49619792 -0.013124026927 
1384.49619792 -0.0166398958863 
1387.49619792 -0.0244166935777 
1390.49619792 -0.0224673116512 
1393.49619792 -0.0251962028823 
1396.49619792 -0.0222309623051 
1399.49619792 -0.0154013994131 
1402.49619792 -0.00862234830285 
1405.49619792 -0.00669667462483 
1408.49619792 -0.00371185227456 
1411.49619792 0.0013014403542 
1414.49619792 0.00412367760353 
1417.49619792 0.0117724032475 
1420.49619792 0.0175698642382 
1423.49619792 0.0189281740982 
1426.49619792 0.0187825352676 
1429.49619792 0.0163953780945 
1432.49619792 0.0189536797931 
1435.49619792 0.0164926194839 
1438.49619792 0.0182528024844 
1441.49619792 0.0217669676382 
1444.49619792 0.0216417630544 
1447.49619792 0.0279762859328 
1450.49619792 0.027020496705 
1453.49619792 0.0252213694147 
1456.49619792 0.0279737713351 
1459.49619792 0.0354828374552 
1462.49619792 0.0468632124064 
1465.49619792 0.0600373245928 
1468.49619792 0.071113791796 
1471.49619792 0.0759239043298 
1474.49619792 0.0791746008521 
1477.49619792 0.0785850841363 
1480.49619792 0.0711725570996 
1483.49619792 0.0570809844582 
1486.49619792 0.0391036023672 
1489.49619792 0.0129286808259 
1492.49619792 -0.0179511455412 
1495.49619792 -0.0443111583755 
1498.49619792 -0.0660058604494 
1501.49619792 -0.081730820756 
1504.49619792 -0.089181283731 
1507.49619792 -0.0922129521688 
1510.49619792 -0.082697184541 
1513.49619792 -0.0610349918076 
1516.49619792 -0.0384846778765 
1519.49619792 -0.0143381471046 
1522.49619792 0.00596198043052 
1525.49619792 0.0235994036415 
1528.49619792 0.0285084214015 
1531.49619792 0.0232492533323 
1534.49619792 0.0064086549777 
1537.49619792 -0.012525043356 
1540.49619792 -0.0397632263415 
1543.49619792 -0.0653561532629 
1546.49619792 -0.0813805950774 
1549.49619792 -0.0902048186423 
1552.49619792 -0.0846756727648 
1555.49619792 -0.0650761536066 
1558.49619792 -0.0273498541917 
1561.49619792 0.00959070195457 
1564.49619792 0.0457920577291 
1567.49619792 0.0720359114512 
1570.49619792 0.0943048690765 
1573.49619792 0.0981110518823 
1576.49619792 0.0891204583301 
1579.49619792 0.0603900762887 
1582.49619792 0.029814290137 
1585.49619792 -9.54551752705e-05 
1588.49619792 -0.0251366838846 
1591.49619792 -0.0439163231395 
1594.49619792 -0.0589283299019 
1597.49619792 -0.058311479212 
1600.49619792 -0.0447481045585 
1603.49619792 -0.0195098752342 
1606.49619792 0.00560820553766 
1609.49619792 0.0240374369712 
1612.49619792 0.0271285673087 
1615.49619792 0.0182295944147 
1618.49619792 0.00106225294998 
1621.49619792 -0.0142646128218 
1624.49619792 -0.020534271184 
1627.49619792 -0.00805198626679 
1630.49619792 0.00184351559263 
1633.49619792 0.0114478659774 
1636.49619792 0.0125528284046 
1639.49619792 0.0143107012184 
1642.49619792 0.0184041602548 
1645.49619792 0.0176062745168 
1648.49619792 0.0162349954078 
1651.49619792 0.0139845652032 
1654.49619792 0.0108876702475 
1657.49619792 0.00104618013699 
1660.49619792 -0.0152688748604 
1663.49619792 -0.0292950588255 
1666.49619792 -0.0367190648523 
1669.49619792 -0.0449341619502 
1672.49619792 -0.0484028131138 
1675.49619792 -0.0535310439559 
1678.49619792 -0.0526253000189 
1681.49619792 -0.0459838020858 
1684.49619792 -0.0328681400218 
1687.49619792 -0.016333812703 
1690.49619792 -0.00438598514642 
1693.49619792 0.0133580649444 
1696.49619792 0.0232952400943 
1699.49619792 0.0253078318359 
1702.49619792 0.0190430599242 
1705.49619792 0.0110642093958 
1708.49619792 0.0024387718035 
1711.49619792 -0.00733078548147 
1714.49619792 -0.0198451709172 
1717.49619792 -0.032641369443 
1720.49619792 -0.0358922304076 
1723.49619792 -0.0396008669205 
1726.49619792 -0.0437653741911 
1729.49619792 -0.0499083240069 
1732.49619792 -0.0548479440329 
1735.49619792 -0.0565612415482 
1738.49619792 -0.05702561763 
1741.49619792 -0.0545430313594 
1744.49619792 -0.0445270437838 
1747.49619792 -0.033693531028 
1750.49619792 -0.0262015829005 
1753.49619792 -0.013971456635 
1756.49619792 -0.00253083268759 
1759.49619792 0.013471443382 
1762.49619792 0.0314637223518 
1765.49619792 0.0516351194991 
1768.49619792 0.0689665446029 
1771.49619792 0.081927247152 
1774.49619792 0.0898972931624 
1777.49619792 0.0932874276682 
1780.49619792 0.085682745169 
1783.49619792 0.0755368070203 
1786.49619792 0.0644877286053 
1789.49619792 0.0429242286934 
1792.49619792 0.0201954399903 
1795.49619792 -0.010682107023 
1798.49619792 -0.0355044936001 
1801.49619792 -0.0517390105263 
1804.49619792 -0.0657034189791 
1807.49619792 -0.0722147059722 
1810.49619792 -0.0753348992124 
1813.49619792 -0.0796489622392 
1816.49619792 -0.0844959281324 
1819.49619792 -0.08590432211 
1822.49619792 -0.0873899400457 
1825.49619792 -0.0820271824269 
1828.49619792 -0.0720327368001 
1831.49619792 -0.0626717094307 
1834.49619792 -0.0571464233808 
1837.49619792 -0.0534165875073 
1840.49619792 -0.0488717570388 
1843.49619792 -0.0473809180583 
1846.49619792 -0.0436225879785 
1849.49619792 -0.0364276844145 
1852.49619792 -0.0275184898292 
1855.49619792 -0.0163448817292 
1858.49619792 -0.00578443864054 
1861.49619792 -0.000688607367945 
1864.49619792 0.00695803519672 
1867.49619792 0.0163222286525 
1870.49619792 0.0177636789698 
1873.49619792 0.0236576527788 
1876.49619792 0.0284943638639 
1879.49619792 0.0314257224637 
1882.49619792 0.0325927150605 
1885.49619792 0.0358059781072 
1888.49619792 0.0370158901593 
1891.49619792 0.0411844925013 
1894.49619792 0.0473586543902 
1897.49619792 0.0552668655064 
1900.49619792 0.0591677899493 
1903.49619792 0.0580306893188 
1906.49619792 0.0599298021302 
1909.49619792 0.059954610087 
1912.49619792 0.0612638270516 
1915.49619792 0.0596307591353 
1918.49619792 0.0522406008271 
1921.49619792 0.0402580014202 
1924.49619792 0.0284803200298 
1927.49619792 0.0146931655928 
1930.49619792 -0.00151249369804 
1933.49619792 -0.0160689109106 
1936.49619792 -0.0330345488357 
1939.49619792 -0.0458836247152 
1942.49619792 -0.0571179657172 
1945.49619792 -0.0597594809585 
1948.49619792 -0.0646525089831 
1951.49619792 -0.0656702016229 
1954.49619792 -0.065507490478 
1957.49619792 -0.065127578386 
1960.49619792 -0.0582010607368 
1963.49619792 -0.0452356487413 
1966.49619792 -0.0285227644294 
1969.49619792 -0.00952996277172 
1972.49619792 0.0041185958779 
1975.49619792 0.0189529569319 
1978.49619792 0.0410781942207 
1981.49619792 0.0603712796137 
1984.49619792 0.0675828215468 
1987.49619792 0.0764888871594 
1990.49619792 0.0715470060511 
1993.49619792 0.058181734192 
1996.49619792 0.0437473905921 
1999.49619792 0.02596880104 
2002.49619792 -0.000310754124227 
2005.49619792 -0.0235023072812 
2008.49619792 -0.0501156173021 
2011.49619792 -0.07246551711 
2014.49619792 -0.0930835374163 
2017.49619792 -0.106256219868 
2020.49619792 -0.117714910492 
2023.49619792 -0.125068946295 
2026.49619792 -0.122279446636 
2029.49619792 -0.113648068278 
2032.49619792 -0.100611726812 
2035.49619792 -0.0901235841177 
2038.49619792 -0.0794848579022 
2041.49619792 -0.0638933608399 
2044.49619792 -0.0463664320445 
2047.49619792 -0.0282748470202 
2050.49619792 -0.0125624300111 
2053.49619792 0.00136677764227 
2056.49619792 0.0101153872709 
2059.49619792 0.0224149093533 
2062.49619792 0.0316984409778 
2065.49619792 0.0366702368917 
2068.49619792 0.0391483946383 
2071.49619792 0.0400979853028 
2074.49619792 0.0401016898237 
2077.49619792 0.04572313811 
2080.49619792 0.0491195808072 
2083.49619792 0.0532633820442 
2086.49619792 0.0557707899751 
2089.49619792 0.0548789825279 
2092.49619792 0.0523386313114 
2095.49619792 0.042164737962 
2098.49619792 0.029507004469 
2101.49619792 0.0146304079942 
2104.49619792 0.00229558062309 
2107.49619792 -0.0121094267171 
2110.49619792 -0.0197789737326 
2113.49619792 -0.0218624561177 
2116.49619792 -0.0233491178056 
2119.49619792 -0.025046210897 
2122.49619792 -0.0208554408116 
2125.49619792 -0.0150892855347 
2128.49619792 -0.00734141085588 
2131.49619792 0.00419766210439 
2134.49619792 0.0192941017381 
2137.49619792 0.0325619803271 
2140.49619792 0.0403706809778 
2143.49619792 0.043817045634 
2146.49619792 0.0485763637507 
2149.49619792 0.0418685224621 
2152.49619792 0.0263922492461 
2155.49619792 0.00839519630916 
2158.49619792 -0.0143990147581 
2161.49619792 -0.0336740765835 
2164.49619792 -0.0478549871035 
2167.49619792 -0.0521603027104 
2170.49619792 -0.0523767590991 
2173.49619792 -0.0499523899909 
2176.49619792 -0.0431293111524 
2179.49619792 -0.0350821005657 
2182.49619792 -0.0254161879299 
2185.49619792 -0.0176041915803 
2188.49619792 -0.00518210398556 
2191.49619792 0.00109096641273 
2194.49619792 0.0015636501167 
2197.49619792 -0.00778282553155 
2200.49619792 -0.0231390175708 
2203.49619792 -0.0443124053967 
2206.49619792 -0.0576994613003 
2209.49619792 -0.0709555754089 
2212.49619792 -0.0785845542664 
2215.49619792 -0.077292905227 
2218.49619792 -0.0690384059131 
2221.49619792 -0.0527892901598 
2224.49619792 -0.0315248606499 
2227.49619792 -0.00543518990938 
2230.49619792 0.0197122718014 
2233.49619792 0.0429756032266 
2236.49619792 0.0613004154761 
2239.49619792 0.0733538529964 
2242.49619792 0.0822294465266 
2245.49619792 0.0890780139305 
2248.49619792 0.0949360902013 
2251.49619792 0.0979984454102 
2254.49619792 0.0989885802515 
2257.49619792 0.0968597551703 
2260.49619792 0.098610518136 
2263.49619792 0.106118700378 
2266.49619792 0.119190954228 
2269.49619792 0.128622308112 
2272.49619792 0.133622671318 
2275.49619792 0.133193705157 
2278.49619792 0.131525848547 
2281.49619792 0.122605837308 
2284.49619792 0.10609656461 
2287.49619792 0.0862185257766 
2290.49619792 0.056754059348 
2293.49619792 0.0302185830925 
2296.49619792 0.00651660167871 
2299.49619792 -0.0135168557378 
2302.49619792 -0.0295873619677 
2305.49619792 -0.0406207110144 
2308.49619792 -0.0472946132277 
2311.49619792 -0.0598548666615 
2314.49619792 -0.0616694195584 
2317.49619792 -0.0580538345806 
2320.49619792 -0.0476257498893 
2323.49619792 -0.0415830779366 
2326.49619792 -0.0387967849031 
2329.49619792 -0.0408505922945 
2332.49619792 -0.0422342514007 
2335.49619792 -0.0401121821597 
2338.49619792 -0.0364198939578 
2341.49619792 -0.0379589807828 
2344.49619792 -0.0392870241135 
2347.49619792 -0.0403305067963 
2350.49619792 -0.0326243176841 
2353.49619792 -0.0292410897574 
2356.49619792 -0.0273888315982 
2359.49619792 -0.0324616727729 
2362.49619792 -0.03629999264 
2365.49619792 -0.0405594790755 
2368.49619792 -0.0481117318697 
2371.49619792 -0.0501959291223 
2374.49619792 -0.0496352537688 
2377.49619792 -0.0489218754151 
2380.49619792 -0.0447170203851 
2383.49619792 -0.0379082160567 
2386.49619792 -0.0292201964423 
2389.49619792 -0.0187715964249 
2392.49619792 -0.00513585628546 
2395.49619792 0.0034615393171 
2398.49619792 0.0129098064975 
2401.49619792 0.0188385804205 
2404.49619792 0.0206190754781 
2407.49619792 0.0237851390004 
2410.49619792 0.0220125394599 
2413.49619792 0.0174466272528 
2416.49619792 0.0116019553181 
2419.49619792 0.0112902765268 
2422.49619792 0.00499493832081 
2425.49619792 7.27845676866e-05 
2428.49619792 -0.00598115052674 
2431.49619792 -0.00709220931178 
2434.49619792 -0.0108156330753 
2437.49619792 -0.014086922577 
2440.49619792 -0.0169026839092 
2443.49619792 -0.0201487223734 
2446.49619792 -0.0307403358535 
2449.49619792 -0.0410081372086 
2452.49619792 -0.0436311435489 
2455.49619792 -0.0395182346359 
2458.49619792 -0.0327091242621 
2461.49619792 -0.0213063737307 
2464.49619792 -0.00809120291414 
2467.49619792 0.0071213230318 
2470.49619792 0.0192817708452 
2473.49619792 0.0243128733521 
2476.49619792 0.0336595005957 
2479.49619792 0.0319876699615 
2482.49619792 0.0341570300838 
2485.49619792 0.0273190303853 
2488.49619792 0.0185242751193 
2491.49619792 0.0134577535557 
2494.49619792 0.0108518994669 
2497.49619792 -0.00136877964232 
2500.49619792 -0.00606764949068 
2503.49619792 -0.0119164387652 
2506.49619792 -0.0185398503229 
2509.49619792 -0.0266114897353 
2512.49619792 -0.0285267498726 
2515.49619792 -0.0312645780891 
2518.49619792 -0.0312618510866 
2521.49619792 -0.0329703295273 
2524.49619792 -0.0336233209931 
2527.49619792 -0.0384433800056 
2530.49619792 -0.0447603829211 
2533.49619792 -0.0514415571408 
2536.49619792 -0.0563147972685 
2539.49619792 -0.0543784793737 
2542.49619792 -0.0482391244505 
2545.49619792 -0.0348432526094 
2548.49619792 -0.0194326969545 
2551.49619792 -0.0037643996015 
2554.49619792 0.0110639250476 
2557.49619792 0.0286680149934 
2560.49619792 0.0389793159199 
2563.49619792 0.0425829057413 
2566.49619792 0.0403839962409 
2569.49619792 0.0337314190039 
2572.49619792 0.019437431524 
2575.49619792 0.0075763989847 
2578.49619792 -0.00829773166648 
2581.49619792 -0.0291977272213 
2584.49619792 -0.0509784600552 
2587.49619792 -0.0665060255831 
2590.49619792 -0.0742025993852 
2593.49619792 -0.0707043348938 
2596.49619792 -0.0627891349774 
2599.49619792 -0.0533840827346 
2602.49619792 -0.0479197454174 
2605.49619792 -0.0433240794213 
2608.49619792 -0.0432719648975 
2611.49619792 -0.0446758093031 
2614.49619792 -0.0504600874982 
2617.49619792 -0.051292864707 
2620.49619792 -0.0474697991525 
2623.49619792 -0.0511621330328 
2626.49619792 -0.0501623920171 
2629.49619792 -0.0476919242347 
2632.49619792 -0.0479319004483 
2635.49619792 -0.0442927362636 
2638.49619792 -0.0317500073604 
2641.49619792 -0.0221273065219 
2644.49619792 -0.00981330551833 
2647.49619792 0.00592816525783 
2650.49619792 0.0230916330488 
2653.49619792 0.0417413171629 
2656.49619792 0.0519926308878 
2659.49619792 0.0612704367208 
2662.49619792 0.0697737875678 
2665.49619792 0.0750107924615 
2668.49619792 0.0668082660683 
2671.49619792 0.0583931157068 
2674.49619792 0.0446869868156 
2677.49619792 0.0330565795438 
2680.49619792 0.0229513842731 
2683.49619792 0.0167256834087 
2686.49619792 0.0103371263704 
2689.49619792 0.00623629483492 
2692.49619792 0.00427751628384 
2695.49619792 -0.00498707306569 
2698.49619792 -0.0120810204418 
2701.49619792 -0.0238139369682 
2704.49619792 -0.0332083872468 
2707.49619792 -0.0406789647196 
2710.49619792 -0.0442485469479 
2713.49619792 -0.0476137867078 
2716.49619792 -0.0476247038532 
2719.49619792 -0.0485855085729 
2722.49619792 -0.048123119503 
2725.49619792 -0.0468124590999 
2728.49619792 -0.0465700847685 
2731.49619792 -0.0489777629774 
2734.49619792 -0.0473910541025 
2737.49619792 -0.0462539489042 
2740.49619792 -0.043300162194 
2743.49619792 -0.0375294504934 
2746.49619792 -0.0262477204014 
2749.49619792 -0.0145451457739 
2752.49619792 -0.004955647446 
2755.49619792 0.00541618368454 
2758.49619792 0.0163918699909 
2761.49619792 0.0225951427449 
2764.49619792 0.0277814788373 
2767.49619792 0.0339517375041 
2770.49619792 0.0368683328344 
2773.49619792 0.0335432398489 
2776.49619792 0.0271822486027 
2779.49619792 0.0195494190534 
2782.49619792 0.0158449495555 
2785.49619792 0.00917862253932 
2788.49619792 0.00598862523125 
2791.49619792 0.00392555453926 
2794.49619792 0.000564076862169 
2797.49619792 0.000352762401852 
2800.49619792 -0.00414971773601 
2803.49619792 -0.00342069737401 
2806.49619792 -0.00533956211067 
2809.49619792 0.00215156209207 
2812.49619792 0.004463358416 
2815.49619792 0.0127711678867 
2818.49619792 0.0213798292182 
2821.49619792 0.0221614328789 
2824.49619792 0.0203916813887 
2827.49619792 0.0154454551194 
2830.49619792 0.00696454380239 
2833.49619792 -0.0060662151879 
2836.49619792 -0.0195643718883 
2839.49619792 -0.0285716837468 
2842.49619792 -0.0336501707758 
2845.49619792 -0.0331120400128 
2848.49619792 -0.0276703683338 
2851.49619792 -0.0182898739584 
2854.49619792 -0.0065329745419 
2857.49619792 0.00276476992697 
2860.49619792 0.00386234186929 
2863.49619792 0.000969322890954 
2866.49619792 -0.00796197977019 
2869.49619792 -0.023079763508 
2872.49619792 -0.032904997949 
2875.49619792 -0.0419441842179 
2878.49619792 -0.0499187386896 
2881.49619792 -0.0514901133147 
2884.49619792 -0.0464854015223 
2887.49619792 -0.0406162253923 
2890.49619792 -0.0375045922904 
2893.49619792 -0.0333309744564 
2896.49619792 -0.0240570261671 
2899.49619792 -0.0170399430315 
2902.49619792 -0.00527412547201 
2905.49619792 0.00479575294749 
2908.49619792 0.0143708163197 
2911.49619792 0.0200205486914 
2914.49619792 0.0214149924756 
2917.49619792 0.0122640961739 
2920.49619792 0.00450246343668 
2923.49619792 0.000685634058844 
2926.49619792 -0.00157340988481 
2929.49619792 -0.00874184079869 
2932.49619792 -0.0194635618714 
2935.49619792 -0.0325159159117 
2938.49619792 -0.0435324827023 
2941.49619792 -0.0542907676474 
2944.49619792 -0.0587006731615 
2947.49619792 -0.0548202172243 
2950.49619792 -0.0482071860904 
2953.49619792 -0.0314170344258 
2956.49619792 -0.0177765557199 
2959.49619792 -0.00451275307461 
2962.49619792 -0.000589182835016 
2965.49619792 -0.00820024646851 
2968.49619792 -0.0219153083482 
2971.49619792 -0.0333478206624 
2974.49619792 -0.0386369286603 
2977.49619792 -0.0342996564219 
2980.49619792 -0.020737720639 
2983.49619792 -0.00582311742435 
2986.49619792 0.0130671789756 
2989.49619792 0.0258324143758 
2992.49619792 0.0313400799704 
2995.49619792 0.0331165987204 
2998.49619792 0.0396455084527 
3001.49619792 0.0402352992391 
3004.49619792 0.0417946330294 
3007.49619792 0.0377642079461 
3010.49619792 0.0345121022442 
3013.49619792 0.0298536284032 
3016.49619792 0.02596326253 
3019.49619792 0.0222811583347 
3022.49619792 0.0195830475155 
3025.49619792 0.0108897634616 
3028.49619792 0.0055582470359 
3031.49619792 -0.00690443612387 
3034.49619792 -0.022654504152 
3037.49619792 -0.033128995847 
3040.49619792 -0.0419322804183 
3043.49619792 -0.0434047977796 
3046.49619792 -0.0417922303439 
3049.49619792 -0.0371736383424 
3052.49619792 -0.0298032565116 
3055.49619792 -0.0205615823188 
3058.49619792 -0.00795237131189 
3061.49619792 0.00162444240072 
3064.49619792 0.0124138277922 
3067.49619792 0.021390967904 
3070.49619792 0.0283062326713 
3073.49619792 0.0306937529879 
3076.49619792 0.0276088554725 
3079.49619792 0.0264619157077 
3082.49619792 0.0203281267014 
3085.49619792 0.0132427577349 
3088.49619792 0.0064019842136 
3091.49619792 -0.00164455175971 
3094.49619792 -0.00506857024126 
3097.49619792 -0.0119611179821 
3100.49619792 -0.018123591902 
3103.49619792 -0.0309657589185 
3106.49619792 -0.0399455061269 
3109.49619792 -0.0495830387525 
3112.49619792 -0.0647157005268 
3115.49619792 -0.0742530420784 
3118.49619792 -0.0844393782328 
3121.49619792 -0.0913197743686 
3124.49619792 -0.0905952413416 
3127.49619792 -0.0800154585756 
3130.49619792 -0.0649167084696 
3133.49619792 -0.0471099261889 
3136.49619792 -0.0282906220669 
3139.49619792 -0.0132037677668 
3142.49619792 -0.00122228491202 
3145.49619792 0.00705686790846 
3148.49619792 0.00810133381951 
3151.49619792 -0.000318793706801 
3154.49619792 -0.0118979629811 
3157.49619792 -0.0213510381021 
3160.49619792 -0.0280067191885 
3163.49619792 -0.023953393223 
3166.49619792 -0.0185381179683 
3169.49619792 -0.0120423479388 
3172.49619792 -0.00998692010506 
3175.49619792 -0.00906367390557 
3178.49619792 -0.00640358295874 
3181.49619792 -0.00473384039991 
3184.49619792 -0.0073347714957 
3187.49619792 -0.0115541756775 
3190.49619792 -0.0194718113963 
3193.49619792 -0.0245437412863 
3196.49619792 -0.023954208583 
3199.49619792 -0.0127448342703 
3202.49619792 -0.00204051011412 
3205.49619792 0.0167259974479 
3208.49619792 0.0349274402446 
3211.49619792 0.0465182854259 
3214.49619792 0.0502763003245 
3217.49619792 0.0428777737274 
3220.49619792 0.0269725640417 
3223.49619792 0.00664764796309 
3226.49619792 -0.0128824257031 
3229.49619792 -0.0279564820483 
3232.49619792 -0.0354637096115 
3235.49619792 -0.0340185307922 
3238.49619792 -0.029446909923 
3241.49619792 -0.0208834713818 
3244.49619792 -0.0160771958364 
3247.49619792 -0.0076572686528 
3250.49619792 -0.00533681797883 
3253.49619792 -0.0019972896094 
3256.49619792 -0.000497949908195 
3259.49619792 0.0062425933198 
3262.49619792 0.0191798417067 
3265.49619792 0.0388583502946 
3268.49619792 0.0550006424653 
3271.49619792 0.0661958964326 
3274.49619792 0.0685560964787 
3277.49619792 0.0546992561668 
3280.49619792 0.0356965188791 
3283.49619792 0.0117794868304 
3286.49619792 -0.00833578693968 
3289.49619792 -0.022176381146 
3292.49619792 -0.0256339621414 
3295.49619792 -0.0196893343764 
3298.49619792 -0.00448747862686 
3301.49619792 0.0118817014591 
3304.49619792 0.0273747306661 
3307.49619792 0.0382719145891 
3310.49619792 0.0471927092123 
3313.49619792 0.0521779117462 
3316.49619792 0.0506746619355 
3319.49619792 0.0355539267999 
3322.49619792 0.0111398083438 
3325.49619792 -0.0115431317745 
3328.49619792 -0.0385592479178 
3331.49619792 -0.0594556508638 
3334.49619792 -0.0662570735574 
3337.49619792 -0.0631514151944 
3340.49619792 -0.0464823913136 
3343.49619792 -0.0252835925757 
3346.49619792 -0.00800691707025 
3349.49619792 0.00401477736524 
3352.49619792 0.00676711704873 
3355.49619792 0.000611639208967 
3358.49619792 0.000645037137728 
3361.49619792 0.00429079157832 
3364.49619792 0.0154737403468 
3367.49619792 0.0248788770947 
3370.49619792 0.0328978606939 
3373.49619792 0.0377606815711 
3376.49619792 0.0393900929288 
3379.49619792 0.0376717159718 
3382.49619792 0.0300818058777 
3385.49619792 0.0159171454602 
3388.49619792 -0.00487416797082 
3391.49619792 -0.0236388264128 
3394.49619792 -0.0336194543138 
3397.49619792 -0.027969461575 
3400.49619792 -0.0164040946814 
3403.49619792 -0.00537910992666 
3406.49619792 0.00723930242955 
3409.49619792 0.0175695456311 
3412.49619792 0.0244164149393 
3415.49619792 0.0228901089397 
3418.49619792 0.0120159229655 
3421.49619792 -0.0030532323694 
3424.49619792 -0.0163323110246 
3427.49619792 -0.0237078762155 
3430.49619792 -0.0299708438292 
3433.49619792 -0.0298761798454 
3436.49619792 -0.0247807849446 
3439.49619792 -0.0115256415026 
3442.49619792 -0.00122327656225 
3445.49619792 0.00786851541625 
3448.49619792 0.00692020374784 
3451.49619792 0.00416779583219 
3454.49619792 -0.00649447276202 
3457.49619792 -0.0150862410672 
3460.49619792 -0.0298571730496 
3463.49619792 -0.0391900396653 
3466.49619792 -0.0478589748306 
3469.49619792 -0.0515787568811 
3472.49619792 -0.0452997355822 
3475.49619792 -0.0343082279798 
3478.49619792 -0.0204294391811 
3481.49619792 -0.00648048945183 
3484.49619792 0.013086402744 
3487.49619792 0.0299230915957 
3490.49619792 0.0433126689488 
3493.49619792 0.0527845167636 
3496.49619792 0.0586657931104 
3499.49619792 0.0524479672077 
3502.49619792 0.0481651162539 
3505.49619792 0.0385926297163 
3508.49619792 0.032656523263 
3511.49619792 0.0228965952771 
3514.49619792 0.0116602763989 
3517.49619792 -0.00221361881221 
3520.49619792 -0.0105316262785 
3523.49619792 -0.0183021934316 
3526.49619792 -0.0209372737237 
3529.49619792 -0.020802533767 
3532.49619792 -0.0149197191991 
3535.49619792 -0.00717066144884 
3538.49619792 0.00629650528991 
3541.49619792 0.0204004699191 
3544.49619792 0.0324256393414 
3547.49619792 0.0377653019446 
3550.49619792 0.0431805440824 
3553.49619792 0.0493466665672 
3556.49619792 0.0541031891638 
3559.49619792 0.0467534379971 
3562.49619792 0.0366664798407 
3565.49619792 0.0242274455474 
3568.49619792 0.0202711177336 
3571.49619792 0.0180136210755 
3574.49619792 0.020836603026 
3577.49619792 0.0266922583399 
3580.49619792 0.0303806752946 
3583.49619792 0.0261372060015 
3586.49619792 0.0190397790707 
3589.49619792 0.00727202931359 
3592.49619792 -0.0087609058345 
3595.49619792 -0.0285290543496 
3598.49619792 -0.0463930214601 
3601.49619792 -0.0628828899604 
3604.49619792 -0.0703360022844 
3607.49619792 -0.073734505079 
3610.49619792 -0.0688580811646 
3613.49619792 -0.0562649164201 
3616.49619792 -0.0467232719602 
3619.49619792 -0.0330160901811 
3622.49619792 -0.0179289675202 
3625.49619792 -0.00141797931113 
3628.49619792 0.0115637258958 
3631.49619792 0.0207076665142 
3634.49619792 0.0190649707263 
3637.49619792 0.0179974143676 
3640.49619792 0.0187393976978 
3643.49619792 0.0205641859895 
3646.49619792 0.023155740445 
3649.49619792 0.0243478813029 
3652.49619792 0.0248525868728 
3655.49619792 0.0267838276098 
3658.49619792 0.0299918125137 
3661.49619792 0.0366132005168 
3664.49619792 0.0451494124283 
3667.49619792 0.0551402540268 
3670.49619792 0.0597869976463 
3673.49619792 0.0592354305723 
3676.49619792 0.0532042969916 
3679.49619792 0.0450404693665 
3682.49619792 0.0322710589575 
3685.49619792 0.0218978591869 
3688.49619792 0.0123514436148 
3691.49619792 0.00150937171991 
3694.49619792 -0.00997722143185 
3697.49619792 -0.0225718421764 
3700.49619792 -0.0343269378658 
3703.49619792 -0.0397167896468 
3706.49619792 -0.0430119678268 
3709.49619792 -0.0412750225869 
3712.49619792 -0.0364833846952 
3715.49619792 -0.032585589225 
3718.49619792 -0.0269479342308 
3721.49619792 -0.0246381608905 
3724.49619792 -0.0236267673066 
3727.49619792 -0.0227279710592 
3730.49619792 -0.019007071029 
3733.49619792 -0.0190624527027 
3736.49619792 -0.0173848072041 
3739.49619792 -0.0150951574972 
3742.49619792 -0.00779994580809 
3745.49619792 -0.00398961425867 
3748.49619792 0.000221684909818 
3751.49619792 9.19394972327e-05 
3754.49619792 -0.00162958564949 
3757.49619792 -0.00992901926582 
3760.49619792 -0.02092403383 
3763.49619792 -0.0302913945141 
3766.49619792 -0.0379245209733 
3769.49619792 -0.0428276096727 
3772.49619792 -0.0404175470496 
3775.49619792 -0.0270199554155 
3778.49619792 -0.0125209094578 
3781.49619792 0.00313346139749 
3784.49619792 0.0186905663113 
3787.49619792 0.032755115592 
3790.49619792 0.0401224735105 
3793.49619792 0.0412535400201 
3796.49619792 0.0414983079013 
3799.49619792 0.0379740249746 
3802.49619792 0.03089087598 
3805.49619792 0.0238819841293 
3808.49619792 0.0189610682795 
3811.49619792 0.0134420493106 
3814.49619792 0.00788779628267 
3817.49619792 -0.000635761632375 
3820.49619792 -0.0179070121816 
3823.49619792 -0.037108777252 
3826.49619792 -0.0456651630433 
3829.49619792 -0.0449629667699 
3832.49619792 -0.0381860574071 
3835.49619792 -0.0325773397 
3838.49619792 -0.0267473396779 
3841.49619792 -0.023499865769 
3844.49619792 -0.0191830300613 
3847.49619792 -0.0155035854928 
3850.49619792 -0.0153819015741 
3853.49619792 -0.0163156189833 
3856.49619792 -0.0208117334033 
3859.49619792 -0.0281273696326 
3862.49619792 -0.0348752069569 
3865.49619792 -0.0376879181119 
3868.49619792 -0.0384935760352 
3871.49619792 -0.0361510878014 
3874.49619792 -0.0363680649242 
3877.49619792 -0.0346717323788 
3880.49619792 -0.0271922841544 
3883.49619792 -0.0104000940898 
3886.49619792 0.0112109536446 
3889.49619792 0.0283956573388 
3892.49619792 0.0413321891454 
3895.49619792 0.0442705365453 
3898.49619792 0.0412365339396 
3901.49619792 0.0353906012801 
3904.49619792 0.025367398796 
3907.49619792 0.0160794454992 
3910.49619792 0.0111402936772 
3913.49619792 0.0177048748395 
3916.49619792 0.0269328512124 
3919.49619792 0.0311875345607 
3922.49619792 0.0324742297741 
3925.49619792 0.0259049334555 
3928.49619792 0.0135942429964 
3931.49619792 -0.00917470675568 
3934.49619792 -0.029285194568 
3937.49619792 -0.0418390096267 
3940.49619792 -0.049931985435 
3943.49619792 -0.055410610966 
3946.49619792 -0.0547911885804 
3949.49619792 -0.0509718229789 
3952.49619792 -0.0419979157582 
3955.49619792 -0.0372359094657 
3958.49619792 -0.0320562173014 
3961.49619792 -0.0291408598566 
3964.49619792 -0.0250255048635 
3967.49619792 -0.0254027173601 
3970.49619792 -0.0234584445663 
3973.49619792 -0.0192625904714 
3976.49619792 -0.00575182538161 
3979.49619792 0.00858939702352 
3982.49619792 0.0253749494409 
3985.49619792 0.0390782279979 
3988.49619792 0.0454770272828 
3991.49619792 0.0470739452875 
3994.49619792 0.0471303764231 
3997.49619792 0.0468430773533 
4000.49619792 0.0465641602758 
4003.49619792 0.042998730217 
4006.49619792 0.0363917583272 
4009.49619792 0.0272382138184 
4012.49619792 0.019294104022 
4015.49619792 0.0135665915572 
4018.49619792 0.00759748928802 
4021.49619792 0.000729696188682 
4024.49619792 -0.00826449546792 
4027.49619792 -0.0137364810677 
4030.49619792 -0.0172009458029 
4033.49619792 -0.0168403933726 
4036.49619792 -0.015905262216 
4039.49619792 -0.0145753323661 
4042.49619792 -0.0152928537536 
4045.49619792 -0.0125891655978 
4048.49619792 -0.00911233456887 
4051.49619792 -0.00363683515564 
4054.49619792 0.00634500379477 
4057.49619792 0.0204416056316 
4060.49619792 0.0335979489077 
4063.49619792 0.0487770610802 
4066.49619792 0.0649231262894 
4069.49619792 0.0726169685212 
4072.49619792 0.0718072680566 
4075.49619792 0.0626670730698 
4078.49619792 0.0527554241699 
4081.49619792 0.0453244613178 
4084.49619792 0.0407023018308 
4087.49619792 0.0341339122291 
4090.49619792 0.0255388345215 
4093.49619792 0.0087991449634 
4096.49619792 -0.0149323892543 
4099.49619792 -0.0387436700217 
4102.49619792 -0.0615018756354 
4105.49619792 -0.0758387003494 
4108.49619792 -0.0793012671457 
4111.49619792 -0.069584176394 
4114.49619792 -0.0470904717444 
4117.49619792 -0.0208050597843 
4120.49619792 0.00579791948797 
4123.49619792 0.0280022632574 
4126.49619792 0.0433140986838 
4129.49619792 0.0469874851502 
4132.49619792 0.041220290689 
4135.49619792 0.0256526651756 
4138.49619792 0.00781256047824 
4141.49619792 -0.00957604831338 
4144.49619792 -0.0189726591818 
4147.49619792 -0.0227670512422 
4150.49619792 -0.0217982527967 
4153.49619792 -0.0151118495385 
4156.49619792 -0.00505800025195 
4159.49619792 0.00467935145409 
4162.49619792 0.0139456323331 
4165.49619792 0.0208242310225 
4168.49619792 0.0239459681938 
4171.49619792 0.0174011155465 
4174.49619792 0.00118303521918 
4177.49619792 -0.0198217652883 
4180.49619792 -0.0391258660353 
4183.49619792 -0.0549324217262 
4186.49619792 -0.0613640501006 
4189.49619792 -0.0577503150993 
4192.49619792 -0.0530586513092 
4195.49619792 -0.0524870314033 
4198.49619792 -0.0488011473177 
4201.49619792 -0.0365290859671 
4204.49619792 -0.0216099183351 
4207.49619792 -0.00697255979634 
4210.49619792 0.00217254405187 
4213.49619792 0.00325475619298 
4216.49619792 -0.00662256479378 
4219.49619792 -0.0153212691646 
4222.49619792 -0.0166907268462 
4225.49619792 -0.0104942167841 
4228.49619792 0.00205177784149 
4231.49619792 0.0180958913585 
4234.49619792 0.0317718918975 
4237.49619792 0.0476932443414 
4240.49619792 0.063816333299 
4243.49619792 0.0763129521083 
4246.49619792 0.0764518556541 
4249.49619792 0.0725805993532 
4252.49619792 0.0678351492087 
4255.49619792 0.0622196985006 
4258.49619792 0.0498130479322 
4261.49619792 0.033402650769 
4264.49619792 0.0182073398824 
4267.49619792 0.00483461558699 
4270.49619792 -0.0124011086326 
4273.49619792 -0.0268860605099 
4276.49619792 -0.0396856323879 
4279.49619792 -0.0510765773285 
4282.49619792 -0.0569767325714 
4285.49619792 -0.0532075036176 
4288.49619792 -0.0441827151908 
4291.49619792 -0.0285005784147 
4294.49619792 -0.0101638235389 
4297.49619792 0.00631259665977 
4300.49619792 0.0256135895604 
4303.49619792 0.0418348483215 
4306.49619792 0.0512198705716 
4309.49619792 0.0566849204724 
4312.49619792 0.0609546891231 
4315.49619792 0.0673092214389 
4318.49619792 0.0668802735495 
4321.49619792 0.0565776949197 
4324.49619792 0.0391822423569 
4327.49619792 0.0217221388244 
4330.49619792 0.00701806407994 
4333.49619792 -0.0022682250945 
4336.49619792 -0.00742317867617 
4339.49619792 -0.000723473858315 
4342.49619792 0.0102347472993 
4345.49619792 0.0248306406699 
4348.49619792 0.0344775236707 
4351.49619792 0.0413324586481 
4354.49619792 0.0434183505705 
4357.49619792 0.0392420719679 
4360.49619792 0.0413600164465 
4363.49619792 0.0404642715184 
4366.49619792 0.0428942682095 
4369.49619792 0.0518995154028 
4372.49619792 0.0629891105876 
4375.49619792 0.0693666419943 
4378.49619792 0.0668451559705 
4381.49619792 0.0645452149127 
4384.49619792 0.0555498982106 
4387.49619792 0.04076037739 
4390.49619792 0.0194515393079 
4393.49619792 0.00053333413505 
4396.49619792 -0.0125818501968 
4399.49619792 -0.0169372967416 
4402.49619792 -0.00770958587463 
4405.49619792 0.0048915583211 
4408.49619792 0.0214979353736 
4411.49619792 0.0298434558163 
4414.49619792 0.0376743790244 
4417.49619792 0.050416903108 
4420.49619792 0.0556406247135 
4423.49619792 0.0501077469081 
4426.49619792 0.0407678412459 
4429.49619792 0.0357742727071 
4432.49619792 0.0260867678762 
4435.49619792 0.0181462152877 
4438.49619792 0.0134019550664 
4441.49619792 0.0100835459775 
4444.49619792 0.00442891145349 
4447.49619792 8.48890757644e-05 
4450.49619792 0.00274256135851 
4453.49619792 0.00249779947257 
4456.49619792 0.00402672256086 
4459.49619792 0.00204191315573 
4462.49619792 7.29052943566e-05 
4465.49619792 0.0101372832276 
4468.49619792 0.0300828359264 
4471.49619792 0.0446144723038 
4474.49619792 0.0570168702102 
4477.49619792 0.0635258093318 
4480.49619792 0.0671760551043 
4483.49619792 0.0675336487141 
4486.49619792 0.0604665328493 
4489.49619792 0.0539229740436 
4492.49619792 0.0522973197369 
4495.49619792 0.0524265988369 
4498.49619792 0.0476196883613 
4501.49619792 0.0448827326029 
4504.49619792 0.04655127439 
4507.49619792 0.0522101515839 
4510.49619792 0.0491396838854 
4513.49619792 0.0429898960082 
4516.49619792 0.0452104936284 
4519.49619792 0.0518666177957 
4522.49619792 0.0574414786485 
4525.49619792 0.0606779646104 
4528.49619792 0.0556215859428 
4531.49619792 0.04586628975 
4534.49619792 0.0387037699108 
4537.49619792 0.0355015496251 
4540.49619792 0.0357391619799 
4543.49619792 0.0326196539161 
4546.49619792 0.026455815353 
4549.49619792 0.0264435598295 
4552.49619792 0.0263865028993 
4555.49619792 0.0235816781258 
4558.49619792 0.0178937071961 
4561.49619792 0.00849402559501 
4564.49619792 0.00100677313904 
4567.49619792 -0.00160991251954 
4570.49619792 0.00570638333487 
4573.49619792 0.0212995470889 
4576.49619792 0.0414515149149 
4579.49619792 0.056564192375 
4582.49619792 0.0613721671581 
4585.49619792 0.0560290055869 
4588.49619792 0.0448355376463 
4591.49619792 0.031110877015 
4594.49619792 0.0247043261001 
4597.49619792 0.024742389938 
4600.49619792 0.0318169422517 
4603.49619792 0.03443004094 
4606.49619792 0.0272158839166 
4609.49619792 0.0141695925463 
4612.49619792 -0.000432596811105 
4615.49619792 -0.0113540264893 
4618.49619792 -0.013980867534 
4621.49619792 -0.0148399726494 
4624.49619792 -0.0157831340746 
4627.49619792 -0.0196734611211 
4630.49619792 -0.0231409429168 
4633.49619792 -0.0201473131937 
4636.49619792 -0.00242880248558 
4639.49619792 0.0131817644658 
4642.49619792 0.0236391210387 
4645.49619792 0.0248251775293 
4648.49619792 0.0266420782977 
4651.49619792 0.0350982182007 
4654.49619792 0.0470415775501 
4657.49619792 0.0576865525752 
4660.49619792 0.0622949948289 
4663.49619792 0.0534125860766 
4666.49619792 0.0408535933675 
4669.49619792 0.0314192612494 
4672.49619792 0.0319575450352 
4675.49619792 0.0474330828283 
4678.49619792 0.068535714762 
4681.49619792 0.0858996811812 
4684.49619792 0.0942696418693 
4687.49619792 0.0925038141564 
4690.49619792 0.0894963187451 
4693.49619792 0.0883436417692 
4696.49619792 0.0830606843722 
4699.49619792 0.0696929276064 
4702.49619792 0.0482674907571 
4705.49619792 0.0198264153527 
4708.49619792 -0.00477826524505 
4711.49619792 -0.0248164369613 
4714.49619792 -0.0340365623535 
4717.49619792 -0.0366481468017 
4720.49619792 -0.0289419896644 
4723.49619792 -0.010450796008 
4726.49619792 0.0232201333315 
4729.49619792 0.0647419473542 
4732.49619792 0.106606673939 
4735.49619792 0.133668322343 
4738.49619792 0.147847574736 
4741.49619792 0.146635004199 
4744.49619792 0.136163451912 
4747.49619792 0.10885812734 
4750.49619792 0.0818731638878 
4753.49619792 0.0550053199368 
4756.49619792 0.0349319989522 
4759.49619792 0.0188689794174 
4762.49619792 0.00916264308162 
4765.49619792 0.0115601858173 
4768.49619792 0.0198724386575 
4771.49619792 0.0264193411245 
4774.49619792 0.0327306593592 
4777.49619792 0.0328244143421 
4780.49619792 0.0350411270117 
4783.49619792 0.0405373981212 
4786.49619792 0.0507814672466 
4789.49619792 0.0589906307162 
4792.49619792 0.06632088176 
4795.49619792 0.068728701572 
4798.49619792 0.0616190408151 
4801.49619792 0.0405374118247 
4804.49619792 0.0219479273169 
4807.49619792 0.0174617982023 
4810.49619792 0.0242970891697 
4813.49619792 0.0312879471752 
4816.49619792 0.038995604849 
4819.49619792 0.0469552224732 
4822.49619792 0.0461623819181 
4825.49619792 0.0405606484434 
4828.49619792 0.0257208950504 
4831.49619792 0.00436538388782 
4834.49619792 -0.0123832495074 
4837.49619792 -0.0287772641007 
4840.49619792 -0.0328331480584 
4843.49619792 -0.0259480904386 
4846.49619792 -0.00913470843615 
4849.49619792 0.0170178563673 
4852.49619792 0.0474908020958 
4855.49619792 0.0712834734697 
4858.49619792 0.0834529798873 
4861.49619792 0.0766102456192 
4864.49619792 0.0547018141591 
4867.49619792 0.0214021043058 
4870.49619792 -0.0101211804382 
4873.49619792 -0.0276320738198 
4876.49619792 -0.0259103372141 
4879.49619792 -0.0125962194897 
4882.49619792 0.00695113889535 
4885.49619792 0.0255807741744 
4888.49619792 0.0494487532963 
4891.49619792 0.0648122327585 
4894.49619792 0.0703822608332 
4897.49619792 0.0667837458856 
4900.49619792 0.0607753875715 
4903.49619792 0.0568379203825 
4906.49619792 0.0580304654945 
4909.49619792 0.0569719728787 
4912.49619792 0.0545194841274 
4915.49619792 0.046998740316 
4918.49619792 0.0350107851128 
4921.49619792 0.025281192174 
4924.49619792 0.0192996311124 
4927.49619792 0.0227057873283 
4930.49619792 0.0298497845631 
4933.49619792 0.0419615739972 
4936.49619792 0.0556243449201 
4939.49619792 0.0629029016817 
4942.49619792 0.0646207076583 
4945.49619792 0.0639123128216 
4948.49619792 0.0649901137109 
4951.49619792 0.0626720702903 
4954.49619792 0.060958421051 
4957.49619792 0.0555899718996 
4960.49619792 0.0542449019332 
4963.49619792 0.0452333328447 
4966.49619792 0.0303955344887 
4969.49619792 0.0135910900425 
4972.49619792 0.00626985477938 
4975.49619792 -0.00137228360634 
4978.49619792 0.00207401238955 
4981.49619792 0.0113122581305 
4984.49619792 0.0297249454067 
4987.49619792 0.0468663550826 
4990.49619792 0.0544035522654 
4993.49619792 0.0488913028402 
4996.49619792 0.0312472042972 
4999.49619792 0.00588280714521 
5002.49619792 -0.019112657868 
5005.49619792 -0.0506729398585 
5008.49619792 -0.077515386601 
5011.49619792 -0.102582641552 
5014.49619792 -0.119883503216 
5017.49619792 -0.135209421303 
5020.49619792 -0.140887031223 
5023.49619792 -0.140933559274 
5026.49619792 -0.125726752268 
5029.49619792 -0.107405653675 
5032.49619792 -0.0759564136703 
5035.49619792 -0.0408913648634 
5038.49619792 -0.00575214513064 
5041.49619792 0.0238864400604 
5044.49619792 0.0483857796263 
5047.49619792 0.0649014518731 
5050.49619792 0.0728378054716 
5053.49619792 0.0740508373607 
5056.49619792 0.0720948640363 
5059.49619792 0.0657149436476 
5062.49619792 0.0587666876324 
5065.49619792 0.0481603702648 
5068.49619792 0.0271641096971 
5071.49619792 0.00331851186532 
5074.49619792 -0.00994424845526 
5077.49619792 -0.0176668326989 
5080.49619792 -0.00958135272137 
5083.49619792 -0.0042011793437 
5086.49619792 -0.00305475517415 
5089.49619792 -0.00352178660032 
5092.49619792 0.00239189631044 
5095.49619792 0.00563813004986 
5098.49619792 0.0110797503406 
5101.49619792 0.0144847120655 
5104.49619792 0.0270799289137 
5107.49619792 0.0353436232961 
5110.49619792 0.031610423206 
5113.49619792 0.0190081490401 
5116.49619792 0.00573612970118 
5119.49619792 -0.00643912706011 
5122.49619792 -0.0121776485982 
5125.49619792 -0.0051187160246 
5128.49619792 0.00507888386037 
5131.49619792 0.0245939738587 
5134.49619792 0.0546474294172 
5137.49619792 0.0895613374262 
5140.49619792 0.121605799383 
5143.49619792 0.132002658298 
5146.49619792 0.133161373962 
5149.49619792 0.119844859262 
5152.49619792 0.0874139303585 
5155.49619792 0.0243908213135 
5158.49619792 -0.0297310800202 
5161.49619792 -0.0689948515276 
5164.49619792 -0.0802313896623 
5167.49619792 -0.0604293414694 
5170.49619792 -0.0164192176685 
5173.49619792 0.0260618297359 
5176.49619792 0.0534412995393 
5179.49619792 0.0643530229075 
5182.49619792 0.0515779666442 
5185.49619792 0.0276907500504 
5188.49619792 -0.00137727368962 
5191.49619792 -0.0157111802655 
5194.49619792 -0.0210749530874 
5197.49619792 -0.010257285038 
5200.49619792 0.00387295610958 
5203.49619792 0.0180848131966 
5206.49619792 0.0234652186778 
5209.49619792 0.0227473387146 
5212.49619792 0.0116135348007 
5215.49619792 -0.00827154022419 
5218.49619792 -0.0202893662674 
5221.49619792 -0.0305026755364 
5224.49619792 -0.033034861733 
5227.49619792 -0.0304211852125 
5230.49619792 -0.0174899429685 
5233.49619792 -0.000587365333006 
5236.49619792 0.0208524648617 
5239.49619792 0.0382853212091 
5242.49619792 0.0429419793323 
5245.49619792 0.0381208331732 
5248.49619792 0.0285013001339 
5251.49619792 0.0153343343383 
5254.49619792 0.0117308747004 
5257.49619792 0.0195879670827 
5260.49619792 0.0301062666784 
5263.49619792 0.0429142936343 
5266.49619792 0.0500990405989 
5269.49619792 0.0464812493528 
5272.49619792 0.042717469836 
5275.49619792 0.0420841018248 
5278.49619792 0.0347807348226 
5281.49619792 0.0208241328139 
5284.49619792 0.00482258959764 
5287.49619792 -0.0177560495296 
5290.49619792 -0.0445453242925 
5293.49619792 -0.0641364888654 
5296.49619792 -0.0777546776381 
5299.49619792 -0.0727947398453 
5302.49619792 -0.053579449391 
5305.49619792 -0.0371730719299 
5308.49619792 -0.0304504102737 
5311.49619792 -0.022402181058 
5314.49619792 -0.00342437220392 
5317.49619792 0.0282690915377 
5320.49619792 0.0725291745737 
5323.49619792 0.116321827925 
5326.49619792 0.147172082075 
5329.49619792 0.167990109966 
5332.49619792 0.162999266146 
5335.49619792 0.13582403375 
5338.49619792 0.0934053237028 
5341.49619792 0.0544048312615 
5344.49619792 0.0155405758875 
5347.49619792 -0.0151051565061 
5350.49619792 -0.0396864820068 
5353.49619792 -0.0444783551424 
5356.49619792 -0.0429706197096 
5359.49619792 -0.036082001456 
5362.49619792 -0.0327560314446 
5365.49619792 -0.0207202806134 
5368.49619792 -0.0189929312702 
5371.49619792 -0.0217636650876 
5374.49619792 -0.0344386787316 
5377.49619792 -0.0425527442722 
5380.49619792 -0.0567357514322 
5383.49619792 -0.0660994144472 
5386.49619792 -0.063557336586 
5389.49619792 -0.0424481635007 
5392.49619792 -0.00683568608591 
5395.49619792 0.0384046629661 
5398.49619792 0.0896864232461 
5401.49619792 0.125940317212 
5404.49619792 0.15489408506 
5407.49619792 0.150362126774 
5410.49619792 0.114413739301 
5413.49619792 0.0531345825678 
5416.49619792 -0.0216845203513 
5419.49619792 -0.102929194685 
5422.49619792 -0.162068083889 
5425.49619792 -0.209094596693 
5428.49619792 -0.231769937062 
5431.49619792 -0.245139868121 
5434.49619792 -0.248046021361 
5437.49619792 -0.22395863274 
5440.49619792 -0.164715368317 
5443.49619792 -0.0717036602358 
5446.49619792 0.0337424549132 
5449.49619792 0.12357894323 
5452.49619792 0.183613431192 
5455.49619792 0.202977651608 
5458.49619792 0.18595585776 
5461.49619792 0.152388741794 
5464.49619792 0.0962570647945 
5467.49619792 0.0456668531453 
5470.49619792 -0.00247801186105 
5473.49619792 -0.0465382423331 
5476.49619792 -0.067867982866 
5479.49619792 -0.0698415241156 
5482.49619792 -0.0512143982954 
5485.49619792 -0.016656896257 
5488.49619792 0.0194383565123 
5491.49619792 0.0466311294259 
5494.49619792 0.0575070454707 
5497.49619792 0.0570889279376 
5500.49619792 0.0461934889307 
5503.49619792 0.0328433823113 
5506.49619792 0.0188662044526 
5509.49619792 -0.00920445540591 
5512.49619792 -0.0285484083015 
5515.49619792 -0.0522477312305 
5518.49619792 -0.0636738485641 
5521.49619792 -0.0630120548643 
5524.49619792 -0.0357479916209 
5527.49619792 0.00231603271306 
5530.49619792 0.0496492268014 
5533.49619792 0.0842251098411 
5536.49619792 0.0952284047631 
5539.49619792 0.0653872831147 
5542.49619792 0.0180148384057 
5545.49619792 -0.0453343187236 
5548.49619792 -0.109507766009 
5551.49619792 -0.163004199416 
5554.49619792 -0.198624387351 
5557.49619792 -0.204146160729 
5560.49619792 -0.18578858334 
5563.49619792 -0.112279807371 
5566.49619792 -0.036976787137 
5569.49619792 0.0191141309975 
5572.49619792 0.0418332221693 
5575.49619792 0.0420639028219 
5578.49619792 0.0276546869279 
5581.49619792 0.0255539883415 
5584.49619792 0.0373521222501 
5587.49619792 0.0508941924827 
5590.49619792 0.0597481664107 
5593.49619792 0.0632716362613 
5596.49619792 0.0828213750637 
5599.49619792 0.0836042577205 
5602.49619792 0.0713568741431 
5605.49619792 0.041348870909 
5608.49619792 -0.000635034917061 
5611.49619792 -0.0421312008567 
5614.49619792 -0.0667933200851 
5617.49619792 -0.0684561155253 
5620.49619792 -0.0394211771022 
5623.49619792 -0.000232756451887 
5626.49619792 0.0274190730045 
5629.49619792 0.0438256057723 
5632.49619792 0.0558801487107 
5635.49619792 0.0692432965226 
5638.49619792 0.0857294559342 
5641.49619792 0.108918523364 
5644.49619792 0.113996813975 
5647.49619792 0.0850518072505 
5650.49619792 0.00829532155818 
5653.49619792 -0.0844855682639 
5656.49619792 -0.155867291474 
5659.49619792 -0.199911861381 
5662.49619792 -0.193481105465 
5665.49619792 -0.138298452717 
5668.49619792 -0.0737243827384 
5671.49619792 -0.0661044208034 
5674.49619792 -0.0869791356297 
5677.49619792 -0.13490251705 
5680.49619792 -0.202111022113 
5683.49619792 -0.234817200116 
5686.49619792 -0.188105503071 
5689.49619792 -0.103629554685 
5692.49619792 0.00285973224801 
5695.49619792 0.11190459559 
5698.49619792 0.15190416671 
5701.49619792 0.137639093678 
5704.49619792 0.103457146009 
5707.49619792 0.0560602907454 
5710.49619792 -0.00934644338785 
5713.49619792 -0.0480128654701 
5716.49619792 -0.0892114406322 
5719.49619792 -0.105402782304 
5722.49619792 -0.103649680602 
5725.49619792 -0.0702810922406 
5728.49619792 -0.0384672515545 
5731.49619792 -0.009198507503 
5734.49619792 -0.00426057586611 
5737.49619792 -0.0631710386491 
5740.49619792 -0.119298673108 
5743.49619792 -0.179087977515 
5746.49619792 -0.204674075511 
5749.49619792 -0.206480566164 
5752.49619792 -0.180654802568 
5755.49619792 -0.127274547686 
5758.49619792 -0.0589169925149 
5761.49619792 0.00352160046071 
5764.49619792 0.0562689955041 
5767.49619792 0.117631976729 
5770.49619792 0.153564879213 
5773.49619792 0.147583873145 
5776.49619792 0.0866215009093 
5779.49619792 -0.0183872021367 
5782.49619792 -0.132370314866 
5785.49619792 -0.240624025186 
5788.49619792 -0.314139936125 
5791.49619792 -0.313474273462 
5794.49619792 -0.258994374265 
5797.49619792 -0.195488179252 
5800.49619792 -0.130027221393 
5803.49619792 -0.0635992556836 
5806.49619792 -0.0179759546399 
5809.49619792 -0.0108498131045 
5812.49619792 -0.000385496708634 
5815.49619792 0.0128586980412 
5818.49619792 0.0104876379478 
5821.49619792 -0.00150770031752 
5824.49619792 -0.0084118009904 
5827.49619792 -0.0314602142482 
5830.49619792 -0.0869328451061 
5833.49619792 -0.15184594498 
5836.49619792 -0.188563529851 
5839.49619792 -0.194102916833 
5842.49619792 -0.185916665665 
5845.49619792 -0.170406718308 
5848.49619792 -0.167227243598 
5851.49619792 -0.144364767826 
5854.49619792 -0.151810260988 
5857.49619792 -0.145843661897 
5860.49619792 -0.156077193008 
5863.49619792 -0.164428398132 
5866.49619792 -0.183434280379 
5869.49619792 -0.208533117399 
5872.49619792 -0.213826754413 
5875.49619792 -0.241946635067 
5878.49619792 -0.256652002511 
5881.49619792 -0.278532446795 
5884.49619792 -0.267290271942 
5887.49619792 -0.295798437544 
5890.49619792 -0.34459590318 
5893.49619792 -0.415611394989 
5896.49619792 -0.427666006445 
5899.49619792 -0.442418203419 
5902.49619792 -0.458568525858 
5905.49619792 -0.507359121458 
5908.49619792 -0.525870361094 
5911.49619792 -0.498537629463 
5914.49619792 -0.400736195133 
5917.49619792 -0.295032994913 
5920.49619792 -0.187587363474 
5923.49619792 -0.141180030961 
5926.49619792 -0.13050723777 
5929.49619792 -0.175465294109 
5932.49619792 -0.264947991545 
5935.49619792 -0.338153197786 
5938.49619792 -0.416091493588 
5941.49619792 -0.496091823466 
5944.49619792 -0.548170644989 
5947.49619792 -0.555752351236 
5950.49619792 -0.591367715528 
5953.49619792 -0.60353831366 
5956.49619792 -0.637937535362 
5959.49619792 -0.74383073959 
5962.49619792 -0.807237739318 
5965.49619792 -0.871205962541 
5968.49619792 -0.923598905509 
5971.49619792 -0.906004742629 
5974.49619792 -0.909678677236 
5977.49619792 -0.92449222948 
5980.49619792 -0.923026207592 
5983.49619792 -0.93769410045 
5986.49619792 -1.02526396784 
5989.49619792 -1.14903731848 
5992.49619792 -1.34053745995 
5995.49619792 -1.57293558509 
5998.49619792 -1.68683654744 
