1.49619792281 nan 
4.49619792281 nan 
7.49619792281 nan 
10.4961979228 nan 
13.4961979228 nan 
16.4961979228 nan 
19.4961979228 nan 
22.4961979228 nan 
25.4961979228 nan 
28.4961979228 nan 
31.4961979228 nan 
34.4961979228 nan 
37.4961979228 nan 
40.4961979228 nan 
43.4961979228 nan 
46.4961979228 nan 
49.4961979228 nan 
52.4961979228 nan 
55.4961979228 nan 
58.4961979228 nan 
61.4961979228 nan 
64.4961979228 nan 
67.4961979228 nan 
70.4961979228 nan 
73.4961979228 nan 
76.4961979228 nan 
79.4961979228 nan 
82.4961979228 nan 
85.4961979228 nan 
88.4961979228 nan 
91.4961979228 nan 
94.4961979228 nan 
97.4961979228 nan 
100.496197923 nan 
103.496197923 nan 
106.496197923 nan 
109.496197923 nan 
112.496197923 nan 
115.496197923 nan 
118.496197923 nan 
121.496197923 nan 
124.496197923 nan 
127.496197923 nan 
130.496197923 nan 
133.496197923 nan 
136.496197923 nan 
139.496197923 nan 
142.496197923 nan 
145.496197923 nan 
148.496197923 nan 
151.496197923 nan 
154.496197923 nan 
157.496197923 nan 
160.496197923 nan 
163.496197923 nan 
166.496197923 nan 
169.496197923 nan 
172.496197923 nan 
175.496197923 nan 
178.496197923 nan 
181.496197923 nan 
184.496197923 nan 
187.496197923 nan 
190.496197923 nan 
193.496197923 nan 
196.496197923 nan 
199.496197923 nan 
202.496197923 nan 
205.496197923 nan 
208.496197923 nan 
211.496197923 nan 
214.496197923 nan 
217.496197923 nan 
220.496197923 nan 
223.496197923 nan 
226.496197923 nan 
229.496197923 nan 
232.496197923 nan 
235.496197923 nan 
238.496197923 nan 
241.496197923 nan 
244.496197923 nan 
247.496197923 nan 
250.496197923 nan 
253.496197923 nan 
256.496197923 nan 
259.496197923 nan 
262.496197923 nan 
265.496197923 nan 
268.496197923 nan 
271.496197923 nan 
274.496197923 nan 
277.496197923 nan 
280.496197923 nan 
283.496197923 nan 
286.496197923 nan 
289.496197923 nan 
292.496197923 nan 
295.496197923 nan 
298.496197923 nan 
301.496197923 nan 
304.496197923 nan 
307.496197923 nan 
310.496197923 nan 
313.496197923 nan 
316.496197923 nan 
319.496197923 -1.00875445593 
322.496197923 -1.16068090438 
325.496197923 -1.10092388635 
328.496197923 -0.89463389104 
331.496197923 -0.655858798175 
334.496197923 -0.513427657252 
337.496197923 -0.436494242661 
340.496197923 -0.383186849637 
343.496197923 -0.317122812106 
346.496197923 -0.271366398775 
349.496197923 -0.236188749218 
352.496197923 -0.182250636055 
355.496197923 -0.147304383939 
358.496197923 -0.113353450949 
361.496197923 -0.0787173749017 
364.496197923 -0.0631297882927 
367.496197923 -0.0630422195996 
370.496197923 0.00184000166527 
373.496197923 0.0489916756888 
376.496197923 0.0789231706525 
379.496197923 0.0595072855959 
382.496197923 0.0469663273667 
385.496197923 0.034713890633 
388.496197923 0.0561594894863 
391.496197923 0.0731399671826 
394.496197923 0.0492917475026 
397.496197923 0.0187783165786 
400.496197923 -0.00221498314829 
403.496197923 0.00411917292251 
406.496197923 0.0473096992322 
409.496197923 0.0866525709322 
412.496197923 0.0970036752029 
415.496197923 0.109256616695 
418.496197923 0.0939655594987 
421.496197923 0.0662012225727 
424.496197923 0.0283129156579 
427.496197923 0.00703784543186 
430.496197923 -0.00549965907025 
433.496197923 -0.0165964398429 
436.496197923 -0.0317929265337 
439.496197923 -0.0331733828393 
442.496197923 -0.0314424539508 
445.496197923 -0.0255698810296 
448.496197923 -0.0268114015571 
451.496197923 -0.0379526544659 
454.496197923 -0.04014666472 
457.496197923 -0.0420309490951 
460.496197923 -0.0297560165248 
463.496197923 -0.0250809933424 
466.496197923 -0.0237306133382 
469.496197923 -0.0396634930762 
472.496197923 -0.0492872501543 
475.496197923 -0.0438876627693 
478.496197923 -0.0409328184941 
481.496197923 -0.0267764300125 
484.496197923 -0.0205437327168 
487.496197923 -0.0234766382082 
490.496197923 -0.0390628265011 
493.496197923 -0.0448964830348 
496.496197923 -0.0403827914249 
499.496197923 -0.0339957541372 
502.496197923 -0.0373217751683 
505.496197923 -0.0478724225568 
508.496197923 -0.0450077253331 
511.496197923 -0.0335150858202 
514.496197923 -0.0250920616396 
517.496197923 -0.0216239262191 
520.496197923 -0.0313734953671 
523.496197923 -0.0416111586864 
526.496197923 -0.057839842532 
529.496197923 -0.0624305074642 
532.496197923 -0.0525902319382 
535.496197923 -0.0447752865448 
538.496197923 -0.0323102079956 
541.496197923 -0.0233885988624 
544.496197923 -0.0187928908976 
547.496197923 -0.0153819659319 
550.496197923 -0.0113599006624 
553.496197923 -0.0109839935055 
556.496197923 -0.0275345947277 
559.496197923 -0.0392781353488 
562.496197923 -0.0474241883523 
565.496197923 -0.054455421909 
568.496197923 -0.055689186898 
571.496197923 -0.0544869169897 
574.496197923 -0.0467406505168 
577.496197923 -0.0297799561512 
580.496197923 -0.0113559478616 
583.496197923 0.004479169118 
586.496197923 0.000856171468503 
589.496197923 0.00497787002841 
592.496197923 0.00877476491115 
595.496197923 0.00711039757424 
598.496197923 0.0107434194733 
601.496197923 0.0217176293135 
604.496197923 0.0165914877576 
607.496197923 0.0159987779421 
610.496197923 0.0168834732117 
613.496197923 0.0212562463903 
616.496197923 0.0245927900343 
619.496197923 0.0246519263 
622.496197923 0.0155449027258 
625.496197923 0.00779906654776 
628.496197923 -0.00178049748894 
631.496197923 -0.00346462030391 
634.496197923 -0.00344363533084 
637.496197923 -0.000629378878818 
640.496197923 -0.00897806586142 
643.496197923 -0.0165336509026 
646.496197923 -0.0214894173051 
649.496197923 -0.0251533556321 
652.496197923 -0.0217839526966 
655.496197923 -0.008749381495 
658.496197923 -0.00860561413686 
661.496197923 -0.0179824439392 
664.496197923 -0.0313347881586 
667.496197923 -0.0332674201654 
670.496197923 -0.0315904276257 
673.496197923 -0.0222701847201 
676.496197923 -0.0137639016157 
679.496197923 -0.0062543916584 
682.496197923 0.0019467541468 
685.496197923 0.00054622848804 
688.496197923 -0.00190539155869 
691.496197923 -0.00367137299179 
694.496197923 -0.00594671436923 
697.496197923 -0.0166388895365 
700.496197923 -0.0190961413226 
703.496197923 -0.0140580106914 
706.496197923 -0.00877661682735 
709.496197923 0.000266442329385 
712.496197923 0.0058985605691 
715.496197923 0.00515867059476 
718.496197923 -0.00699522180137 
721.496197923 -0.0168300302525 
724.496197923 -0.0182433322075 
727.496197923 -0.0109679526599 
730.496197923 -0.00321125082676 
733.496197923 0.00811759442881 
736.496197923 0.0112819314662 
739.496197923 0.00523994800223 
742.496197923 -0.00886183964622 
745.496197923 -0.0249817538257 
748.496197923 -0.0313891110337 
751.496197923 -0.0288318432676 
754.496197923 -0.0214411765365 
757.496197923 -0.00631965777812 
760.496197923 0.0144146131282 
763.496197923 0.0323286862312 
766.496197923 0.0389859031999 
769.496197923 0.0421339788442 
772.496197923 0.0407825370292 
775.496197923 0.0335071461132 
778.496197923 0.0266827905812 
781.496197923 0.0151593665142 
784.496197923 -0.0055209629276 
787.496197923 -0.0188744331893 
790.496197923 -0.037889978073 
793.496197923 -0.0507116044907 
796.496197923 -0.0562536700545 
799.496197923 -0.0540460586184 
802.496197923 -0.0578628749582 
805.496197923 -0.0609301302057 
808.496197923 -0.0632841305584 
811.496197923 -0.0617278570349 
814.496197923 -0.0578420889325 
817.496197923 -0.0614039024369 
820.496197923 -0.0651840260528 
823.496197923 -0.0662418851501 
826.496197923 -0.0623150452071 
829.496197923 -0.0546570295326 
832.496197923 -0.0430480819519 
835.496197923 -0.0345681156113 
838.496197923 -0.0249435422804 
841.496197923 -0.0205335170514 
844.496197923 -0.0267048294072 
847.496197923 -0.0273557898881 
850.496197923 -0.0242069548331 
853.496197923 -0.0177547912572 
856.496197923 -0.0163657392865 
859.496197923 -0.0148088927945 
862.496197923 -0.0182709904452 
865.496197923 -0.0231420564079 
868.496197923 -0.0391405410446 
871.496197923 -0.0537392748873 
874.496197923 -0.0607716134548 
877.496197923 -0.0700655361862 
880.496197923 -0.0735822852595 
883.496197923 -0.0767919004543 
886.496197923 -0.0749051059313 
889.496197923 -0.076794246897 
892.496197923 -0.0713316193296 
895.496197923 -0.0589175781812 
898.496197923 -0.046340886723 
901.496197923 -0.0393965124697 
904.496197923 -0.035533629004 
907.496197923 -0.0405032921674 
910.496197923 -0.0432423273844 
913.496197923 -0.0472229399709 
916.496197923 -0.0515262111552 
919.496197923 -0.0540871395538 
922.496197923 -0.0541726346464 
925.496197923 -0.0475966382431 
928.496197923 -0.041037717212 
931.496197923 -0.0368721426477 
934.496197923 -0.0408485420965 
937.496197923 -0.0379622471417 
940.496197923 -0.035305687564 
943.496197923 -0.0335841467197 
946.496197923 -0.0310417829568 
949.496197923 -0.0278124799261 
952.496197923 -0.0202587058747 
955.496197923 -0.0190247408015 
958.496197923 -0.0138370699267 
961.496197923 -0.0145643591403 
964.496197923 -0.013482341006 
967.496197923 -0.0106463751992 
970.496197923 -0.00816590170266 
973.496197923 -0.0096470816727 
976.496197923 -0.012924265093 
979.496197923 -0.012789878958 
982.496197923 -0.0103764672237 
985.496197923 -0.01547787109 
988.496197923 -0.0215543605616 
991.496197923 -0.0200632030946 
994.496197923 -0.00899232982248 
997.496197923 -0.00522923496828 
1000.49619792 -0.00665460507333 
1003.49619792 -0.0143976889561 
1006.49619792 -0.0224982148337 
1009.49619792 -0.0255608249434 
1012.49619792 -0.0247108351973 
1015.49619792 -0.0217468438884 
1018.49619792 -0.0253841050727 
1021.49619792 -0.0292731245442 
1024.49619792 -0.0381780402842 
1027.49619792 -0.0428302038405 
1030.49619792 -0.0392739745058 
1033.49619792 -0.0408159283629 
1036.49619792 -0.0470198817365 
1039.49619792 -0.0524984296442 
1042.49619792 -0.0469913606354 
1045.49619792 -0.0440992837004 
1048.49619792 -0.0404828608366 
1051.49619792 -0.0451441236791 
1054.49619792 -0.0395562570104 
1057.49619792 -0.040718255415 
1060.49619792 -0.039859157288 
1063.49619792 -0.0439001180142 
1066.49619792 -0.0399517644664 
1069.49619792 -0.03298403265 
1072.49619792 -0.0246916703088 
1075.49619792 -0.0188146557445 
1078.49619792 -0.0140739276212 
1081.49619792 -0.0139516113415 
1084.49619792 -0.0172893861858 
1087.49619792 -0.0136201660892 
1090.49619792 -0.0234462640542 
1093.49619792 -0.0321322216825 
1096.49619792 -0.0412385927092 
1099.49619792 -0.0424700248976 
1102.49619792 -0.0470899657941 
1105.49619792 -0.0499129681876 
1108.49619792 -0.0507107041115 
1111.49619792 -0.0472292244355 
1114.49619792 -0.0458371200431 
1117.49619792 -0.0479950832998 
1120.49619792 -0.0425557337166 
1123.49619792 -0.0398370889041 
1126.49619792 -0.0419234856608 
1129.49619792 -0.051111559274 
1132.49619792 -0.0606711666115 
1135.49619792 -0.0684243632754 
1138.49619792 -0.0658650128141 
1141.49619792 -0.0662332769798 
1144.49619792 -0.0664884025942 
1147.49619792 -0.0615805995708 
1150.49619792 -0.0546492717204 
1153.49619792 -0.0475353624401 
1156.49619792 -0.0350937301276 
1159.49619792 -0.025418703733 
1162.49619792 -0.0274627485645 
1165.49619792 -0.0320397600199 
1168.49619792 -0.0351025724875 
1171.49619792 -0.032806767095 
1174.49619792 -0.0335755226336 
1177.49619792 -0.0331647883111 
1180.49619792 -0.0330518089177 
1183.49619792 -0.0362119009857 
1186.49619792 -0.039079897326 
1189.49619792 -0.0369422903685 
1192.49619792 -0.0286940125002 
1195.49619792 -0.0195154110575 
1198.49619792 -0.0109961281609 
1201.49619792 -0.00975541251774 
1204.49619792 -0.014349321998 
1207.49619792 -0.0153335694159 
1210.49619792 -0.0165520745699 
1213.49619792 -0.0125183680347 
1216.49619792 -0.00860087179897 
1219.49619792 -0.00455174229196 
1222.49619792 -0.00795486340331 
1225.49619792 -0.0149713305146 
1228.49619792 -0.0215564932779 
1231.49619792 -0.0205663740692 
1234.49619792 -0.0163144222225 
1237.49619792 -0.0076388433965 
1240.49619792 -0.000597142719049 
1243.49619792 0.00486614343526 
1246.49619792 0.00863184450056 
1249.49619792 0.00662375515071 
1252.49619792 0.00828614097139 
1255.49619792 0.0107240601848 
1258.49619792 0.0177442686444 
1261.49619792 0.0249662268328 
1264.49619792 0.0312051040035 
1267.49619792 0.0314732441892 
1270.49619792 0.0346951418289 
1273.49619792 0.0393326719503 
1276.49619792 0.041150173658 
1279.49619792 0.0369176868262 
1282.49619792 0.0333228798829 
1285.49619792 0.0236281497365 
1288.49619792 0.0122965553119 
1291.49619792 0.00440430264879 
1294.49619792 -0.0087718193526 
1297.49619792 -0.0209358250983 
1300.49619792 -0.023216658277 
1303.49619792 -0.0238020456908 
1306.49619792 -0.0271133787187 
1309.49619792 -0.0295483699946 
1312.49619792 -0.0298011173348 
1315.49619792 -0.0367017390731 
1318.49619792 -0.0456333706085 
1321.49619792 -0.0498882577821 
1324.49619792 -0.0586409116778 
1327.49619792 -0.0643671320614 
1330.49619792 -0.0661487504769 
1333.49619792 -0.0647783825103 
1336.49619792 -0.0662550588794 
1339.49619792 -0.0679236205962 
1342.49619792 -0.0608048365358 
1345.49619792 -0.0448775705253 
1348.49619792 -0.0389077339194 
1351.49619792 -0.0362742431469 
1354.49619792 -0.0384860608997 
1357.49619792 -0.0376688690557 
1360.49619792 -0.0334772539803 
1363.49619792 -0.0257527193859 
1366.49619792 -0.022241909177 
1369.49619792 -0.02135237778 
1372.49619792 -0.0213372373135 
1375.49619792 -0.0187373243169 
1378.49619792 -0.0173801187111 
1381.49619792 -0.014875624304 
1384.49619792 -0.0169083768803 
1387.49619792 -0.0212997033263 
1390.49619792 -0.027278086713 
1393.49619792 -0.0348472217783 
1396.49619792 -0.0346831504157 
1399.49619792 -0.0314805449908 
1402.49619792 -0.0276171317565 
1405.49619792 -0.0250936259347 
1408.49619792 -0.0234627914683 
1411.49619792 -0.026178657838 
1414.49619792 -0.0304093029852 
1417.49619792 -0.0343711190203 
1420.49619792 -0.0349944587793 
1423.49619792 -0.0344782936966 
1426.49619792 -0.0286748930855 
1429.49619792 -0.0235261727034 
1432.49619792 -0.0198585282704 
1435.49619792 -0.0152585128098 
1438.49619792 -0.0131607715033 
1441.49619792 -0.0180316714869 
1444.49619792 -0.0246677829772 
1447.49619792 -0.0288439324492 
1450.49619792 -0.0309033996841 
1453.49619792 -0.0394473702494 
1456.49619792 -0.040688688419 
1459.49619792 -0.0376473804614 
1462.49619792 -0.0247508043009 
1465.49619792 -0.0132994276182 
1468.49619792 -0.00513738379005 
1471.49619792 -0.00628348061221 
1474.49619792 -0.00885396758132 
1477.49619792 -0.0119761522094 
1480.49619792 -0.0152110303151 
1483.49619792 -0.0147735904288 
1486.49619792 -0.0115534912737 
1489.49619792 -0.00585051476899 
1492.49619792 -0.0026022327235 
1495.49619792 -0.00164239231626 
1498.49619792 -0.00459211554301 
1501.49619792 -0.00691887033183 
1504.49619792 -0.00756110213718 
1507.49619792 -0.00800695579379 
1510.49619792 -0.0129638306176 
1513.49619792 -0.0156349133563 
1516.49619792 -0.0194644054884 
1519.49619792 -0.0237731426107 
1522.49619792 -0.0259579194313 
1525.49619792 -0.0234263670392 
1528.49619792 -0.02024193745 
1531.49619792 -0.0164175599717 
1534.49619792 -0.012730650608 
1537.49619792 -0.00613736226407 
1540.49619792 -0.00169755119689 
1543.49619792 0.000519035325441 
1546.49619792 -0.000906702832323 
1549.49619792 -0.00347229853719 
1552.49619792 -0.00734878318491 
1555.49619792 -0.0112605929352 
1558.49619792 -0.0117473160745 
1561.49619792 -0.0128006027919 
1564.49619792 -0.00924419497298 
1567.49619792 -0.00780751442332 
1570.49619792 -0.00838961693114 
1573.49619792 -0.0125745109945 
1576.49619792 -0.0183673833086 
1579.49619792 -0.0266937270047 
1582.49619792 -0.0315725314533 
1585.49619792 -0.0323546312475 
1588.49619792 -0.0299825778381 
1591.49619792 -0.0302479577706 
1594.49619792 -0.0327349300264 
1597.49619792 -0.0369639199312 
1600.49619792 -0.0406323283223 
1603.49619792 -0.041937077748 
1606.49619792 -0.0396056641792 
1609.49619792 -0.0348862836817 
1612.49619792 -0.0302262668184 
1615.49619792 -0.0297387160578 
1618.49619792 -0.0338081387693 
1621.49619792 -0.0344482469531 
1624.49619792 -0.0305726922425 
1627.49619792 -0.0259768319407 
1630.49619792 -0.0243762897758 
1633.49619792 -0.0212230346777 
1636.49619792 -0.0221932000294 
1639.49619792 -0.0226186382709 
1642.49619792 -0.0210289461295 
1645.49619792 -0.0198993591004 
1648.49619792 -0.0206602363215 
1651.49619792 -0.0225054474248 
1654.49619792 -0.0240557752628 
1657.49619792 -0.0242112816551 
1660.49619792 -0.0288201156018 
1663.49619792 -0.0317106805365 
1666.49619792 -0.0324150703346 
1669.49619792 -0.0322475316027 
1672.49619792 -0.0334255617583 
1675.49619792 -0.0288131535792 
1678.49619792 -0.023970339286 
1681.49619792 -0.0198328992963 
1684.49619792 -0.0211871991329 
1687.49619792 -0.0212356900068 
1690.49619792 -0.0189910629836 
1693.49619792 -0.0177922615813 
1696.49619792 -0.0168826717378 
1699.49619792 -0.0174931276624 
1702.49619792 -0.0177856542535 
1705.49619792 -0.0140737013896 
1708.49619792 -0.0129315761262 
1711.49619792 -0.00962875236338 
1714.49619792 -0.00640205724899 
1717.49619792 -0.00780620193882 
1720.49619792 -0.0121624579349 
1723.49619792 -0.01562294468 
1726.49619792 -0.017925157316 
1729.49619792 -0.0211510816513 
1732.49619792 -0.0210099972411 
1735.49619792 -0.0197157954388 
1738.49619792 -0.0190336013509 
1741.49619792 -0.0195089674351 
1744.49619792 -0.0162847779212 
1747.49619792 -0.015971425515 
1750.49619792 -0.0138611232373 
1753.49619792 -0.0112749853594 
1756.49619792 -0.00972006808886 
1759.49619792 -0.0111547574591 
1762.49619792 -0.0102928752052 
1765.49619792 -0.00753024141456 
1768.49619792 -0.00706166341608 
1771.49619792 -0.00635626239675 
1774.49619792 -0.00566609847552 
1777.49619792 -0.00515762981558 
1780.49619792 -0.00726184089198 
1783.49619792 -0.00532878768505 
1786.49619792 0.00207055414789 
1789.49619792 0.00309936337041 
1792.49619792 0.00601078964658 
1795.49619792 0.00333188969557 
1798.49619792 0.00196997997826 
1801.49619792 0.00132839858884 
1804.49619792 0.00603044906145 
1807.49619792 0.00898384329428 
1810.49619792 0.0133508356296 
1813.49619792 0.0165568663604 
1816.49619792 0.0204687124897 
1819.49619792 0.0212634789814 
1822.49619792 0.0161191900109 
1825.49619792 0.0119693357026 
1828.49619792 0.00987476277574 
1831.49619792 0.00576230887577 
1834.49619792 0.00929888845877 
1837.49619792 0.00809695164529 
1840.49619792 0.00358126970868 
1843.49619792 -0.00248390420257 
1846.49619792 -0.0127451624007 
1849.49619792 -0.0234562273406 
1852.49619792 -0.0322228075552 
1855.49619792 -0.0336074838196 
1858.49619792 -0.0295165929771 
1861.49619792 -0.0203214482044 
1864.49619792 -0.0171563631247 
1867.49619792 -0.0138126335002 
1870.49619792 -0.0188117363333 
1873.49619792 -0.0184416066093 
1876.49619792 -0.015853265531 
1879.49619792 -0.0163363712379 
1882.49619792 -0.0188233753254 
1885.49619792 -0.0208755724534 
1888.49619792 -0.0233874711148 
1891.49619792 -0.0277549647976 
1894.49619792 -0.0287587124724 
1897.49619792 -0.0286978322905 
1900.49619792 -0.0218321525389 
1903.49619792 -0.0129871336122 
1906.49619792 -0.00581336503444 
1909.49619792 -0.00188543770165 
1912.49619792 0.000547059590856 
1915.49619792 0.00186687548175 
1918.49619792 0.00137377394626 
1921.49619792 0.00267499518172 
1924.49619792 0.00269452414393 
1927.49619792 0.00226577285954 
1930.49619792 -9.28523189127e-05 
1933.49619792 -0.00211063039887 
1936.49619792 -0.00708970818018 
1939.49619792 -0.0136461611265 
1942.49619792 -0.0160102907447 
1945.49619792 -0.0153766841623 
1948.49619792 -0.0102269667695 
1951.49619792 -0.00608141654642 
1954.49619792 -0.00219362003303 
1957.49619792 0.000292703227962 
1960.49619792 -0.000491068825828 
1963.49619792 -0.0019015696368 
1966.49619792 -0.00188603255441 
1969.49619792 0.00197832269589 
1972.49619792 0.00194481227795 
1975.49619792 0.000510067593192 
1978.49619792 0.00308294111414 
1981.49619792 0.00474220999729 
1984.49619792 0.00539137426733 
1987.49619792 0.00515768381559 
1990.49619792 0.000758743652196 
1993.49619792 -0.00121152863665 
1996.49619792 0.00205251857022 
1999.49619792 0.00412521552385 
2002.49619792 0.00628682690769 
2005.49619792 0.00525073095198 
2008.49619792 0.000904507376573 
2011.49619792 0.00142373390469 
2014.49619792 4.77504564601e-05 
2017.49619792 -0.0017489627609 
2020.49619792 -0.00762361766681 
2023.49619792 -0.0121750837061 
2026.49619792 -0.0158663460391 
2029.49619792 -0.0153102584634 
2032.49619792 -0.0162150690216 
2035.49619792 -0.0153664105179 
2038.49619792 -0.0173755190469 
2041.49619792 -0.0164511854949 
2044.49619792 -0.0160634108406 
2047.49619792 -0.0174025770319 
2050.49619792 -0.0170613140089 
2053.49619792 -0.0161181031896 
2056.49619792 -0.019007451703 
2059.49619792 -0.0219639284839 
2062.49619792 -0.0246192261665 
2065.49619792 -0.0249214966334 
2068.49619792 -0.0239182400744 
2071.49619792 -0.0261115523074 
2074.49619792 -0.0289137322962 
2077.49619792 -0.0301446460845 
2080.49619792 -0.0306325947399 
2083.49619792 -0.0301362175353 
2086.49619792 -0.0278851173316 
2089.49619792 -0.0270561227902 
2092.49619792 -0.0195407762842 
2095.49619792 -0.0127100305614 
2098.49619792 -0.00744572286953 
2101.49619792 -0.00644316319493 
2104.49619792 -0.00385470075869 
2107.49619792 0.000627476515239 
2110.49619792 0.00451452548372 
2113.49619792 0.00729627243644 
2116.49619792 0.00775462169582 
2119.49619792 0.0119064455835 
2122.49619792 0.0121664311989 
2125.49619792 0.014110578282 
2128.49619792 0.0127614419833 
2131.49619792 0.0131364010137 
2134.49619792 0.0126149905403 
2137.49619792 0.0117273576701 
2140.49619792 0.00963844053395 
2143.49619792 0.00711917342881 
2146.49619792 0.0101947475203 
2149.49619792 0.0111027753424 
2152.49619792 0.00552601448662 
2155.49619792 0.00280473617886 
2158.49619792 -0.000856489358047 
2161.49619792 -0.00600837385657 
2164.49619792 -0.0168118555537 
2167.49619792 -0.0230329513732 
2170.49619792 -0.0247805054443 
2173.49619792 -0.024900117176 
2176.49619792 -0.0214630630256 
2179.49619792 -0.0159612325864 
2182.49619792 -0.0148935716343 
2185.49619792 -0.0165931191263 
2188.49619792 -0.0135751664582 
2191.49619792 -0.0115237958145 
2194.49619792 -0.0106403794926 
2197.49619792 -0.0106387026501 
2200.49619792 -0.0146203975106 
2203.49619792 -0.0226948976562 
2206.49619792 -0.029671171706 
2209.49619792 -0.0350434521376 
2212.49619792 -0.0359202963738 
2215.49619792 -0.0374323740138 
2218.49619792 -0.0374832590777 
2221.49619792 -0.0394260294447 
2224.49619792 -0.036964736184 
2227.49619792 -0.0316633901682 
2230.49619792 -0.0233040928227 
2233.49619792 -0.0163405866494 
2236.49619792 -0.014337055469 
2239.49619792 -0.0127326434927 
2242.49619792 -0.00706431055351 
2245.49619792 0.000690873950328 
2248.49619792 0.00439204805661 
2251.49619792 0.00913717945455 
2254.49619792 0.0133490610186 
2257.49619792 0.0172786714465 
2260.49619792 0.0261101358018 
2263.49619792 0.0365792261197 
2266.49619792 0.0450998277535 
2269.49619792 0.0445086788226 
2272.49619792 0.0412637214726 
2275.49619792 0.0366828197426 
2278.49619792 0.0367031214734 
2281.49619792 0.0370605651736 
2284.49619792 0.0316017983229 
2287.49619792 0.0202573780429 
2290.49619792 0.00889024024198 
2293.49619792 0.00107681722262 
2296.49619792 -0.00742602821254 
2299.49619792 -0.0140899525511 
2302.49619792 -0.022769451778 
2305.49619792 -0.0299501960204 
2308.49619792 -0.0402225966947 
2311.49619792 -0.0512201186243 
2314.49619792 -0.0567856213302 
2317.49619792 -0.0590922244514 
2320.49619792 -0.0620444949156 
2323.49619792 -0.0677964715996 
2326.49619792 -0.072119783041 
2329.49619792 -0.0780640634307 
2332.49619792 -0.0779419938458 
2335.49619792 -0.0745852803447 
2338.49619792 -0.0696706471724 
2341.49619792 -0.0685179526856 
2344.49619792 -0.0659556146025 
2347.49619792 -0.0657018350095 
2350.49619792 -0.0629196679935 
2353.49619792 -0.0602356195677 
2356.49619792 -0.0576397128035 
2359.49619792 -0.0542380076293 
2362.49619792 -0.0511778008044 
2365.49619792 -0.0483655211081 
2368.49619792 -0.0414175908119 
2371.49619792 -0.0361192642494 
2374.49619792 -0.0326573905566 
2377.49619792 -0.0314967881944 
2380.49619792 -0.0325744328962 
2383.49619792 -0.0322749385983 
2386.49619792 -0.0337526813255 
2389.49619792 -0.0298165420119 
2392.49619792 -0.0250225164452 
2395.49619792 -0.0185365772829 
2398.49619792 -0.0136697847107 
2401.49619792 -0.00892788961874 
2404.49619792 -0.00636291917717 
2407.49619792 0.000167801377941 
2410.49619792 0.0055043974292 
2413.49619792 0.0100197874815 
2416.49619792 0.0134881411757 
2419.49619792 0.0165176271096 
2422.49619792 0.0145347000601 
2425.49619792 0.0132921393218 
2428.49619792 0.0104071903884 
2431.49619792 0.00876665013041 
2434.49619792 0.0122319826661 
2437.49619792 0.0167808572732 
2440.49619792 0.0216269047461 
2443.49619792 0.0254171735431 
2446.49619792 0.0277824081721 
2449.49619792 0.0275413725819 
2452.49619792 0.0271601006659 
2455.49619792 0.0296319097184 
2458.49619792 0.0296749028226 
2461.49619792 0.0285287110741 
2464.49619792 0.0270214854773 
2467.49619792 0.0310746104167 
2470.49619792 0.0325374741512 
2473.49619792 0.034152288235 
2476.49619792 0.0368302932068 
2479.49619792 0.0357227745616 
2482.49619792 0.033212312869 
2485.49619792 0.0287358846779 
2488.49619792 0.0285932109621 
2491.49619792 0.0297801221301 
2494.49619792 0.0277929739849 
2497.49619792 0.0238741328647 
2500.49619792 0.0235794519573 
2503.49619792 0.0219990841969 
2506.49619792 0.0210048064189 
2509.49619792 0.0235815619367 
2512.49619792 0.0244337389675 
2515.49619792 0.0237995378166 
2518.49619792 0.0222661330139 
2521.49619792 0.0174152573715 
2524.49619792 0.0138857711164 
2527.49619792 0.0137092649721 
2530.49619792 0.0117604909406 
2533.49619792 0.0107932165791 
2536.49619792 0.00948719104783 
2539.49619792 0.00863470706962 
2542.49619792 0.00763609337484 
2545.49619792 0.00685340355945 
2548.49619792 0.00786265070921 
2551.49619792 0.0168506753097 
2554.49619792 0.0248684038216 
2557.49619792 0.0344053084173 
2560.49619792 0.0380177546066 
2563.49619792 0.0383028746697 
2566.49619792 0.0326851135944 
2569.49619792 0.0289109629482 
2572.49619792 0.0252046181277 
2575.49619792 0.0184103195708 
2578.49619792 0.0137973975389 
2581.49619792 0.00315327328761 
2584.49619792 -0.0103500833862 
2587.49619792 -0.0188643118818 
2590.49619792 -0.024111576033 
2593.49619792 -0.0271375775451 
2596.49619792 -0.0288167300853 
2599.49619792 -0.0300116036972 
2602.49619792 -0.0309569154012 
2605.49619792 -0.0312502707504 
2608.49619792 -0.0277273281599 
2611.49619792 -0.0230384627849 
2614.49619792 -0.0163749977307 
2617.49619792 -0.0095862685645 
2620.49619792 -0.00202528977471 
2623.49619792 0.00164391369554 
2626.49619792 0.00475997713807 
2629.49619792 0.00881878458405 
2632.49619792 0.0160142583245 
2635.49619792 0.0223043741171 
2638.49619792 0.0274419011493 
2641.49619792 0.0280745993947 
2644.49619792 0.0266182975143 
2647.49619792 0.0208666095883 
2650.49619792 0.015539276493 
2653.49619792 0.0110639021548 
2656.49619792 0.00845778256729 
2659.49619792 0.00344282277277 
2662.49619792 0.00199108488819 
2665.49619792 0.00414514664405 
2668.49619792 0.00809214791791 
2671.49619792 0.0055192235588 
2674.49619792 -0.000407976520589 
2677.49619792 -0.00584987131621 
2680.49619792 -0.00833769506701 
2683.49619792 -0.00884850562221 
2686.49619792 -0.0093684063689 
2689.49619792 -0.00766930281377 
2692.49619792 -0.00708923752745 
2695.49619792 -0.00710611452066 
2698.49619792 -0.00849795004986 
2701.49619792 -0.00859678257701 
2704.49619792 -0.00770661795887 
2707.49619792 -0.00600442617148 
2710.49619792 -0.00264668013334 
2713.49619792 2.89688814959e-05 
2716.49619792 0.00221768059099 
2719.49619792 0.00288405423853 
2722.49619792 0.00924142733026 
2725.49619792 0.018239686354 
2728.49619792 0.0258330600352 
2731.49619792 0.0296680044632 
2734.49619792 0.0319861715449 
2737.49619792 0.0355224038225 
2740.49619792 0.0382435360461 
2743.49619792 0.0383529593966 
2746.49619792 0.0386915065031 
2749.49619792 0.0392760935799 
2752.49619792 0.0397073024333 
2755.49619792 0.0394146701159 
2758.49619792 0.0425712220568 
2761.49619792 0.0451305634235 
2764.49619792 0.0419588596476 
2767.49619792 0.039829676692 
2770.49619792 0.0368861576403 
2773.49619792 0.0329518281797 
2776.49619792 0.0326786381403 
2779.49619792 0.0363247098528 
2782.49619792 0.0423213622962 
2785.49619792 0.0488826706963 
2788.49619792 0.0563274420288 
2791.49619792 0.0556793372958 
2794.49619792 0.0547964791635 
2797.49619792 0.0598878731328 
2800.49619792 0.0621635132156 
2803.49619792 0.0570118484119 
2806.49619792 0.0515102635307 
2809.49619792 0.0427686688374 
2812.49619792 0.0318492775356 
2815.49619792 0.0218296560331 
2818.49619792 0.0157371029789 
2821.49619792 0.0120800596008 
2824.49619792 0.00592280884815 
2827.49619792 0.00200051087449 
2830.49619792 -0.00464859330288 
2833.49619792 -0.0099988354769 
2836.49619792 -0.012826794503 
2839.49619792 -0.0110826748326 
2842.49619792 -0.0106373850498 
2845.49619792 -0.0100868623174 
2848.49619792 -0.011904357204 
2851.49619792 -0.0153669277812 
2854.49619792 -0.0141014426168 
2857.49619792 -0.00918146287488 
2860.49619792 -0.0074414437949 
2863.49619792 -0.00487306339468 
2866.49619792 -0.00169135867447 
2869.49619792 0.00213151305613 
2872.49619792 0.00611004223697 
2875.49619792 0.00773036034308 
2878.49619792 0.00904782307687 
2881.49619792 0.00901524003808 
2884.49619792 0.0111047693639 
2887.49619792 0.0137302101557 
2890.49619792 0.0162269785821 
2893.49619792 0.0209321076238 
2896.49619792 0.0229347168251 
2899.49619792 0.0194162261093 
2902.49619792 0.0144428147766 
2905.49619792 0.0109613203216 
2908.49619792 0.00713040656814 
2911.49619792 0.00389402186213 
2914.49619792 0.000644665074308 
2917.49619792 -0.00662091986587 
2920.49619792 -0.00947465565558 
2923.49619792 -0.00737604693832 
2926.49619792 -0.00703047755654 
2929.49619792 -0.00942382800222 
2932.49619792 -0.0139692812823 
2935.49619792 -0.0183883898817 
2938.49619792 -0.020735888633 
2941.49619792 -0.0174222546362 
2944.49619792 -0.00955864670575 
2947.49619792 -0.000931274756184 
2950.49619792 0.0015194951101 
2953.49619792 -0.00110514271573 
2956.49619792 -0.000726569095073 
2959.49619792 0.00634873308982 
2962.49619792 0.0122505825439 
2965.49619792 0.0156610846042 
2968.49619792 0.0157265405766 
2971.49619792 0.0139015322988 
2974.49619792 0.0130238547572 
2977.49619792 0.0117445603687 
2980.49619792 0.0144275731311 
2983.49619792 0.0149011145833 
2986.49619792 0.0154619223285 
2989.49619792 0.0170004872586 
2992.49619792 0.0151611297567 
2995.49619792 0.0126931200313 
2998.49619792 0.0131710815266 
3001.49619792 0.0155531550645 
3004.49619792 0.0186933842229 
3007.49619792 0.0214341463034 
3010.49619792 0.0239103276516 
3013.49619792 0.0258662421899 
3016.49619792 0.0249937338704 
3019.49619792 0.0224961139491 
3022.49619792 0.0202853739228 
3025.49619792 0.0183684814984 
3028.49619792 0.0170460496266 
3031.49619792 0.0178391551917 
3034.49619792 0.0131795180337 
3037.49619792 0.00495046985393 
3040.49619792 -0.00288458429128 
3043.49619792 -0.0112152238304 
3046.49619792 -0.0162016520081 
3049.49619792 -0.0126982938009 
3052.49619792 -0.012291153037 
3055.49619792 -0.0105958380091 
3058.49619792 -0.00702111452289 
3061.49619792 -0.000545058748307 
3064.49619792 0.00585895411822 
3067.49619792 0.0115107380432 
3070.49619792 0.015668246711 
3073.49619792 0.0224190223951 
3076.49619792 0.024337216504 
3079.49619792 0.0222906683457 
3082.49619792 0.0185159265415 
3085.49619792 0.0161641737261 
3088.49619792 0.0144308858897 
3091.49619792 0.010024550851 
3094.49619792 0.00825814622835 
3097.49619792 0.00372114906597 
3100.49619792 -0.00283493895397 
3103.49619792 -0.0150614116293 
3106.49619792 -0.0222967868312 
3109.49619792 -0.0276756791379 
3112.49619792 -0.0239982896922 
3115.49619792 -0.0191966904817 
3118.49619792 -0.0109195879755 
3121.49619792 -0.00398226328167 
3124.49619792 0.00604371316965 
3127.49619792 0.0111021625843 
3130.49619792 0.0170305885706 
3133.49619792 0.0255509457833 
3136.49619792 0.0388971885697 
3139.49619792 0.0484425080725 
3142.49619792 0.0595905070038 
3145.49619792 0.0650199069427 
3148.49619792 0.065043912506 
3151.49619792 0.0580760510896 
3154.49619792 0.0513214976783 
3157.49619792 0.0438062966882 
3160.49619792 0.0378725002586 
3163.49619792 0.0334394539719 
3166.49619792 0.0285185340614 
3169.49619792 0.01797397219 
3172.49619792 0.0067558727168 
3175.49619792 -0.00623808990743 
3178.49619792 -0.0168638695021 
3181.49619792 -0.0247829428343 
3184.49619792 -0.0291078708655 
3187.49619792 -0.0320266113012 
3190.49619792 -0.0331854447367 
3193.49619792 -0.0348501707474 
3196.49619792 -0.0331759407346 
3199.49619792 -0.0277943336484 
3202.49619792 -0.0230906483965 
3205.49619792 -0.0163526144415 
3208.49619792 -0.00692233315365 
3211.49619792 0.00133291753721 
3214.49619792 0.00495811057141 
3217.49619792 0.004260442638 
3220.49619792 0.000838283538227 
3223.49619792 -0.000174383126766 
3226.49619792 0.00299262723099 
3229.49619792 0.00965813973831 
3232.49619792 0.0134079540001 
3235.49619792 0.0131299528438 
3238.49619792 0.0150223190312 
3241.49619792 0.0168356382958 
3244.49619792 0.0192295952469 
3247.49619792 0.0248165206102 
3250.49619792 0.0310005951583 
3253.49619792 0.0341465881074 
3256.49619792 0.0351340129997 
3259.49619792 0.0360028356763 
3262.49619792 0.0364186153052 
3265.49619792 0.0337884691229 
3268.49619792 0.0299749291628 
3271.49619792 0.0255065270787 
3274.49619792 0.0233422634417 
3277.49619792 0.023536906769 
3280.49619792 0.0223504867168 
3283.49619792 0.0180974446383 
3286.49619792 0.0152232206757 
3289.49619792 0.0131036804169 
3292.49619792 0.0111810503492 
3295.49619792 0.0156431702423 
3298.49619792 0.022944445922 
3301.49619792 0.0283885361378 
3304.49619792 0.0345154525259 
3307.49619792 0.0384641152949 
3310.49619792 0.0391395269813 
3313.49619792 0.0426056911171 
3316.49619792 0.0511687015182 
3319.49619792 0.0548049236285 
3322.49619792 0.0541617436967 
3325.49619792 0.0520734916133 
3328.49619792 0.0474622043607 
3331.49619792 0.0425840683755 
3334.49619792 0.039966297859 
3337.49619792 0.0389934245489 
3340.49619792 0.0343435687826 
3343.49619792 0.0285168697241 
3346.49619792 0.0233762618492 
3349.49619792 0.0233628016357 
3352.49619792 0.0238229976955 
3355.49619792 0.0251044213897 
3358.49619792 0.0245190135127 
3361.49619792 0.0242166384563 
3364.49619792 0.0276058520067 
3367.49619792 0.0325999118071 
3370.49619792 0.0338139275706 
3373.49619792 0.032015124646 
3376.49619792 0.0256772671586 
3379.49619792 0.0176708229439 
3382.49619792 0.00774263141948 
3385.49619792 0.000725330363219 
3388.49619792 -0.00238823749718 
3391.49619792 -0.00589820587428 
3394.49619792 -0.00461824813827 
3397.49619792 -0.00222819339858 
3400.49619792 -0.00474177515509 
3403.49619792 -0.00661946982344 
3406.49619792 -0.00497270535359 
3409.49619792 0.00166173909949 
3412.49619792 0.0151906615106 
3415.49619792 0.0278009796288 
3418.49619792 0.0304698102828 
3421.49619792 0.0313960002984 
3424.49619792 0.0308578555056 
3427.49619792 0.0293746763983 
3430.49619792 0.0300629412243 
3433.49619792 0.0294215688718 
3436.49619792 0.0294442511505 
3439.49619792 0.0309707462253 
3442.49619792 0.0303574788896 
3445.49619792 0.02942276483 
3448.49619792 0.0245290359149 
3451.49619792 0.0197573629427 
3454.49619792 0.015825140051 
3457.49619792 0.0159682855564 
3460.49619792 0.0139869853283 
3463.49619792 0.0128127533631 
3466.49619792 0.010608516075 
3469.49619792 0.00717643106254 
3472.49619792 0.00520772306878 
3475.49619792 0.0029069394436 
3478.49619792 0.00119003144505 
3481.49619792 0.00282232398276 
3484.49619792 0.00680467338024 
3487.49619792 0.0103019358387 
3490.49619792 0.0108731138599 
3493.49619792 0.0110716792934 
3496.49619792 0.0120261459889 
3499.49619792 0.0128012928553 
3502.49619792 0.0150592584499 
3505.49619792 0.0165108844976 
3508.49619792 0.0155969405479 
3511.49619792 0.0132202999796 
3514.49619792 0.0141370189615 
3517.49619792 0.0171635968526 
3520.49619792 0.0173638345812 
3523.49619792 0.0148507194985 
3526.49619792 0.0119186655019 
3529.49619792 0.00877764737495 
3532.49619792 0.00956336119101 
3535.49619792 0.0134032270096 
3538.49619792 0.0193359241125 
3541.49619792 0.0235270821773 
3544.49619792 0.0251705105833 
3547.49619792 0.0239986784922 
3550.49619792 0.0211513749566 
3553.49619792 0.0187099855319 
3556.49619792 0.0131237229477 
3559.49619792 0.00106348135124 
3562.49619792 -0.0113181740006 
3565.49619792 -0.0196207917967 
3568.49619792 -0.0196078295201 
3571.49619792 -0.013691301726 
3574.49619792 -0.000605907063095 
3577.49619792 0.0104055010406 
3580.49619792 0.0169844111709 
3583.49619792 0.0193531313585 
3586.49619792 0.0201823168894 
3589.49619792 0.0196460433391 
3592.49619792 0.0193154268448 
3595.49619792 0.0123152393161 
3598.49619792 0.00624878759401 
3601.49619792 0.00150699041259 
3604.49619792 -0.00268674558432 
3607.49619792 -0.00591698423633 
3610.49619792 -0.00829241065699 
3613.49619792 -0.0077247301313 
3616.49619792 -0.00542642425404 
3619.49619792 -3.24863849885e-05 
3622.49619792 0.00968918917676 
3625.49619792 0.0199276551067 
3628.49619792 0.0269174098332 
3631.49619792 0.0306123202933 
3634.49619792 0.0279717356245 
3637.49619792 0.0263513396447 
3640.49619792 0.0288833626895 
3643.49619792 0.0338715973097 
3646.49619792 0.0439443411819 
3649.49619792 0.0513389550296 
3652.49619792 0.0540829741634 
3655.49619792 0.0537091940386 
3658.49619792 0.0488241778833 
3661.49619792 0.0417728858801 
3664.49619792 0.0336859441317 
3667.49619792 0.0267938464374 
3670.49619792 0.0199453307317 
3673.49619792 0.0113796510247 
3676.49619792 0.00128486235815 
3679.49619792 -0.00513908393779 
3682.49619792 -0.0102007216269 
3685.49619792 -0.0107482953902 
3688.49619792 -0.0131191141888 
3691.49619792 -0.0156979603597 
3694.49619792 -0.0184889242619 
3697.49619792 -0.0231953106512 
3700.49619792 -0.028116012288 
3703.49619792 -0.0277532731761 
3706.49619792 -0.0250285417097 
3709.49619792 -0.0211340631212 
3712.49619792 -0.0162942523654 
3715.49619792 -0.0117681623528 
3718.49619792 -0.00826551751419 
3721.49619792 -0.00547101462181 
3724.49619792 -0.00297724518548 
3727.49619792 -0.00158617361434 
3730.49619792 -0.00297001685756 
3733.49619792 -0.00967848807966 
3736.49619792 -0.0177950741293 
3739.49619792 -0.0231502507676 
3742.49619792 -0.0255509844359 
3745.49619792 -0.0239592891783 
3748.49619792 -0.0202749809099 
3751.49619792 -0.0143947161133 
3754.49619792 -0.008844919453 
3757.49619792 -0.003798082883 
3760.49619792 0.00132191872951 
3763.49619792 0.00515848983682 
3766.49619792 0.00914780381479 
3769.49619792 0.0112486265325 
3772.49619792 0.0116471272945 
3775.49619792 0.0119792375996 
3778.49619792 0.0133545405988 
3781.49619792 0.0134371015013 
3784.49619792 0.0166401514315 
3787.49619792 0.0215761424612 
3790.49619792 0.0288779740567 
3793.49619792 0.0345326938771 
3796.49619792 0.039339893173 
3799.49619792 0.0414022252506 
3802.49619792 0.0382237458943 
3805.49619792 0.0330117488667 
3808.49619792 0.0274691899132 
3811.49619792 0.0195911452217 
3814.49619792 0.0109165639748 
3817.49619792 0.00294553438898 
3820.49619792 -0.0109415176646 
3823.49619792 -0.0168053425839 
3826.49619792 -0.0171527172713 
3829.49619792 -0.0118365638838 
3832.49619792 -0.00413397375737 
3835.49619792 0.00309028909472 
3838.49619792 0.0122333843927 
3841.49619792 0.0193573922436 
3844.49619792 0.0268959257863 
3847.49619792 0.0297444616591 
3850.49619792 0.0312439453595 
3853.49619792 0.0322149747113 
3856.49619792 0.030277990872 
3859.49619792 0.0228801029183 
3862.49619792 0.00936716436862 
3865.49619792 0.000485675077265 
3868.49619792 -0.00776214361327 
3871.49619792 -0.00797855519803 
3874.49619792 -0.00590608817076 
3877.49619792 -0.00120165430815 
3880.49619792 0.00352632043336 
3883.49619792 0.0114742522246 
3886.49619792 0.0226909528132 
3889.49619792 0.0373492799323 
3892.49619792 0.0491911096698 
3895.49619792 0.055249119769 
3898.49619792 0.0544871943792 
3901.49619792 0.0524905035793 
3904.49619792 0.0488271200314 
3907.49619792 0.0458657821126 
3910.49619792 0.0418702950806 
3913.49619792 0.0381577226376 
3916.49619792 0.0340581736036 
3919.49619792 0.029384680611 
3922.49619792 0.0245186747337 
3925.49619792 0.0240772092886 
3928.49619792 0.0224067649608 
3931.49619792 0.0173016720411 
3934.49619792 0.0128174303325 
3937.49619792 0.0116420831249 
3940.49619792 0.0152311251406 
3943.49619792 0.0199040269752 
3946.49619792 0.0272947300851 
3949.49619792 0.0388559257395 
3952.49619792 0.0502452763032 
3955.49619792 0.0562379543458 
3958.49619792 0.0568125463046 
3961.49619792 0.0557296994122 
3964.49619792 0.0494236257634 
3967.49619792 0.0357140345176 
3970.49619792 0.021697484467 
3973.49619792 0.0106510305687 
3976.49619792 0.00733050446508 
3979.49619792 0.0109803078626 
3982.49619792 0.0214154475203 
3985.49619792 0.0318739856674 
3988.49619792 0.0362748252102 
3991.49619792 0.036334645855 
3994.49619792 0.0352056340682 
3997.49619792 0.0359446930108 
4000.49619792 0.0399812223255 
4003.49619792 0.0411202610619 
4006.49619792 0.0359930360952 
4009.49619792 0.028266934932 
4012.49619792 0.0238294185811 
4015.49619792 0.0222802321328 
4018.49619792 0.0258697027381 
4021.49619792 0.0332353430214 
4024.49619792 0.0361795441786 
4027.49619792 0.0343965228996 
4030.49619792 0.0301895945576 
4033.49619792 0.0226839816959 
4036.49619792 0.0151822807087 
4039.49619792 0.00738558561411 
4042.49619792 0.00237417191511 
4045.49619792 -0.00150068761646 
4048.49619792 2.58093701056e-05 
4051.49619792 0.00348583264545 
4054.49619792 0.0119608491744 
4057.49619792 0.0185245824592 
4060.49619792 0.0237826761707 
4063.49619792 0.031281261073 
4066.49619792 0.0425555336323 
4069.49619792 0.0522675324141 
4072.49619792 0.0586682413681 
4075.49619792 0.0566066414169 
4078.49619792 0.0473621167596 
4081.49619792 0.0348318175644 
4084.49619792 0.0258373095519 
4087.49619792 0.0208228002312 
4090.49619792 0.020848979437 
4093.49619792 0.0187228966505 
4096.49619792 0.0147999196977 
4099.49619792 0.0108961519703 
4102.49619792 0.010646910652 
4105.49619792 0.0134237993089 
4108.49619792 0.0154957229255 
4111.49619792 0.012816993785 
4114.49619792 0.0098352484091 
4117.49619792 0.00624397704557 
4120.49619792 0.00422237547167 
4123.49619792 0.00486095886569 
4126.49619792 0.00850704024135 
4129.49619792 0.0153571611685 
4132.49619792 0.0176842047153 
4135.49619792 0.0166396694103 
4138.49619792 0.0150056938486 
4141.49619792 0.0149908773821 
4144.49619792 0.014244394859 
4147.49619792 0.0138435385597 
4150.49619792 0.0141897161521 
4153.49619792 0.0203196815514 
4156.49619792 0.0315839726348 
4159.49619792 0.0431969400901 
4162.49619792 0.0522531308951 
4165.49619792 0.0625341692977 
4168.49619792 0.0724378760798 
4171.49619792 0.0777605174267 
4174.49619792 0.0729030492354 
4177.49619792 0.0586263146219 
4180.49619792 0.0349409430622 
4183.49619792 0.00796112513101 
4186.49619792 -0.0170316878971 
4189.49619792 -0.0357640419392 
4192.49619792 -0.0454108450855 
4195.49619792 -0.0437437294322 
4198.49619792 -0.0271835901026 
4201.49619792 -7.60836354715e-06 
4204.49619792 0.0268963850706 
4207.49619792 0.0449195109136 
4210.49619792 0.0490262402439 
4213.49619792 0.0373017258165 
4216.49619792 0.0186574213518 
4219.49619792 -0.000252333192051 
4222.49619792 -0.0120003805937 
4225.49619792 -0.0204893393574 
4228.49619792 -0.0260380077016 
4231.49619792 -0.0252807479129 
4234.49619792 -0.0123833077522 
4237.49619792 0.0170287343807 
4240.49619792 0.0549483158287 
4243.49619792 0.0834795347771 
4246.49619792 0.0938408069658 
4249.49619792 0.0885495515627 
4252.49619792 0.0740225888517 
4255.49619792 0.0547569943548 
4258.49619792 0.0352067322579 
4261.49619792 0.0216358175902 
4264.49619792 0.0142319884983 
4267.49619792 0.00724561815155 
4270.49619792 -0.000341032883399 
4273.49619792 -0.00571836991868 
4276.49619792 -0.0089410588006 
4279.49619792 -0.0111159934084 
4282.49619792 -0.0116244961737 
4285.49619792 -0.011904919941 
4288.49619792 -0.0123170946428 
4291.49619792 -0.0114124000425 
4294.49619792 -0.00816176757543 
4297.49619792 -0.00425074793059 
4300.49619792 -0.00140260298948 
4303.49619792 0.00445540428116 
4306.49619792 0.00806948723921 
4309.49619792 0.00969455848321 
4312.49619792 0.0107621989722 
4315.49619792 0.0130957270678 
4318.49619792 0.0145200882253 
4321.49619792 0.0105468105456 
4324.49619792 0.0035284284233 
4327.49619792 -0.000160858752719 
4330.49619792 -0.0107372452825 
4333.49619792 -0.02090311587 
4336.49619792 -0.0298206596549 
4339.49619792 -0.0351064491199 
4342.49619792 -0.0376793757527 
4345.49619792 -0.0402787976335 
4348.49619792 -0.0411609236393 
4351.49619792 -0.03967110992 
4354.49619792 -0.0369804700822 
4357.49619792 -0.0316617985889 
4360.49619792 -0.0241752505734 
4363.49619792 -0.0200878089106 
4366.49619792 -0.010923752229 
4369.49619792 0.00208649907248 
4372.49619792 0.0145985849163 
4375.49619792 0.0262708557532 
4378.49619792 0.0310838461241 
4381.49619792 0.0305450124048 
4384.49619792 0.012705468413 
4387.49619792 -0.0186427413064 
4390.49619792 -0.0560615573383 
4393.49619792 -0.0898252342031 
4396.49619792 -0.110850888037 
4399.49619792 -0.121234078546 
4402.49619792 -0.118232732871 
4405.49619792 -0.103473454151 
4408.49619792 -0.0745356958285 
4411.49619792 -0.0370327852938 
4414.49619792 -0.000679058534554 
4417.49619792 0.028812751137 
4420.49619792 0.0441818320976 
4423.49619792 0.0453444125655 
4426.49619792 0.0342857285172 
4429.49619792 0.0185008963487 
4432.49619792 0.000723083607459 
4435.49619792 -0.0143039699458 
4438.49619792 -0.0285223402096 
4441.49619792 -0.0434467089033 
4444.49619792 -0.0620526938227 
4447.49619792 -0.0756548534657 
4450.49619792 -0.0825682601332 
4453.49619792 -0.0842780073749 
4456.49619792 -0.0822285079738 
4459.49619792 -0.0788863642444 
4462.49619792 -0.0662799329901 
4465.49619792 -0.0476794867667 
4468.49619792 -0.0254835287578 
4471.49619792 -0.00217936317725 
4474.49619792 0.0145246105842 
4477.49619792 0.0229711890016 
4480.49619792 0.0246329182958 
4483.49619792 0.0300706876682 
4486.49619792 0.0360874099266 
4489.49619792 0.0405663414445 
4492.49619792 0.0426086514546 
4495.49619792 0.0419991675302 
4498.49619792 0.0399451298544 
4501.49619792 0.0376471303561 
4504.49619792 0.0346942641866 
4507.49619792 0.0309504945156 
4510.49619792 0.0187910162445 
4513.49619792 0.000440173601402 
4516.49619792 -0.0170719173376 
4519.49619792 -0.0301881598626 
4522.49619792 -0.0345743432337 
4525.49619792 -0.0344975722693 
4528.49619792 -0.0326582909358 
4531.49619792 -0.0315742253484 
4534.49619792 -0.0231210930348 
4537.49619792 -0.0117591221824 
4540.49619792 -0.00254274119454 
4543.49619792 0.00204426864734 
4546.49619792 -0.00248865932994 
4549.49619792 -0.0114761325619 
4552.49619792 -0.0194388765564 
4555.49619792 -0.0252553804126 
4558.49619792 -0.0324111505021 
4561.49619792 -0.0402642687882 
4564.49619792 -0.0403674804321 
4567.49619792 -0.0295357828761 
4570.49619792 -0.0116098513704 
4573.49619792 0.0108449099379 
4576.49619792 0.0286573993553 
4579.49619792 0.0409782421673 
4582.49619792 0.0433409916588 
4585.49619792 0.040716077225 
4588.49619792 0.0333011548255 
4591.49619792 0.0247329786127 
4594.49619792 0.0172335558576 
4597.49619792 0.00893833037894 
4600.49619792 0.00590643490768 
4603.49619792 0.0112424534785 
4606.49619792 0.0218542459333 
4609.49619792 0.029519016725 
4612.49619792 0.0272624505833 
4615.49619792 0.0191411648273 
4618.49619792 0.00154270715734 
4621.49619792 -0.0219667092003 
4624.49619792 -0.044692792716 
4627.49619792 -0.0598739809192 
4630.49619792 -0.0583922751596 
4633.49619792 -0.0504321959236 
4636.49619792 -0.0398119010249 
4639.49619792 -0.0272179704892 
4642.49619792 -0.0125988780736 
4645.49619792 0.0018573676428 
4648.49619792 0.0164154545396 
4651.49619792 0.0275795545693 
4654.49619792 0.0274432630865 
4657.49619792 0.0116367160922 
4660.49619792 -0.00659606508142 
4663.49619792 -0.0239814962569 
4666.49619792 -0.0297133781154 
4669.49619792 -0.0269474747662 
4672.49619792 -0.0184198144781 
4675.49619792 -0.00222776651428 
4678.49619792 0.0175139546144 
4681.49619792 0.0443993100405 
4684.49619792 0.0721911085304 
4687.49619792 0.094064455689 
4690.49619792 0.107430338564 
4693.49619792 0.111145111934 
4696.49619792 0.104754493593 
4699.49619792 0.0837946674784 
4702.49619792 0.0487696594713 
4705.49619792 0.0034316663703 
4708.49619792 -0.0381047412364 
4711.49619792 -0.0781353934676 
4714.49619792 -0.112739519697 
4717.49619792 -0.138678260598 
4720.49619792 -0.148005397316 
4723.49619792 -0.133141620046 
4726.49619792 -0.0944882614249 
4729.49619792 -0.0413911660482 
4732.49619792 0.0130558079853 
4735.49619792 0.0595850046868 
4738.49619792 0.0986621826859 
4741.49619792 0.123700726335 
4744.49619792 0.127974789765 
4747.49619792 0.108994269858 
4750.49619792 0.0786706643229 
4753.49619792 0.0502714600564 
4756.49619792 0.0292315524929 
4759.49619792 0.0122555801029 
4762.49619792 0.00667934731038 
4765.49619792 0.00775666858048 
4768.49619792 0.0122184394631 
4771.49619792 0.00949917507153 
4774.49619792 0.0012902636383 
4777.49619792 -0.0119660797861 
4780.49619792 -0.0224737317967 
4783.49619792 -0.0307570926201 
4786.49619792 -0.0351508359929 
4789.49619792 -0.0407122437926 
4792.49619792 -0.0330884948205 
4795.49619792 -0.0206474718556 
4798.49619792 -0.0160282790013 
4801.49619792 -0.019215582528 
4804.49619792 -0.0189136724401 
4807.49619792 -0.0206022459929 
4810.49619792 -0.0144959712515 
4813.49619792 -0.0080224827867 
4816.49619792 0.00205899516112 
4819.49619792 0.0138102506786 
4822.49619792 0.0233323251658 
4825.49619792 0.0243290812601 
4828.49619792 0.0134087588845 
4831.49619792 -0.00837568492806 
4834.49619792 -0.0393471735114 
4837.49619792 -0.0688156416779 
4840.49619792 -0.0929034304214 
4843.49619792 -0.0999851033998 
4846.49619792 -0.084195709083 
4849.49619792 -0.0467670661858 
4852.49619792 -0.000877306788972 
4855.49619792 0.0478348476432 
4858.49619792 0.0809787726234 
4861.49619792 0.0877742250753 
4864.49619792 0.0627947335659 
4867.49619792 0.00373858424877 
4870.49619792 -0.0602230369965 
4873.49619792 -0.105169395579 
4876.49619792 -0.124451497027 
4879.49619792 -0.120144074095 
4882.49619792 -0.0902732228496 
4885.49619792 -0.0441036491751 
4888.49619792 0.00584763116835 
4891.49619792 0.042952932794 
4894.49619792 0.0498025944368 
4897.49619792 0.0346858447321 
4900.49619792 0.0117402130835 
4903.49619792 -0.00108201074482 
4906.49619792 0.0017747126666 
4909.49619792 0.0079941776857 
4912.49619792 0.0143409332382 
4915.49619792 0.0157358854208 
4918.49619792 0.0100307648313 
4921.49619792 0.000697697633417 
4924.49619792 -0.00635997930283 
4927.49619792 -0.0139146798807 
4930.49619792 -0.0142670418956 
4933.49619792 -0.0115596222646 
4936.49619792 -0.00843692833109 
4939.49619792 -0.00818802408651 
4942.49619792 -0.00538332826555 
4945.49619792 -0.0142201244115 
4948.49619792 -0.0232804396806 
4951.49619792 -0.033567551095 
4954.49619792 -0.0388033717911 
4957.49619792 -0.0411359540338 
4960.49619792 -0.043130616707 
4963.49619792 -0.0479737652319 
4966.49619792 -0.0481544958824 
4969.49619792 -0.0452550249247 
4972.49619792 -0.041616447277 
4975.49619792 -0.0362945653409 
4978.49619792 -0.0253459253589 
4981.49619792 -0.0063612343768 
4984.49619792 0.0205388079157 
4987.49619792 0.0485266116701 
4990.49619792 0.0662672685663 
4993.49619792 0.0701776015583 
4996.49619792 0.0493473209044 
4999.49619792 0.0138498548558 
5002.49619792 -0.0266218671993 
5005.49619792 -0.0682725311576 
5008.49619792 -0.101189319582 
5011.49619792 -0.127069981481 
5014.49619792 -0.14384123471 
5017.49619792 -0.157535901489 
5020.49619792 -0.167408313275 
5023.49619792 -0.170153414682 
5026.49619792 -0.162341179521 
5029.49619792 -0.139935044371 
5032.49619792 -0.101031343968 
5035.49619792 -0.0481790926037 
5038.49619792 0.00935192101788 
5041.49619792 0.0607996616294 
5044.49619792 0.0992503849214 
5047.49619792 0.120739597595 
5050.49619792 0.126835891997 
5053.49619792 0.1199781133 
5056.49619792 0.100722604868 
5059.49619792 0.0741660674519 
5062.49619792 0.0431887002567 
5065.49619792 0.00736454891472 
5068.49619792 -0.0278793921935 
5071.49619792 -0.0655054250292 
5074.49619792 -0.0927822975946 
5077.49619792 -0.10862886144 
5080.49619792 -0.11696543558 
5083.49619792 -0.113297945758 
5086.49619792 -0.0988354010821 
5089.49619792 -0.0684123354833 
5092.49619792 -0.0315148571668 
5095.49619792 0.00444874579548 
5098.49619792 0.0343331416645 
5101.49619792 0.047862527481 
5104.49619792 0.0422321201712 
5107.49619792 0.0287705833803 
5110.49619792 0.00479876619929 
5113.49619792 -0.0267066347128 
5116.49619792 -0.05195162666 
5119.49619792 -0.0672353989701 
5122.49619792 -0.0674647000735 
5125.49619792 -0.0523748912589 
5128.49619792 -0.0361448659393 
5131.49619792 -0.0149177590923 
5134.49619792 0.0164886433137 
5137.49619792 0.0481347966781 
5140.49619792 0.0767390145479 
5143.49619792 0.0927822612156 
5146.49619792 0.0912479787707 
5149.49619792 0.0707935109158 
5152.49619792 0.02151144931 
5155.49619792 -0.0583446278227 
5158.49619792 -0.146235561134 
5161.49619792 -0.219284285349 
5164.49619792 -0.252122295146 
5167.49619792 -0.230281498058 
5170.49619792 -0.163483842511 
5173.49619792 -0.0672981890472 
5176.49619792 0.0368325168705 
5179.49619792 0.102206120481 
5182.49619792 0.112801254785 
5185.49619792 0.0859699198337 
5188.49619792 0.0317804462783 
5191.49619792 -0.0261487702525 
5194.49619792 -0.0559053961248 
5197.49619792 -0.0509659024838 
5200.49619792 -0.0228960187113 
5203.49619792 0.0103214463273 
5206.49619792 0.0247874515511 
5209.49619792 0.0132071944609 
5212.49619792 -0.0143039028721 
5215.49619792 -0.0501803853415 
5218.49619792 -0.0885348908437 
5221.49619792 -0.119257873646 
5224.49619792 -0.133803698845 
5227.49619792 -0.132906793889 
5230.49619792 -0.117541105266 
5233.49619792 -0.082982561867 
5236.49619792 -0.0400846022221 
5239.49619792 0.00585142367445 
5242.49619792 0.0354533906704 
5245.49619792 0.0423448767436 
5248.49619792 0.0300218830258 
5251.49619792 0.0111603143446 
5254.49619792 0.00473188206869 
5257.49619792 0.0116225260259 
5260.49619792 0.0342000196982 
5263.49619792 0.0655128281466 
5266.49619792 0.0837375798026 
5269.49619792 0.0861378723762 
5272.49619792 0.0666894508913 
5275.49619792 0.0390820982528 
5278.49619792 0.0082449236149 
5281.49619792 -0.0228054942281 
5284.49619792 -0.0587927301535 
5287.49619792 -0.099372918338 
5290.49619792 -0.141967100063 
5293.49619792 -0.19060986519 
5296.49619792 -0.22821655579 
5299.49619792 -0.241997431599 
5302.49619792 -0.230348708178 
5305.49619792 -0.209246403885 
5308.49619792 -0.183068416784 
5311.49619792 -0.143003527408 
5314.49619792 -0.0962765690209 
5317.49619792 -0.0439108361639 
5320.49619792 0.0123780669089 
5323.49619792 0.0869243944871 
5326.49619792 0.18229609156 
5329.49619792 0.255033193643 
5332.49619792 0.272544349352 
5335.49619792 0.232747118141 
5338.49619792 0.153288203706 
5341.49619792 0.0657667578028 
5344.49619792 -0.00845722551453 
5347.49619792 -0.0677657177401 
5350.49619792 -0.100195873973 
5353.49619792 -0.111090743585 
5356.49619792 -0.108007436123 
5359.49619792 -0.0924199086301 
5362.49619792 -0.0695446122814 
5365.49619792 -0.0499513343434 
5368.49619792 -0.0429002697086 
5371.49619792 -0.0423139773683 
5374.49619792 -0.054391967916 
5377.49619792 -0.0810664913797 
5380.49619792 -0.114977016445 
5383.49619792 -0.141807978512 
5386.49619792 -0.142877119633 
5389.49619792 -0.116826267886 
5392.49619792 -0.0618745870043 
5395.49619792 0.0122263462016 
5398.49619792 0.109643525075 
5401.49619792 0.200178221667 
5404.49619792 0.266001685166 
5407.49619792 0.286228220676 
5410.49619792 0.257131095245 
5413.49619792 0.175940688048 
5416.49619792 0.0548823926141 
5419.49619792 -0.0824788042818 
5422.49619792 -0.197775137008 
5425.49619792 -0.285281731203 
5428.49619792 -0.341357417218 
5431.49619792 -0.377987423813 
5434.49619792 -0.401870680974 
5437.49619792 -0.391293172274 
5440.49619792 -0.328715402799 
5443.49619792 -0.218396111342 
5446.49619792 -0.0772700836339 
5449.49619792 0.0709764424931 
5452.49619792 0.194758957814 
5455.49619792 0.268022245108 
5458.49619792 0.271993226367 
5461.49619792 0.226974178084 
5464.49619792 0.164282833509 
5467.49619792 0.101252800859 
5470.49619792 0.0394877918163 
5473.49619792 -0.0195391278628 
5476.49619792 -0.0736161495196 
5479.49619792 -0.1148204778 
5482.49619792 -0.136128941634 
5485.49619792 -0.120535202434 
5488.49619792 -0.0928334282164 
5491.49619792 -0.064291241013 
5494.49619792 -0.0330867122517 
5497.49619792 -0.00555101194478 
5500.49619792 0.017393374293 
5503.49619792 0.0326172532004 
5506.49619792 0.0385821559105 
5509.49619792 0.0350403849369 
5512.49619792 0.0148240309873 
5515.49619792 -0.0248006366487 
5518.49619792 -0.0608815142791 
5521.49619792 -0.0846819865801 
5524.49619792 -0.0742757590973 
5527.49619792 -0.0299243464989 
5530.49619792 0.0303401670541 
5533.49619792 0.0767286738298 
5536.49619792 0.0989264485128 
5539.49619792 0.077272621066 
5542.49619792 0.0150421660251 
5545.49619792 -0.0723886735426 
5548.49619792 -0.171438846883 
5551.49619792 -0.262715064818 
5554.49619792 -0.331042164408 
5557.49619792 -0.346652556075 
5560.49619792 -0.30187701033 
5563.49619792 -0.195103120922 
5566.49619792 -0.0640027695386 
5569.49619792 0.0485309907868 
5572.49619792 0.112450779928 
5575.49619792 0.122796081755 
5578.49619792 0.0985550466622 
5581.49619792 0.0604395554445 
5584.49619792 0.0316789376242 
5587.49619792 0.0274345662424 
5590.49619792 0.0279684728869 
5593.49619792 0.0377529226322 
5596.49619792 0.0488023641522 
5599.49619792 0.0529193205163 
5602.49619792 0.0437180822686 
5605.49619792 0.0119036887407 
5608.49619792 -0.0523497124744 
5611.49619792 -0.129465262853 
5614.49619792 -0.187768796098 
5617.49619792 -0.205914782768 
5620.49619792 -0.170567116163 
5623.49619792 -0.0917203049384 
5626.49619792 -0.00565798596847 
5629.49619792 0.048166960222 
5632.49619792 0.0669161963731 
5635.49619792 0.0803989102634 
5638.49619792 0.102182919802 
5641.49619792 0.140797289278 
5644.49619792 0.172965271473 
5647.49619792 0.157633087868 
5650.49619792 0.0653431294143 
5653.49619792 -0.0739138248698 
5656.49619792 -0.223584041417 
5659.49619792 -0.325154157715 
5662.49619792 -0.335196131812 
5665.49619792 -0.254823050607 
5668.49619792 -0.130663885771 
5671.49619792 -0.0488266834839 
5674.49619792 -0.0707688232471 
5677.49619792 -0.167790292307 
5680.49619792 -0.283358539535 
5683.49619792 -0.350720487249 
5686.49619792 -0.315874395492 
5689.49619792 -0.1829765963 
5692.49619792 0.0126380218296 
5695.49619792 0.196972071567 
5698.49619792 0.30334040838 
5701.49619792 0.321165823695 
5704.49619792 0.253923489987 
5707.49619792 0.141864229472 
5710.49619792 0.0169417738983 
5713.49619792 -0.0819845779829 
5716.49619792 -0.129081646768 
5719.49619792 -0.138692793991 
5722.49619792 -0.118861825053 
5725.49619792 -0.0642920186132 
5728.49619792 0.00136312400706 
5731.49619792 0.0584859873488 
5734.49619792 0.0731369340872 
5737.49619792 0.0378384586511 
5740.49619792 -0.0120967620887 
5743.49619792 -0.0748617467638 
5746.49619792 -0.134318733907 
5749.49619792 -0.178461786038 
5752.49619792 -0.174697873794 
5755.49619792 -0.137219209833 
5758.49619792 -0.0840110858842 
5761.49619792 -0.0376928314189 
5764.49619792 0.0279428825655 
5767.49619792 0.102643768409 
5770.49619792 0.152810275179 
5773.49619792 0.151428666116 
5776.49619792 0.070098350004 
5779.49619792 -0.0724569113682 
5782.49619792 -0.234574760482 
5785.49619792 -0.373720390615 
5788.49619792 -0.444736695349 
5791.49619792 -0.417040341596 
5794.49619792 -0.31197842764 
5797.49619792 -0.183115109173 
5800.49619792 -0.042914257417 
5803.49619792 0.067852213254 
5806.49619792 0.139602458866 
5809.49619792 0.148751875291 
5812.49619792 0.122406808743 
5815.49619792 0.0700305941995 
5818.49619792 0.0139210371032 
5821.49619792 -0.0546626364391 
5824.49619792 -0.0894138427857 
5827.49619792 -0.117650715058 
5830.49619792 -0.142084513142 
5833.49619792 -0.196843071791 
5836.49619792 -0.255084869949 
5839.49619792 -0.265521628471 
5842.49619792 -0.243945015357 
5845.49619792 -0.17871733001 
5848.49619792 -0.105789011043 
5851.49619792 -0.0275062464267 
5854.49619792 0.00347600094853 
5857.49619792 0.00778246353356 
5860.49619792 -0.00567439856157 
5863.49619792 -0.00954217158632 
5866.49619792 -0.0172759805407 
5869.49619792 -0.0528247988954 
5872.49619792 -0.067434191772 
5875.49619792 -0.111094317817 
5878.49619792 -0.13321096743 
5881.49619792 -0.128437357278 
5884.49619792 -0.110800239436 
5887.49619792 -0.14189756169 
5890.49619792 -0.197164097884 
5893.49619792 -0.263288433534 
5896.49619792 -0.303885547028 
5899.49619792 -0.332613735283 
5902.49619792 -0.354694815371 
5905.49619792 -0.38652454604 
5908.49619792 -0.38977802516 
5911.49619792 -0.357739224635 
5914.49619792 -0.239418472881 
5917.49619792 -0.112001572587 
5920.49619792 0.0608248176771 
5923.49619792 0.187362588682 
5926.49619792 0.181943943272 
5929.49619792 0.0897891371845 
5932.49619792 -0.0432931396903 
5935.49619792 -0.120092006715 
5938.49619792 -0.179306978309 
5941.49619792 -0.19254204246 
5944.49619792 -0.195364267254 
5947.49619792 -0.171482519819 
5950.49619792 -0.18410883672 
5953.49619792 -0.213306113415 
5956.49619792 -0.282010771995 
5959.49619792 -0.393532296981 
5962.49619792 -0.468525294468 
5965.49619792 -0.445144176028 
5968.49619792 -0.445989550195 
5971.49619792 -0.408457527401 
5974.49619792 -0.366799439862 
5977.49619792 -0.316741706169 
5980.49619792 -0.222659324749 
5983.49619792 -0.194356224588 
5986.49619792 -0.300706699334 
5989.49619792 -0.474254907189 
5992.49619792 -0.686200956977 
5995.49619792 -0.968476986126 
5998.49619792 -1.16509177997 
