1.49619792281 nan 
4.49619792281 nan 
7.49619792281 nan 
10.4961979228 nan 
13.4961979228 nan 
16.4961979228 nan 
19.4961979228 nan 
22.4961979228 nan 
25.4961979228 nan 
28.4961979228 nan 
31.4961979228 nan 
34.4961979228 nan 
37.4961979228 nan 
40.4961979228 nan 
43.4961979228 nan 
46.4961979228 nan 
49.4961979228 nan 
52.4961979228 nan 
55.4961979228 nan 
58.4961979228 nan 
61.4961979228 nan 
64.4961979228 nan 
67.4961979228 nan 
70.4961979228 nan 
73.4961979228 nan 
76.4961979228 nan 
79.4961979228 nan 
82.4961979228 nan 
85.4961979228 nan 
88.4961979228 nan 
91.4961979228 nan 
94.4961979228 nan 
97.4961979228 nan 
100.496197923 nan 
103.496197923 nan 
106.496197923 nan 
109.496197923 nan 
112.496197923 nan 
115.496197923 nan 
118.496197923 nan 
121.496197923 nan 
124.496197923 nan 
127.496197923 nan 
130.496197923 nan 
133.496197923 nan 
136.496197923 nan 
139.496197923 nan 
142.496197923 nan 
145.496197923 nan 
148.496197923 nan 
151.496197923 nan 
154.496197923 nan 
157.496197923 nan 
160.496197923 nan 
163.496197923 nan 
166.496197923 nan 
169.496197923 nan 
172.496197923 nan 
175.496197923 nan 
178.496197923 nan 
181.496197923 nan 
184.496197923 nan 
187.496197923 nan 
190.496197923 nan 
193.496197923 nan 
196.496197923 nan 
199.496197923 nan 
202.496197923 nan 
205.496197923 nan 
208.496197923 nan 
211.496197923 nan 
214.496197923 nan 
217.496197923 nan 
220.496197923 nan 
223.496197923 nan 
226.496197923 nan 
229.496197923 nan 
232.496197923 nan 
235.496197923 nan 
238.496197923 nan 
241.496197923 nan 
244.496197923 nan 
247.496197923 nan 
250.496197923 nan 
253.496197923 nan 
256.496197923 nan 
259.496197923 nan 
262.496197923 nan 
265.496197923 nan 
268.496197923 nan 
271.496197923 nan 
274.496197923 nan 
277.496197923 nan 
280.496197923 nan 
283.496197923 nan 
286.496197923 nan 
289.496197923 nan 
292.496197923 nan 
295.496197923 nan 
298.496197923 nan 
301.496197923 nan 
304.496197923 nan 
307.496197923 nan 
310.496197923 nan 
313.496197923 nan 
316.496197923 nan 
319.496197923 -0.925474094239 
322.496197923 -1.08618475622 
325.496197923 -1.06236115723 
328.496197923 -0.921847980484 
331.496197923 -0.744615372956 
334.496197923 -0.596328679453 
337.496197923 -0.506747466532 
340.496197923 -0.428296174399 
343.496197923 -0.368766560339 
346.496197923 -0.297088700275 
349.496197923 -0.275541655091 
352.496197923 -0.237524186497 
355.496197923 -0.210031299597 
358.496197923 -0.163972461671 
361.496197923 -0.129929488022 
364.496197923 -0.123923546344 
367.496197923 -0.151537341091 
370.496197923 -0.113375198642 
373.496197923 -0.121508616439 
376.496197923 -0.086210880263 
379.496197923 -0.0646172867991 
382.496197923 -0.0431467801157 
385.496197923 -0.074672630021 
388.496197923 -0.0885490326278 
391.496197923 -0.106148704618 
394.496197923 -0.105165711229 
397.496197923 -0.098947668264 
400.496197923 -0.0763545279492 
403.496197923 -0.0493940686026 
406.496197923 -0.0247924040314 
409.496197923 -0.000787359228431 
412.496197923 -0.00717653656355 
415.496197923 -0.00485517037911 
418.496197923 -0.0313348943905 
421.496197923 -0.0614805229832 
424.496197923 -0.0928141348366 
427.496197923 -0.104599215997 
430.496197923 -0.0964076197459 
433.496197923 -0.0684726574974 
436.496197923 -0.0584066126761 
439.496197923 -0.0418814263141 
442.496197923 -0.036253950284 
445.496197923 -0.0473336153868 
448.496197923 -0.0603119386699 
451.496197923 -0.0658398985598 
454.496197923 -0.0570062431204 
457.496197923 -0.0549138459982 
460.496197923 -0.0353643453582 
463.496197923 -0.035092286614 
466.496197923 -0.0390393012494 
469.496197923 -0.0465253780126 
472.496197923 -0.0587281065577 
475.496197923 -0.0522062999814 
478.496197923 -0.0552814928255 
481.496197923 -0.0359466999186 
484.496197923 -0.01322393832 
487.496197923 -0.00557596653852 
490.496197923 -0.00983658446464 
493.496197923 -0.026473148136 
496.496197923 -0.0394906163802 
499.496197923 -0.0398897152449 
502.496197923 -0.023871852728 
505.496197923 -0.0282060326577 
508.496197923 -0.0307450744532 
511.496197923 -0.0295170176561 
514.496197923 -0.0169250747455 
517.496197923 -0.00181434070732 
520.496197923 -0.00591929860116 
523.496197923 -0.0128775142628 
526.496197923 -0.0205998961771 
529.496197923 -0.017125740077 
532.496197923 0.00184817983228 
535.496197923 0.0123320659699 
538.496197923 0.0179572883664 
541.496197923 0.0114755231482 
544.496197923 0.00281269739027 
547.496197923 -0.00669044755549 
550.496197923 -0.0121151907952 
553.496197923 -0.0185813828419 
556.496197923 -0.0258364167632 
559.496197923 -0.0321985658656 
562.496197923 -0.023363809467 
565.496197923 -0.0195900821346 
568.496197923 -0.0130576291218 
571.496197923 -0.0112628863217 
574.496197923 -0.0070497883466 
577.496197923 -0.00258137040206 
580.496197923 0.00771333060453 
583.496197923 0.0168750040857 
586.496197923 0.00732021921111 
589.496197923 0.00140634812052 
592.496197923 -0.00375479152344 
595.496197923 -0.0049305280494 
598.496197923 -0.00302565858597 
601.496197923 0.00378392068627 
604.496197923 0.00121850241326 
607.496197923 5.18401142881e-05 
610.496197923 -0.00269506369057 
613.496197923 -0.00217012880762 
616.496197923 0.00305183969491 
619.496197923 0.0106107104908 
622.496197923 0.0056910466564 
625.496197923 0.00383983401476 
628.496197923 0.000193254632688 
631.496197923 0.000102291558651 
634.496197923 0.00209027406945 
637.496197923 0.0084291310753 
640.496197923 0.00446426808679 
643.496197923 -0.00363519494448 
646.496197923 -0.0156875000526 
649.496197923 -0.025744584353 
652.496197923 -0.0163835591065 
655.496197923 0.00552254186053 
658.496197923 0.0146254927285 
661.496197923 0.0113893759626 
664.496197923 -0.00189370515663 
667.496197923 -0.0142757405107 
670.496197923 -0.0155200623137 
673.496197923 -0.00901073059373 
676.496197923 -0.00297564193987 
679.496197923 0.00174477054288 
682.496197923 0.00496131410988 
685.496197923 0.00591111093527 
688.496197923 0.00681233914025 
691.496197923 0.00937218596204 
694.496197923 0.00784798894912 
697.496197923 0.00116538335775 
700.496197923 -0.00240165145168 
703.496197923 -0.00337064610973 
706.496197923 -0.00416918286107 
709.496197923 -0.00632794121934 
712.496197923 -0.0103981368718 
715.496197923 -0.00910638073515 
718.496197923 -0.00992281669294 
721.496197923 -0.0159329162733 
724.496197923 -0.0185613368799 
727.496197923 -0.0113110779957 
730.496197923 0.0010639261018 
733.496197923 0.00939957433366 
736.496197923 0.00300973576221 
739.496197923 -0.016258217543 
742.496197923 -0.0280324212728 
745.496197923 -0.0258807562292 
748.496197923 -0.0195652864185 
751.496197923 -0.00766024552304 
754.496197923 -0.00399916051129 
757.496197923 -0.00230704164776 
760.496197923 -0.00240018791142 
763.496197923 -0.00244980520123 
766.496197923 -0.00818807444623 
769.496197923 -0.00530790078264 
772.496197923 0.000952595479806 
775.496197923 0.0163333355995 
778.496197923 0.0276656386639 
781.496197923 0.0338949739307 
784.496197923 0.0235788964448 
787.496197923 0.0128148021089 
790.496197923 0.00354867569681 
793.496197923 -0.00085302065725 
796.496197923 -0.00766211244187 
799.496197923 -0.0134260804079 
802.496197923 -0.0165726241433 
805.496197923 -0.0265242887258 
808.496197923 -0.0258633983086 
811.496197923 -0.030006742243 
814.496197923 -0.0252526394601 
817.496197923 -0.0242612797005 
820.496197923 -0.0271160876315 
823.496197923 -0.0364270491137 
826.496197923 -0.0382638559109 
829.496197923 -0.0387266012508 
832.496197923 -0.0381102870403 
835.496197923 -0.0417944390438 
838.496197923 -0.0420656289726 
841.496197923 -0.0354734989138 
844.496197923 -0.0362282374849 
847.496197923 -0.0410875818555 
850.496197923 -0.0369826933463 
853.496197923 -0.0302529548778 
856.496197923 -0.0203794239228 
859.496197923 -0.0128676757327 
862.496197923 -0.0110143545473 
865.496197923 -0.0124378005759 
868.496197923 -0.0148035792023 
871.496197923 -0.0142599374938 
874.496197923 -0.00931273531364 
877.496197923 -0.0130043268365 
880.496197923 -0.0145074751871 
883.496197923 -0.0159664300234 
886.496197923 -0.0128555295553 
889.496197923 -0.0166862137141 
892.496197923 -0.01765492911 
895.496197923 -0.0176296645094 
898.496197923 -0.0171614017319 
901.496197923 -0.0200490281309 
904.496197923 -0.0203815775737 
907.496197923 -0.0197564143173 
910.496197923 -0.0193638453589 
913.496197923 -0.0124715568129 
916.496197923 -0.00485538815758 
919.496197923 0.00243110239799 
922.496197923 0.00254209126868 
925.496197923 0.00610831709431 
928.496197923 0.00857436805202 
931.496197923 0.0122322211509 
934.496197923 0.0128721186433 
937.496197923 0.0112508424255 
940.496197923 0.00785062987216 
943.496197923 -0.000504442374547 
946.496197923 -0.00372040752136 
949.496197923 0.000289301239374 
952.496197923 -0.00239572848072 
955.496197923 -0.00764221185706 
958.496197923 -0.00596180849821 
961.496197923 -0.00735502239364 
964.496197923 -0.00432683206117 
967.496197923 0.00265680248478 
970.496197923 0.0103155453939 
973.496197923 0.0153818034418 
976.496197923 0.0142319055552 
979.496197923 0.0143487233039 
982.496197923 0.0161796207772 
985.496197923 0.0161646601435 
988.496197923 0.013124352077 
991.496197923 0.011068616437 
994.496197923 0.012445763568 
997.496197923 0.0155895686961 
1000.49619792 0.021901030004 
1003.49619792 0.0212958885758 
1006.49619792 0.0180387478561 
1009.49619792 0.0161851462593 
1012.49619792 0.0181870141945 
1015.49619792 0.0202736536907 
1018.49619792 0.0175566897608 
1021.49619792 0.0116127959836 
1024.49619792 0.00618804527389 
1027.49619792 0.00341898718324 
1030.49619792 0.00598174585828 
1033.49619792 0.000629111927638 
1036.49619792 -0.00525666825465 
1039.49619792 -0.0071816316603 
1042.49619792 -0.00588085524293 
1045.49619792 -0.000565621819087 
1048.49619792 0.00118722951161 
1051.49619792 -0.00247065906962 
1054.49619792 0.00822420498565 
1057.49619792 0.0156063301681 
1060.49619792 0.0109494427735 
1063.49619792 -0.000805284579786 
1066.49619792 -0.0113397546505 
1069.49619792 -0.0127012228812 
1072.49619792 -0.0133268665143 
1075.49619792 -0.0112215796651 
1078.49619792 -0.00696874775009 
1081.49619792 -0.000162497805668 
1084.49619792 -0.000656759880852 
1087.49619792 0.00413822786426 
1090.49619792 0.00543827423534 
1093.49619792 0.00592927216541 
1096.49619792 0.00770970536878 
1099.49619792 0.011485770803 
1102.49619792 0.0120350322302 
1105.49619792 0.0126132599174 
1108.49619792 0.00871603955278 
1111.49619792 0.00573379271954 
1114.49619792 -3.25135637431e-05 
1117.49619792 -0.0107878488526 
1120.49619792 -0.0132518105161 
1123.49619792 -0.0121218988317 
1126.49619792 -0.00973563753718 
1129.49619792 -0.0086164194076 
1132.49619792 -0.00593541880462 
1135.49619792 -0.00787920424578 
1138.49619792 -0.00733841779112 
1141.49619792 -0.00689965796243 
1144.49619792 -0.00405538700407 
1147.49619792 -0.00208810634051 
1150.49619792 -0.00278625626878 
1153.49619792 -0.00787983459665 
1156.49619792 -0.00846329298932 
1159.49619792 -0.0113370539677 
1162.49619792 -0.0185355367397 
1165.49619792 -0.0283517546081 
1168.49619792 -0.0331559314983 
1171.49619792 -0.0313547530285 
1174.49619792 -0.0286361629428 
1177.49619792 -0.0221746241151 
1180.49619792 -0.0158232329242 
1183.49619792 -0.0108711390604 
1186.49619792 -0.0131894661148 
1189.49619792 -0.0169889430215 
1192.49619792 -0.0246876841925 
1195.49619792 -0.0270126595236 
1198.49619792 -0.0217834939886 
1201.49619792 -0.0140816223239 
1204.49619792 -0.0102707198049 
1207.49619792 -0.00461312570234 
1210.49619792 -0.00670396131271 
1213.49619792 -0.012635893938 
1216.49619792 -0.0150426942128 
1219.49619792 -0.00889268547087 
1222.49619792 -0.000930252716349 
1225.49619792 0.00325435327033 
1228.49619792 0.00357516623504 
1231.49619792 0.00339825628211 
1234.49619792 0.00490843818765 
1237.49619792 0.011748897757 
1240.49619792 0.0172274799709 
1243.49619792 0.0251884022824 
1246.49619792 0.0318185234787 
1249.49619792 0.0349299077713 
1252.49619792 0.0389200850645 
1255.49619792 0.0396228739901 
1258.49619792 0.0406468534015 
1261.49619792 0.0423078767752 
1264.49619792 0.0418634707956 
1267.49619792 0.0350724693481 
1270.49619792 0.0332035117838 
1273.49619792 0.034998397088 
1276.49619792 0.039444679489 
1279.49619792 0.0405028828726 
1282.49619792 0.0410056236015 
1285.49619792 0.0355040315698 
1288.49619792 0.0261694029122 
1291.49619792 0.0162768476577 
1294.49619792 0.00359698056968 
1297.49619792 -0.00956304436719 
1300.49619792 -0.018063750433 
1303.49619792 -0.022842000768 
1306.49619792 -0.0314096033223 
1309.49619792 -0.0364814627013 
1312.49619792 -0.0340755473311 
1315.49619792 -0.030992645474 
1318.49619792 -0.029061220541 
1321.49619792 -0.0206265122684 
1324.49619792 -0.0145519088897 
1327.49619792 -0.0129433005982 
1330.49619792 -0.0128313164972 
1333.49619792 -0.0144461467022 
1336.49619792 -0.0188003840861 
1339.49619792 -0.0182452432148 
1342.49619792 -0.0175621324986 
1345.49619792 -0.0106427095601 
1348.49619792 -0.0122041719739 
1351.49619792 -0.0106566048606 
1354.49619792 -0.00893433172402 
1357.49619792 -0.00355105258501 
1360.49619792 -0.00233301575223 
1363.49619792 -0.00421634109296 
1366.49619792 -0.00659475834037 
1369.49619792 -0.00787267663791 
1372.49619792 -0.00915248254037 
1375.49619792 -0.00669140543598 
1378.49619792 -0.00291124817997 
1381.49619792 -0.00112724957247 
1384.49619792 0.000246029494785 
1387.49619792 0.00126800334386 
1390.49619792 0.00116538285497 
1393.49619792 -0.00476730481231 
1396.49619792 -0.0120344806014 
1399.49619792 -0.0217680805596 
1402.49619792 -0.0339325467496 
1405.49619792 -0.0329988620831 
1408.49619792 -0.036645275779 
1411.49619792 -0.0365998629352 
1414.49619792 -0.0408012405215 
1417.49619792 -0.0408960241459 
1420.49619792 -0.0488667022431 
1423.49619792 -0.0558328044733 
1426.49619792 -0.0465951728508 
1429.49619792 -0.0426812697362 
1432.49619792 -0.0402631219967 
1435.49619792 -0.0369759175054 
1438.49619792 -0.0303730031029 
1441.49619792 -0.0246015657377 
1444.49619792 -0.0248196728834 
1447.49619792 -0.0176962507066 
1450.49619792 -0.00761797294131 
1453.49619792 -0.00112424305167 
1456.49619792 0.00184573255394 
1459.49619792 0.00296282346483 
1462.49619792 0.00807500087823 
1465.49619792 0.0108578413578 
1468.49619792 0.00789923814089 
1471.49619792 0.0034806713538 
1474.49619792 0.00423923541343 
1477.49619792 0.0140680511053 
1480.49619792 0.0228546307699 
1483.49619792 0.0314091528254 
1486.49619792 0.0364613972025 
1489.49619792 0.033915016445 
1492.49619792 0.0272503058223 
1495.49619792 0.0259251186798 
1498.49619792 0.0285937472823 
1501.49619792 0.0339049193389 
1504.49619792 0.0373361839987 
1507.49619792 0.0410122845197 
1510.49619792 0.0390383634804 
1513.49619792 0.034250248183 
1516.49619792 0.0277448433707 
1519.49619792 0.0214670727939 
1522.49619792 0.0145923363879 
1525.49619792 0.0114974825727 
1528.49619792 0.00968617137069 
1531.49619792 0.00783406836564 
1534.49619792 0.0107151188892 
1537.49619792 0.0155109018274 
1540.49619792 0.0183258212476 
1543.49619792 0.0169246093087 
1546.49619792 0.0127502730276 
1549.49619792 0.0123776638392 
1552.49619792 0.0127670241565 
1555.49619792 0.0147607923416 
1558.49619792 0.0153364905807 
1561.49619792 0.0122895089545 
1564.49619792 0.0115265809937 
1567.49619792 0.00829115433851 
1570.49619792 0.00301258038569 
1573.49619792 -0.00412735474279 
1576.49619792 -0.0107369346604 
1579.49619792 -0.0141791192727 
1582.49619792 -0.0176563978218 
1585.49619792 -0.0195536815269 
1588.49619792 -0.0200586494572 
1591.49619792 -0.0180347186671 
1594.49619792 -0.0209361691145 
1597.49619792 -0.0258434293448 
1600.49619792 -0.032814048036 
1603.49619792 -0.0390822271665 
1606.49619792 -0.0417827996754 
1609.49619792 -0.0426819776599 
1612.49619792 -0.0429104439355 
1615.49619792 -0.0437887381717 
1618.49619792 -0.0478868117664 
1621.49619792 -0.0490250748815 
1624.49619792 -0.0407004855149 
1627.49619792 -0.0250065118681 
1630.49619792 -0.00945297315405 
1633.49619792 0.00382545460251 
1636.49619792 0.00535257869593 
1639.49619792 0.00138055817963 
1642.49619792 3.51094626875e-05 
1645.49619792 0.00030080377797 
1648.49619792 0.00261315427865 
1651.49619792 0.000565604149726 
1654.49619792 -0.00314015776973 
1657.49619792 -0.00886531376303 
1660.49619792 -0.0178311090167 
1663.49619792 -0.020806138706 
1666.49619792 -0.0178950772754 
1669.49619792 -0.0128775280535 
1672.49619792 -0.0102966026895 
1675.49619792 -0.00940082354313 
1678.49619792 -0.00751407997111 
1681.49619792 -0.00476875887144 
1684.49619792 -0.000399524150446 
1687.49619792 0.00259100063482 
1690.49619792 0.00274448934682 
1693.49619792 0.00466065685832 
1696.49619792 0.00762585146522 
1699.49619792 0.011948313879 
1702.49619792 0.012984217667 
1705.49619792 0.0148674532244 
1708.49619792 0.0117803693312 
1711.49619792 0.00755359843096 
1714.49619792 0.00528909541091 
1717.49619792 0.0028545752126 
1720.49619792 0.00233099340048 
1723.49619792 0.00478191723029 
1726.49619792 0.00816796642599 
1729.49619792 0.0102166969544 
1732.49619792 0.0106648459656 
1735.49619792 0.00608320936315 
1738.49619792 0.00347849586759 
1741.49619792 0.00406282163914 
1744.49619792 0.00350005220082 
1747.49619792 -0.00257327611083 
1750.49619792 -0.00803683735671 
1753.49619792 -0.0101934641867 
1756.49619792 -0.0122239880905 
1759.49619792 -0.0176373643286 
1762.49619792 -0.0212181020148 
1765.49619792 -0.020174804102 
1768.49619792 -0.0200702727364 
1771.49619792 -0.0170573220124 
1774.49619792 -0.0121565468686 
1777.49619792 -0.00697347681812 
1780.49619792 -0.00691735433036 
1783.49619792 -0.00353765461239 
1786.49619792 0.00299883936889 
1789.49619792 0.00146216735607 
1792.49619792 0.0059216298076 
1795.49619792 0.00398658969461 
1798.49619792 0.00171373007234 
1801.49619792 -0.00134773367823 
1804.49619792 0.000778129644843 
1807.49619792 0.00165543655162 
1810.49619792 0.00650453139993 
1813.49619792 0.00964581052765 
1816.49619792 0.00703461395675 
1819.49619792 0.00580022549498 
1822.49619792 -0.00450426577418 
1825.49619792 -0.0109957600587 
1828.49619792 -0.0155948654821 
1831.49619792 -0.0234660607668 
1834.49619792 -0.024347513078 
1837.49619792 -0.0295665815069 
1840.49619792 -0.031042742566 
1843.49619792 -0.031952318754 
1846.49619792 -0.0361005124252 
1849.49619792 -0.0453472459235 
1852.49619792 -0.0519244866007 
1855.49619792 -0.0497655078782 
1858.49619792 -0.0467507229883 
1861.49619792 -0.0419843464639 
1864.49619792 -0.0367166680425 
1867.49619792 -0.0347048064316 
1870.49619792 -0.0399205696844 
1873.49619792 -0.0411411588061 
1876.49619792 -0.040799433937 
1879.49619792 -0.0423122484337 
1882.49619792 -0.04341507859 
1885.49619792 -0.0413143610662 
1888.49619792 -0.0393175888025 
1891.49619792 -0.0386096191627 
1894.49619792 -0.035487027611 
1897.49619792 -0.03353287557 
1900.49619792 -0.0306897920502 
1903.49619792 -0.0281066797077 
1906.49619792 -0.0254202105093 
1909.49619792 -0.0230071515457 
1912.49619792 -0.0191274379266 
1915.49619792 -0.0133897303661 
1918.49619792 -0.0118915271382 
1921.49619792 -0.00998799738585 
1924.49619792 -0.00944198999411 
1927.49619792 -0.0101251254187 
1930.49619792 -0.00976193988954 
1933.49619792 -0.0111187284689 
1936.49619792 -0.0106224061713 
1939.49619792 -0.0115877865113 
1942.49619792 -0.0138031267607 
1945.49619792 -0.0165974187102 
1948.49619792 -0.0156849188893 
1951.49619792 -0.0136066710467 
1954.49619792 -0.0114616956521 
1957.49619792 -0.0113086841564 
1960.49619792 -0.0157912177657 
1963.49619792 -0.0200617592647 
1966.49619792 -0.0213662350429 
1969.49619792 -0.0182918512544 
1972.49619792 -0.0120470359035 
1975.49619792 -0.0077488187262 
1978.49619792 -0.00219760710623 
1981.49619792 0.00392865774936 
1984.49619792 0.00781393965932 
1987.49619792 0.00716338193969 
1990.49619792 0.00279870038321 
1993.49619792 -0.000255848667603 
1996.49619792 0.00353690962615 
1999.49619792 0.00501601442955 
2002.49619792 0.00470698735965 
2005.49619792 0.0017667345643 
2008.49619792 -0.00284231813483 
2011.49619792 -0.00165427123571 
2014.49619792 -0.00195048313459 
2017.49619792 -0.00151728211564 
2020.49619792 -0.0041195716047 
2023.49619792 -0.00742647671532 
2026.49619792 -0.00993524558011 
2029.49619792 -0.00905270667496 
2032.49619792 -0.00916270146452 
2035.49619792 -0.00778311682359 
2038.49619792 -0.00975155547674 
2041.49619792 -0.0127956755283 
2044.49619792 -0.0166393804261 
2047.49619792 -0.0205525549309 
2050.49619792 -0.0209521663507 
2053.49619792 -0.0192250946179 
2056.49619792 -0.0220884022299 
2059.49619792 -0.0271527295769 
2062.49619792 -0.0319642845028 
2065.49619792 -0.0317142127646 
2068.49619792 -0.0310891920123 
2071.49619792 -0.029364439419 
2074.49619792 -0.029867074419 
2077.49619792 -0.0302106702292 
2080.49619792 -0.0287321785383 
2083.49619792 -0.0249247099088 
2086.49619792 -0.0212932936219 
2089.49619792 -0.0184562688254 
2092.49619792 -0.0162950272755 
2095.49619792 -0.0159661358214 
2098.49619792 -0.0127417676005 
2101.49619792 -0.011815169066 
2104.49619792 -0.00948376381143 
2107.49619792 -0.0028254684597 
2110.49619792 0.0054451667227 
2113.49619792 0.0135843312282 
2116.49619792 0.0183959022433 
2119.49619792 0.0228005964271 
2122.49619792 0.0189064990862 
2125.49619792 0.0168165084448 
2128.49619792 0.0113480106954 
2131.49619792 0.0106493670306 
2134.49619792 0.0114926431789 
2137.49619792 0.0136282316896 
2140.49619792 0.0153689504899 
2143.49619792 0.0157024285079 
2146.49619792 0.0162578842673 
2149.49619792 0.0172597996745 
2152.49619792 0.0128627386546 
2155.49619792 0.00700174204974 
2158.49619792 -0.000742011100476 
2161.49619792 -0.00613313119804 
2164.49619792 -0.00797906457935 
2167.49619792 -0.00807736138995 
2170.49619792 -0.00977720621753 
2173.49619792 -0.0119483403112 
2176.49619792 -0.016179837981 
2179.49619792 -0.0188826572283 
2182.49619792 -0.0204107518437 
2185.49619792 -0.0181760666606 
2188.49619792 -0.0119987040238 
2191.49619792 -0.00739526141866 
2194.49619792 -0.00700553219953 
2197.49619792 -0.00469506872915 
2200.49619792 -0.00389115302206 
2203.49619792 -0.00340840941304 
2206.49619792 -0.00258627472716 
2209.49619792 -0.00479259613245 
2212.49619792 -0.00678934541167 
2215.49619792 -0.00662699644883 
2218.49619792 -0.00107700279372 
2221.49619792 0.00121444880325 
2224.49619792 0.000864881467281 
2227.49619792 0.00264813444211 
2230.49619792 0.00585068746644 
2233.49619792 0.00820527722127 
2236.49619792 0.0103767578068 
2239.49619792 0.0155742414591 
2242.49619792 0.0267111851718 
2245.49619792 0.0387157433566 
2248.49619792 0.0436707033918 
2251.49619792 0.0459112266468 
2254.49619792 0.0485758513433 
2257.49619792 0.051579681804 
2260.49619792 0.0592273306527 
2263.49619792 0.0685795953439 
2266.49619792 0.0764522811756 
2269.49619792 0.0763918686244 
2272.49619792 0.0732425138804 
2275.49619792 0.0724923078595 
2278.49619792 0.0736357792702 
2281.49619792 0.0760331627811 
2284.49619792 0.0724348373288 
2287.49619792 0.0625756946925 
2290.49619792 0.0500194318244 
2293.49619792 0.040800178636 
2296.49619792 0.0341123570636 
2299.49619792 0.0314853419612 
2302.49619792 0.0218248362713 
2305.49619792 0.0121069864655 
2308.49619792 -0.00140113192401 
2311.49619792 -0.0129907969901 
2314.49619792 -0.0194748353788 
2317.49619792 -0.0214328028525 
2320.49619792 -0.020721459083 
2323.49619792 -0.0225977257295 
2326.49619792 -0.0243858191037 
2329.49619792 -0.025847470026 
2332.49619792 -0.0205408006398 
2335.49619792 -0.0138695750507 
2338.49619792 -0.010042408675 
2341.49619792 -0.015325275277 
2344.49619792 -0.0222123831088 
2347.49619792 -0.0247889678434 
2350.49619792 -0.0221023630363 
2353.49619792 -0.017408071759 
2356.49619792 -0.0131202320991 
2359.49619792 -0.00739680597939 
2362.49619792 -0.00408387403645 
2365.49619792 -0.00530840414395 
2368.49619792 -0.00580204644475 
2371.49619792 -0.00435152664532 
2374.49619792 -0.00381813201704 
2377.49619792 -0.00534304758398 
2380.49619792 -0.00851505071393 
2383.49619792 -0.00918003582603 
2386.49619792 -0.00990423829349 
2389.49619792 -0.00799412806882 
2392.49619792 -0.00570516950379 
2395.49619792 -0.00485545136505 
2398.49619792 -0.00413102135069 
2401.49619792 -0.00265486804887 
2404.49619792 0.00206450194158 
2407.49619792 0.00754000767555 
2410.49619792 0.0079577222896 
2413.49619792 0.00885759153396 
2416.49619792 0.00784822626444 
2419.49619792 0.0125201759993 
2422.49619792 0.0148603820323 
2425.49619792 0.0191817503822 
2428.49619792 0.0154742024208 
2431.49619792 0.0109763323807 
2434.49619792 0.00819575990004 
2437.49619792 0.00950791481134 
2440.49619792 0.00988215245403 
2443.49619792 0.0118621195752 
2446.49619792 0.00923810510388 
2449.49619792 0.0076653371721 
2452.49619792 0.0103564842979 
2455.49619792 0.0168867284969 
2458.49619792 0.0234018052014 
2461.49619792 0.0218299503303 
2464.49619792 0.0178322582434 
2467.49619792 0.0148409899803 
2470.49619792 0.0123589268464 
2473.49619792 0.00923891875641 
2476.49619792 0.00840239661369 
2479.49619792 0.00622417753715 
2482.49619792 0.00519163121509 
2485.49619792 0.00196184654492 
2488.49619792 0.00274168207321 
2491.49619792 -9.60441017311e-05 
2494.49619792 -0.000243174995134 
2497.49619792 -0.00325676664648 
2500.49619792 -0.000886667358557 
2503.49619792 -0.000718337173323 
2506.49619792 8.15055215731e-05 
2509.49619792 3.96985023751e-05 
2512.49619792 0.00168886540263 
2515.49619792 0.00215864745789 
2518.49619792 0.00162402186412 
2521.49619792 -0.003246288859 
2524.49619792 -0.00585393288275 
2527.49619792 -0.00738065532143 
2530.49619792 -0.00941301339114 
2533.49619792 -0.00950306622373 
2536.49619792 -0.00824581044832 
2539.49619792 -0.00616984956694 
2542.49619792 -0.00275335476919 
2545.49619792 0.00141996961774 
2548.49619792 0.00572155575323 
2551.49619792 0.00772821768769 
2554.49619792 0.00893290783209 
2557.49619792 0.0136615822495 
2560.49619792 0.0184887367792 
2563.49619792 0.0230565797877 
2566.49619792 0.0228271389679 
2569.49619792 0.0210469775566 
2572.49619792 0.0147198867651 
2575.49619792 0.00806579959435 
2578.49619792 0.00393121190578 
2581.49619792 -0.00145914417148 
2584.49619792 -0.00859358657076 
2587.49619792 -0.0137717092002 
2590.49619792 -0.0184840054127 
2593.49619792 -0.0219323878048 
2596.49619792 -0.0253809345363 
2599.49619792 -0.0273469741786 
2602.49619792 -0.0268415925267 
2605.49619792 -0.0256210217926 
2608.49619792 -0.0243905562163 
2611.49619792 -0.0200327458865 
2614.49619792 -0.0108081740767 
2617.49619792 0.000306552030548 
2620.49619792 0.00996463245703 
2623.49619792 0.0150839767357 
2626.49619792 0.0153960894794 
2629.49619792 0.0154713937106 
2632.49619792 0.0171322010297 
2635.49619792 0.0169192654043 
2638.49619792 0.01803872717 
2641.49619792 0.0181736314491 
2644.49619792 0.0188026296751 
2647.49619792 0.0169807559302 
2650.49619792 0.0146061569886 
2653.49619792 0.0117007198736 
2656.49619792 0.00754225211537 
2659.49619792 0.00222624109599 
2662.49619792 2.3291699278e-05 
2665.49619792 0.000472957871522 
2668.49619792 0.00228678379709 
2671.49619792 -0.000180227950087 
2674.49619792 -0.00226076674027 
2677.49619792 -0.00442548197168 
2680.49619792 -0.0062495898134 
2683.49619792 -0.00947860320876 
2686.49619792 -0.0124537334554 
2689.49619792 -0.0136325274991 
2692.49619792 -0.0120490838256 
2695.49619792 -0.00988470603585 
2698.49619792 -0.0106129905567 
2701.49619792 -0.0102106232911 
2704.49619792 -0.0102265205446 
2707.49619792 -0.00926639389465 
2710.49619792 -0.00945262091605 
2713.49619792 -0.0107090934934 
2716.49619792 -0.0108000927142 
2719.49619792 -0.0103858033705 
2722.49619792 -0.00442667458173 
2725.49619792 0.00352720038406 
2728.49619792 0.010318475922 
2731.49619792 0.0132901935399 
2734.49619792 0.0150979950034 
2737.49619792 0.0161672079792 
2740.49619792 0.0174530030768 
2743.49619792 0.017624842354 
2746.49619792 0.0184861268853 
2749.49619792 0.0189960962503 
2752.49619792 0.0195758294246 
2755.49619792 0.0167443335579 
2758.49619792 0.0168181323021 
2761.49619792 0.0168195182696 
2764.49619792 0.0158800932155 
2767.49619792 0.0155880965366 
2770.49619792 0.0154139806412 
2773.49619792 0.0158582142369 
2776.49619792 0.0164943008934 
2779.49619792 0.0208018888655 
2782.49619792 0.0273584457599 
2785.49619792 0.0307871499425 
2788.49619792 0.0340598764753 
2791.49619792 0.0293826109922 
2794.49619792 0.0242485002992 
2797.49619792 0.0227068930758 
2800.49619792 0.0252840846021 
2803.49619792 0.0242561909245 
2806.49619792 0.0182689609563 
2809.49619792 0.00708189314476 
2812.49619792 -0.00430716333285 
2815.49619792 -0.0102268940433 
2818.49619792 -0.0138574610517 
2821.49619792 -0.0169181069838 
2824.49619792 -0.0200187483048 
2827.49619792 -0.0223531587873 
2830.49619792 -0.0261560029284 
2833.49619792 -0.0288645901446 
2836.49619792 -0.0281589925088 
2839.49619792 -0.0260486237789 
2842.49619792 -0.0259574441295 
2845.49619792 -0.0275032253444 
2848.49619792 -0.0316929612637 
2851.49619792 -0.0361131906946 
2854.49619792 -0.0357536780941 
2857.49619792 -0.0285447557465 
2860.49619792 -0.0243701873216 
2863.49619792 -0.0175478797886 
2866.49619792 -0.0110809878628 
2869.49619792 -0.0059081723625 
2872.49619792 0.00076559115017 
2875.49619792 0.00650595701569 
2878.49619792 0.00826397052924 
2881.49619792 0.0100766556318 
2884.49619792 0.0130197804884 
2887.49619792 0.0132312933711 
2890.49619792 0.0124012942394 
2893.49619792 0.0156846695071 
2896.49619792 0.0190798541935 
2899.49619792 0.0184919155404 
2902.49619792 0.0133729286712 
2905.49619792 0.00953284268851 
2908.49619792 0.0043885452497 
2911.49619792 -0.00280348346489 
2914.49619792 -0.00855490877028 
2917.49619792 -0.0142775965118 
2920.49619792 -0.0154362342678 
2923.49619792 -0.0138001054436 
2926.49619792 -0.0115696586087 
2929.49619792 -0.00847698774975 
2932.49619792 -0.00763919456226 
2935.49619792 -0.00990384181026 
2938.49619792 -0.0113262351472 
2941.49619792 -0.00946825039969 
2944.49619792 -0.00765276807926 
2947.49619792 -0.00334781988095 
2950.49619792 0.000468315677853 
2953.49619792 0.00100830223479 
2956.49619792 0.00082490223934 
2959.49619792 0.00496135663127 
2962.49619792 0.00925131718908 
2965.49619792 0.0117136682113 
2968.49619792 0.013001262998 
2971.49619792 0.0163682502571 
2974.49619792 0.0188279390956 
2977.49619792 0.0172796433726 
2980.49619792 0.0154669841276 
2983.49619792 0.0114337211748 
2986.49619792 0.00994149737357 
2989.49619792 0.009721282546 
2992.49619792 0.00900853844373 
2995.49619792 0.00984351085419 
2998.49619792 0.0129227558718 
3001.49619792 0.0164101637054 
3004.49619792 0.0198900946699 
3007.49619792 0.0205755302718 
3010.49619792 0.0186041880973 
3013.49619792 0.0143403925593 
3016.49619792 0.0105636668943 
3019.49619792 0.00887543787598 
3022.49619792 0.00788998973872 
3025.49619792 0.00334138679697 
3028.49619792 0.00298059309597 
3031.49619792 0.00278891816521 
3034.49619792 0.00146529583856 
3037.49619792 -0.00385091916857 
3040.49619792 -0.0133261321585 
3043.49619792 -0.0232089120903 
3046.49619792 -0.0316444455078 
3049.49619792 -0.0353181188619 
3052.49619792 -0.0338764782755 
3055.49619792 -0.0299232716065 
3058.49619792 -0.021508295557 
3061.49619792 -0.0101452713634 
3064.49619792 0.00107412864947 
3067.49619792 0.0108560485641 
3070.49619792 0.0147494425783 
3073.49619792 0.0154246810914 
3076.49619792 0.0153279322892 
3079.49619792 0.0154275817397 
3082.49619792 0.0147628598005 
3085.49619792 0.0137286154959 
3088.49619792 0.0115442055349 
3091.49619792 0.00677984130655 
3094.49619792 0.00314399589973 
3097.49619792 -0.000819087726659 
3100.49619792 -0.00828640688285 
3103.49619792 -0.0190799553254 
3106.49619792 -0.028224914453 
3109.49619792 -0.0340515445815 
3112.49619792 -0.0322771086178 
3115.49619792 -0.0261115117644 
3118.49619792 -0.0182738371253 
3121.49619792 -0.0134600917732 
3124.49619792 -0.00491926620198 
3127.49619792 0.00198630022242 
3130.49619792 0.0117245973576 
3133.49619792 0.024910103237 
3136.49619792 0.0373821668589 
3139.49619792 0.0441163045673 
3142.49619792 0.0520490719729 
3145.49619792 0.0570763781298 
3148.49619792 0.0582349733643 
3151.49619792 0.0539574870881 
3154.49619792 0.0493388827346 
3157.49619792 0.0427600745121 
3160.49619792 0.0369607592047 
3163.49619792 0.0317172007541 
3166.49619792 0.0246596499555 
3169.49619792 0.0131557087285 
3172.49619792 0.00075112985551 
3175.49619792 -0.012819951794 
3178.49619792 -0.0240997765686 
3181.49619792 -0.0307606418786 
3184.49619792 -0.0336823164181 
3187.49619792 -0.0359017973315 
3190.49619792 -0.038244013362 
3193.49619792 -0.043148048862 
3196.49619792 -0.0477198567028 
3199.49619792 -0.0473238561533 
3202.49619792 -0.042609351127 
3205.49619792 -0.0331100819484 
3208.49619792 -0.0207783572988 
3211.49619792 -0.0103497716646 
3214.49619792 -0.00759749084777 
3217.49619792 -0.00804116419538 
3220.49619792 -0.0093582113649 
3223.49619792 -0.00920917504459 
3226.49619792 -0.0066282634713 
3229.49619792 -0.00199559761038 
3232.49619792 -0.000638426769484 
3235.49619792 -0.00127264837468 
3238.49619792 -0.000847245649237 
3241.49619792 -0.00015149401352 
3244.49619792 0.000606653738721 
3247.49619792 0.00515393485424 
3250.49619792 0.0126377418946 
3253.49619792 0.0192208895972 
3256.49619792 0.0241679349079 
3259.49619792 0.0271370472288 
3262.49619792 0.0280830309199 
3265.49619792 0.0254556434681 
3268.49619792 0.0234666698569 
3271.49619792 0.0231692200972 
3274.49619792 0.0252452384399 
3277.49619792 0.0245674589866 
3280.49619792 0.0206970219257 
3283.49619792 0.0150653155919 
3286.49619792 0.012633982774 
3289.49619792 0.0121442719778 
3292.49619792 0.0147799901743 
3295.49619792 0.019943101604 
3298.49619792 0.0292356823537 
3301.49619792 0.0374653777701 
3304.49619792 0.044289332145 
3307.49619792 0.04640155113 
3310.49619792 0.0446099434204 
3313.49619792 0.0450820733459 
3316.49619792 0.0442115846577 
3319.49619792 0.0339226909811 
3322.49619792 0.0211127409075 
3325.49619792 0.0095597093112 
3328.49619792 0.00102435233542 
3331.49619792 -0.00598166196472 
3334.49619792 -0.00800935359927 
3337.49619792 -0.0123016815642 
3340.49619792 -0.0199033728357 
3343.49619792 -0.0252243684824 
3346.49619792 -0.0280871934191 
3349.49619792 -0.0300830715845 
3352.49619792 -0.0311415300964 
3355.49619792 -0.0293036522199 
3358.49619792 -0.0296527252447 
3361.49619792 -0.0292190208645 
3364.49619792 -0.0236104634049 
3367.49619792 -0.017041521294 
3370.49619792 -0.0143310516443 
3373.49619792 -0.0152654166531 
3376.49619792 -0.0217820321722 
3379.49619792 -0.0263738549458 
3382.49619792 -0.0304846160037 
3385.49619792 -0.0340816152483 
3388.49619792 -0.0368141730358 
3391.49619792 -0.0398176725191 
3394.49619792 -0.0393761901723 
3397.49619792 -0.0371457433374 
3400.49619792 -0.0373898184105 
3403.49619792 -0.0371565345765 
3406.49619792 -0.0326838567357 
3409.49619792 -0.0222653141939 
3412.49619792 -0.0056151683864 
3415.49619792 0.00787292027398 
3418.49619792 0.0131754306086 
3421.49619792 0.0141395548437 
3424.49619792 0.0153401094957 
3427.49619792 0.0174343902005 
3430.49619792 0.0195884962017 
3433.49619792 0.0167282501297 
3436.49619792 0.0127985233122 
3439.49619792 0.0154211403238 
3442.49619792 0.0176042102864 
3445.49619792 0.0201812098919 
3448.49619792 0.0165774233141 
3451.49619792 0.0118269325509 
3454.49619792 0.00741623997815 
3457.49619792 0.00748538780176 
3460.49619792 0.00677100202909 
3463.49619792 0.00800573698272 
3466.49619792 0.00804305697182 
3469.49619792 0.00665551968185 
3472.49619792 0.00388555714977 
3475.49619792 0.000761921238235 
3478.49619792 -0.00138657208316 
3481.49619792 0.00120871358721 
3484.49619792 0.00718384564561 
3487.49619792 0.0125556928516 
3490.49619792 0.0133996861174 
3493.49619792 0.0118799463804 
3496.49619792 0.00948704772684 
3499.49619792 0.00690458010055 
3502.49619792 0.00756579689817 
3505.49619792 0.0110431587663 
3508.49619792 0.0113399787498 
3511.49619792 0.0130509728005 
3514.49619792 0.0134324333333 
3517.49619792 0.0114364804682 
3520.49619792 0.00899318362528 
3523.49619792 0.0057162290873 
3526.49619792 0.00541013944095 
3529.49619792 0.00204406251308 
3532.49619792 0.000304308021688 
3535.49619792 0.00161544159364 
3538.49619792 0.0090080942676 
3541.49619792 0.0152240375952 
3544.49619792 0.0167131044705 
3547.49619792 0.0169059412695 
3550.49619792 0.0161633833526 
3553.49619792 0.0169947707502 
3556.49619792 0.0117328729393 
3559.49619792 0.00105155273664 
3562.49619792 -0.0103400756386 
3565.49619792 -0.0175310539599 
3568.49619792 -0.0163400137561 
3571.49619792 -0.0106665744026 
3574.49619792 -0.00175024316061 
3577.49619792 0.00539002165228 
3580.49619792 0.0130385531072 
3583.49619792 0.0199528309576 
3586.49619792 0.023485809079 
3589.49619792 0.0239493175055 
3592.49619792 0.0211659684931 
3595.49619792 0.0141841023198 
3598.49619792 0.00759095404608 
3601.49619792 0.000173659185532 
3604.49619792 -0.006904693874 
3607.49619792 -0.0122600565717 
3610.49619792 -0.0138000801606 
3613.49619792 -0.00869917177733 
3616.49619792 -0.00330573146281 
3619.49619792 0.003649456561 
3622.49619792 0.0111856651803 
3625.49619792 0.0182378111655 
3628.49619792 0.0229597781211 
3631.49619792 0.0262692730142 
3634.49619792 0.0267101462708 
3637.49619792 0.0257501397151 
3640.49619792 0.0297760418706 
3643.49619792 0.0354723244041 
3646.49619792 0.0454785657644 
3649.49619792 0.053498085998 
3652.49619792 0.0551874355124 
3655.49619792 0.051019144164 
3658.49619792 0.0423515887634 
3661.49619792 0.0323950100874 
3664.49619792 0.0220937415373 
3667.49619792 0.015410461709 
3670.49619792 0.00855956256395 
3673.49619792 0.00205576753106 
3676.49619792 -0.00691012167188 
3679.49619792 -0.0146578710426 
3682.49619792 -0.0208529536064 
3685.49619792 -0.0218897009268 
3688.49619792 -0.0230666033433 
3691.49619792 -0.024208392286 
3694.49619792 -0.0259562029646 
3697.49619792 -0.029134465358 
3700.49619792 -0.033413765114 
3703.49619792 -0.0330626395702 
3706.49619792 -0.0306149199282 
3709.49619792 -0.0245845709727 
3712.49619792 -0.0164169085172 
3715.49619792 -0.00953104357405 
3718.49619792 -0.00405491438457 
3721.49619792 -0.00040665589245 
3724.49619792 -0.000579471617383 
3727.49619792 -0.00259634626299 
3730.49619792 -0.00535008429929 
3733.49619792 -0.010118983951 
3736.49619792 -0.0148509491792 
3739.49619792 -0.0169104956551 
3742.49619792 -0.0185052511674 
3745.49619792 -0.020302195886 
3748.49619792 -0.0197053242934 
3751.49619792 -0.0133661114582 
3754.49619792 -0.00621791367681 
3757.49619792 0.00225447601676 
3760.49619792 0.00805707064266 
3763.49619792 0.0117758149456 
3766.49619792 0.0159812826298 
3769.49619792 0.0194586519679 
3772.49619792 0.0227860357244 
3775.49619792 0.0276637700212 
3778.49619792 0.0337190916738 
3781.49619792 0.037759016694 
3784.49619792 0.042500317091 
3787.49619792 0.0496989124871 
3790.49619792 0.0608331543678 
3793.49619792 0.06995287073 
3796.49619792 0.075345166702 
3799.49619792 0.0790495060224 
3802.49619792 0.0795537959089 
3805.49619792 0.075866874269 
3808.49619792 0.0723086936051 
3811.49619792 0.0664053410996 
3814.49619792 0.0585898407903 
3817.49619792 0.0479732060357 
3820.49619792 0.0317848304492 
3823.49619792 0.0126357905076 
3826.49619792 0.00502818703916 
3829.49619792 0.00860093702498 
3832.49619792 0.0154740277383 
3835.49619792 0.0215520994833 
3838.49619792 0.026039354116 
3841.49619792 0.0277033838669 
3844.49619792 0.0283485091917 
3847.49619792 0.0264643082839 
3850.49619792 0.0245776480308 
3853.49619792 0.0212476900064 
3856.49619792 0.0141588882852 
3859.49619792 0.00111177954404 
3862.49619792 -0.0134101291408 
3865.49619792 -0.0227948525919 
3868.49619792 -0.0293662758833 
3871.49619792 -0.0306619899569 
3874.49619792 -0.0279438089959 
3877.49619792 -0.0223941103329 
3880.49619792 -0.0153110317608 
3883.49619792 -0.00534017624097 
3886.49619792 0.00691927641208 
3889.49619792 0.0197238061578 
3892.49619792 0.0291860150725 
3895.49619792 0.0350002611337 
3898.49619792 0.0346696814656 
3901.49619792 0.0316008346515 
3904.49619792 0.0272109562988 
3907.49619792 0.0219781867888 
3910.49619792 0.0161117175661 
3913.49619792 0.0123216022604 
3916.49619792 0.00830415094369 
3919.49619792 0.00427515708089 
3922.49619792 0.000964959292015 
3925.49619792 0.000661854977595 
3928.49619792 -0.00261102677265 
3931.49619792 -0.00753601641109 
3934.49619792 -0.00982504622819 
3937.49619792 -0.00858811050536 
3940.49619792 -0.00661503414771 
3943.49619792 -0.00554848335569 
3946.49619792 -0.000354592078483 
3949.49619792 0.00975366775548 
3952.49619792 0.0238670098865 
3955.49619792 0.0327931413032 
3958.49619792 0.0345612312368 
3961.49619792 0.0329349214059 
3964.49619792 0.0272962059382 
3967.49619792 0.0166334952359 
3970.49619792 0.00542908904064 
3973.49619792 -0.00396115989266 
3976.49619792 -0.00833961837928 
3979.49619792 -0.00588092362192 
3982.49619792 0.00454029604357 
3985.49619792 0.0154452499515 
3988.49619792 0.021594257717 
3991.49619792 0.0239957600565 
3994.49619792 0.0276167597523 
3997.49619792 0.0293360121464 
4000.49619792 0.0326579968357 
4003.49619792 0.0318773776784 
4006.49619792 0.0286605978017 
4009.49619792 0.0251094802854 
4012.49619792 0.0245901424239 
4015.49619792 0.0243593455165 
4018.49619792 0.02413248586 
4021.49619792 0.0261674997927 
4024.49619792 0.0264623408077 
4027.49619792 0.0272952704676 
4030.49619792 0.0238473236325 
4033.49619792 0.0189759192765 
4036.49619792 0.0131921047393 
4039.49619792 0.00813926908511 
4042.49619792 0.00180182447891 
4045.49619792 -0.00311653225376 
4048.49619792 -0.00292123926993 
4051.49619792 0.000831315068193 
4054.49619792 0.00778179521284 
4057.49619792 0.0137710070226 
4060.49619792 0.0189665358402 
4063.49619792 0.0268261331286 
4066.49619792 0.039999287119 
4069.49619792 0.0507814932683 
4072.49619792 0.0560308392248 
4075.49619792 0.0523151363504 
4078.49619792 0.0406828058107 
4081.49619792 0.0278504274281 
4084.49619792 0.018947193205 
4087.49619792 0.014609189798 
4090.49619792 0.0121378443527 
4093.49619792 0.00721081512409 
4096.49619792 -0.000284357337773 
4099.49619792 -0.00538904998108 
4102.49619792 -0.0045433360356 
4105.49619792 -0.00170634830169 
4108.49619792 0.00125950078984 
4111.49619792 -0.00138863767456 
4114.49619792 -0.00461663256774 
4117.49619792 -0.0104897934503 
4120.49619792 -0.0151393947474 
4123.49619792 -0.01447263408 
4126.49619792 -0.00884532124008 
4129.49619792 -0.00272732823125 
4132.49619792 0.00171923802879 
4135.49619792 0.00296393706554 
4138.49619792 0.0025901016522 
4141.49619792 0.00131230502904 
4144.49619792 -0.00130753315232 
4147.49619792 -0.005155910375 
4150.49619792 -0.00575182293784 
4153.49619792 0.000614066753969 
4156.49619792 0.0103220074958 
4159.49619792 0.0210831850942 
4162.49619792 0.03249119347 
4165.49619792 0.0445223769399 
4168.49619792 0.05221481805 
4171.49619792 0.0517388497072 
4174.49619792 0.0414632916577 
4177.49619792 0.0231005308151 
4180.49619792 -0.00171205090842 
4183.49619792 -0.0284042007195 
4186.49619792 -0.0498771759419 
4189.49619792 -0.0650772211304 
4192.49619792 -0.0737800577918 
4195.49619792 -0.0714622881125 
4198.49619792 -0.0520752375673 
4201.49619792 -0.0238841678417 
4204.49619792 0.00581404322267 
4207.49619792 0.0257229007429 
4210.49619792 0.0318390601605 
4213.49619792 0.0248892953377 
4216.49619792 0.0115928408105 
4219.49619792 -0.00278461431108 
4222.49619792 -0.0117178031291 
4225.49619792 -0.0210697805136 
4228.49619792 -0.0271507827868 
4231.49619792 -0.0262171027171 
4234.49619792 -0.0139244678659 
4237.49619792 0.0137609616317 
4240.49619792 0.0499405443042 
4243.49619792 0.0762894081653 
4246.49619792 0.0825622324703 
4249.49619792 0.0753686660903 
4252.49619792 0.0595491555116 
4255.49619792 0.0422625099005 
4258.49619792 0.026510447439 
4261.49619792 0.0129853910275 
4264.49619792 0.00522347398955 
4267.49619792 -9.79776128697e-05 
4270.49619792 -0.00902798106169 
4273.49619792 -0.0152110823621 
4276.49619792 -0.0191641338856 
4279.49619792 -0.0190556020616 
4282.49619792 -0.0177306941812 
4285.49619792 -0.0133170049997 
4288.49619792 -0.00752176082802 
4291.49619792 0.000571896884385 
4294.49619792 0.0099617812255 
4297.49619792 0.0184364090381 
4300.49619792 0.0220524613128 
4303.49619792 0.027251581464 
4306.49619792 0.0312148461654 
4309.49619792 0.0374998109016 
4312.49619792 0.0444852615131 
4315.49619792 0.053104880368 
4318.49619792 0.0532702494987 
4321.49619792 0.0436930213751 
4324.49619792 0.024635293244 
4327.49619792 0.00896940037793 
4330.49619792 0.00324743147769 
4333.49619792 -0.000758932314969 
4336.49619792 -0.00557822476906 
4339.49619792 -0.00951135444696 
4342.49619792 -0.0100929102948 
4345.49619792 -0.00778662426359 
4348.49619792 -0.00556493511106 
4351.49619792 -0.00185003367866 
4354.49619792 0.00319073811155 
4357.49619792 0.0070262820629 
4360.49619792 0.014961376078 
4363.49619792 0.0224813021656 
4366.49619792 0.0312752219413 
4369.49619792 0.0426143801432 
4372.49619792 0.0572759436513 
4375.49619792 0.0677105362937 
4378.49619792 0.0711984118626 
4381.49619792 0.0673347897163 
4384.49619792 0.0476980535731 
4387.49619792 0.0139007708105 
4390.49619792 -0.0251367905096 
4393.49619792 -0.0594141581451 
4396.49619792 -0.0808123554821 
4399.49619792 -0.0930123534644 
4402.49619792 -0.0867904582916 
4405.49619792 -0.0701726028823 
4408.49619792 -0.041325982047 
4411.49619792 -0.00553010434708 
4414.49619792 0.0302717746149 
4417.49619792 0.0624534261614 
4420.49619792 0.0844064379892 
4423.49619792 0.0889651078699 
4426.49619792 0.0785268009266 
4429.49619792 0.0617375498417 
4432.49619792 0.0378465808761 
4435.49619792 0.0201895670687 
4438.49619792 0.00700257294067 
4441.49619792 -0.00825977872471 
4444.49619792 -0.0224040051751 
4447.49619792 -0.0378307100548 
4450.49619792 -0.0478066509029 
4453.49619792 -0.0573599291413 
4456.49619792 -0.0624396262467 
4459.49619792 -0.059129890016 
4462.49619792 -0.0471577928897 
4465.49619792 -0.0296922816291 
4468.49619792 -0.00783287374444 
4471.49619792 0.0110987939819 
4474.49619792 0.021894263357 
4477.49619792 0.0280770319563 
4480.49619792 0.0317203910075 
4483.49619792 0.0387175315534 
4486.49619792 0.0451260657454 
4489.49619792 0.0490945709208 
4492.49619792 0.0499888302148 
4495.49619792 0.0518499799328 
4498.49619792 0.0492545065075 
4501.49619792 0.047244182562 
4504.49619792 0.0432229186856 
4507.49619792 0.0375999522211 
4510.49619792 0.0256856589013 
4513.49619792 0.0070972221056 
4516.49619792 -0.0122307374992 
4519.49619792 -0.0232709335589 
4522.49619792 -0.0230986598739 
4525.49619792 -0.0200561993058 
4528.49619792 -0.0143996294515 
4531.49619792 -0.0108387308664 
4534.49619792 -0.00622424878921 
4537.49619792 -0.000718058701319 
4540.49619792 0.00656056252416 
4543.49619792 0.0122282942431 
4546.49619792 0.0108076339401 
4549.49619792 0.0033718223433 
4552.49619792 -0.00350125659044 
4555.49619792 -0.0110193295499 
4558.49619792 -0.0166326264205 
4561.49619792 -0.0254344953976 
4564.49619792 -0.0244771412572 
4567.49619792 -0.0151912421117 
4570.49619792 0.00370530438357 
4573.49619792 0.0248732521324 
4576.49619792 0.0409657178522 
4579.49619792 0.0499370828333 
4582.49619792 0.0514490423053 
4585.49619792 0.0465792399713 
4588.49619792 0.0381784109029 
4591.49619792 0.0283484218505 
4594.49619792 0.022819202408 
4597.49619792 0.0215810760863 
4600.49619792 0.022406533474 
4603.49619792 0.0245340325777 
4606.49619792 0.029429062737 
4609.49619792 0.0310338038804 
4612.49619792 0.0271694163491 
4615.49619792 0.0168043932965 
4618.49619792 -0.00253677465848 
4621.49619792 -0.0272019693457 
4624.49619792 -0.0484218457666 
4627.49619792 -0.0634147359402 
4630.49619792 -0.0633757403786 
4633.49619792 -0.0533889094579 
4636.49619792 -0.0367904713836 
4639.49619792 -0.0235781103737 
4642.49619792 -0.0121869921834 
4645.49619792 -0.000726471543829 
4648.49619792 0.008704486951 
4651.49619792 0.0180652639646 
4654.49619792 0.017728371594 
4657.49619792 0.00760467523873 
4660.49619792 -0.00595692141151 
4663.49619792 -0.0225865483502 
4666.49619792 -0.028957498231 
4669.49619792 -0.0286286860736 
4672.49619792 -0.0236654745904 
4675.49619792 -0.0100843370633 
4678.49619792 0.00910204010576 
4681.49619792 0.0341786881324 
4684.49619792 0.0613037489263 
4687.49619792 0.0837783717861 
4690.49619792 0.0991019772366 
4693.49619792 0.105008267166 
4696.49619792 0.101974317771 
4699.49619792 0.0823736489595 
4702.49619792 0.0483788738804 
4705.49619792 0.00676312925132 
4708.49619792 -0.035861185957 
4711.49619792 -0.0767248088043 
4714.49619792 -0.10901342348 
4717.49619792 -0.13210336532 
4720.49619792 -0.143616419915 
4723.49619792 -0.129908277894 
4726.49619792 -0.0906797725509 
4729.49619792 -0.0370710390025 
4732.49619792 0.0156567478943 
4735.49619792 0.0594854607688 
4738.49619792 0.092467252238 
4741.49619792 0.11279758809 
4744.49619792 0.114171787454 
4747.49619792 0.0948420971141 
4750.49619792 0.0645075724208 
4753.49619792 0.0379095286214 
4756.49619792 0.0198740744492 
4759.49619792 0.00939584279444 
4762.49619792 0.0106051493826 
4765.49619792 0.0153642570479 
4768.49619792 0.0228762913955 
4771.49619792 0.0203094038361 
4774.49619792 0.00863526385304 
4777.49619792 -0.00625036841451 
4780.49619792 -0.0208764920685 
4783.49619792 -0.0330727297809 
4786.49619792 -0.0418507143788 
4789.49619792 -0.0453998023607 
4792.49619792 -0.0388399517825 
4795.49619792 -0.027423606916 
4798.49619792 -0.0182840526018 
4801.49619792 -0.0132273285389 
4804.49619792 -0.015838052203 
4807.49619792 -0.0167228545102 
4810.49619792 -0.0102102681801 
4813.49619792 -0.00329761102668 
4816.49619792 0.00863098643112 
4819.49619792 0.0205807799396 
4822.49619792 0.0334572771367 
4825.49619792 0.0330267055485 
4828.49619792 0.0216805945249 
4831.49619792 0.00112788976359 
4834.49619792 -0.0259855634093 
4837.49619792 -0.0527149477357 
4840.49619792 -0.067976219128 
4843.49619792 -0.0689170910585 
4846.49619792 -0.0509889608729 
4849.49619792 -0.0186427481021 
4852.49619792 0.0200839830114 
4855.49619792 0.0660755911731 
4858.49619792 0.0969621814068 
4861.49619792 0.106548056312 
4864.49619792 0.0820260216619 
4867.49619792 0.0239007994511 
4870.49619792 -0.0417967696757 
4873.49619792 -0.091928301673 
4876.49619792 -0.113225560127 
4879.49619792 -0.110443420101 
4882.49619792 -0.0826592915637 
4885.49619792 -0.038053340557 
4888.49619792 0.0123356527065 
4891.49619792 0.0523223305098 
4894.49619792 0.0622596021766 
4897.49619792 0.0480637742964 
4900.49619792 0.027256569108 
4903.49619792 0.0158242695267 
4906.49619792 0.0181813416113 
4909.49619792 0.0243336051361 
4912.49619792 0.0309628483232 
4915.49619792 0.0291704798255 
4918.49619792 0.0222439316812 
4921.49619792 0.0100308761847 
4924.49619792 -0.00131651507754 
4927.49619792 -0.00893126788554 
4930.49619792 -0.00955030461419 
4933.49619792 7.35954478043e-05 
4936.49619792 0.0121840547598 
4939.49619792 0.0214891793194 
4942.49619792 0.0261559983315 
4945.49619792 0.0208977044956 
4948.49619792 0.0113899379345 
4951.49619792 -0.00342726305229 
4954.49619792 -0.0155652165815 
4957.49619792 -0.024011343571 
4960.49619792 -0.0269652539206 
4963.49619792 -0.0257933276559 
4966.49619792 -0.0271449286258 
4969.49619792 -0.027129846174 
4972.49619792 -0.0273111068121 
4975.49619792 -0.0202322723343 
4978.49619792 -0.00204847597471 
4981.49619792 0.0198087524014 
4984.49619792 0.0448163767209 
4987.49619792 0.069184837904 
4990.49619792 0.0852157050706 
4993.49619792 0.0874403873842 
4996.49619792 0.0738233008955 
4999.49619792 0.0435538959862 
5002.49619792 0.00453917899518 
5005.49619792 -0.0436075740687 
5008.49619792 -0.0852274639586 
5011.49619792 -0.117500959408 
5014.49619792 -0.137355864755 
5017.49619792 -0.150948155527 
5020.49619792 -0.164869630807 
5023.49619792 -0.16888541517 
5026.49619792 -0.156873311163 
5029.49619792 -0.13179427849 
5032.49619792 -0.0872210137906 
5035.49619792 -0.0250161515819 
5038.49619792 0.0439952726041 
5041.49619792 0.100997649726 
5044.49619792 0.143569687759 
5047.49619792 0.161664207589 
5050.49619792 0.161481305855 
5053.49619792 0.147102134938 
5056.49619792 0.121784210205 
5059.49619792 0.0962305652777 
5062.49619792 0.0665963609711 
5065.49619792 0.0282625884039 
5068.49619792 -0.0136934238748 
5071.49619792 -0.0511398451498 
5074.49619792 -0.0777265897519 
5077.49619792 -0.0946768658906 
5080.49619792 -0.101421751167 
5083.49619792 -0.0960207532506 
5086.49619792 -0.0838855256872 
5089.49619792 -0.0583085698446 
5092.49619792 -0.0205768357934 
5095.49619792 0.0176717641325 
5098.49619792 0.0497625888423 
5101.49619792 0.0648102879375 
5104.49619792 0.0624583448518 
5107.49619792 0.0492714047374 
5110.49619792 0.0228026857213 
5113.49619792 -0.00913456667013 
5116.49619792 -0.0343916605331 
5119.49619792 -0.0478509375045 
5122.49619792 -0.0456781037045 
5125.49619792 -0.0336804730584 
5128.49619792 -0.019675950058 
5131.49619792 0.00254852866225 
5134.49619792 0.0360304762494 
5137.49619792 0.0734597591061 
5140.49619792 0.105363828725 
5143.49619792 0.119890155827 
5146.49619792 0.119759199142 
5149.49619792 0.0981206755094 
5152.49619792 0.0473084381274 
5155.49619792 -0.0380103135079 
5158.49619792 -0.133585444897 
5161.49619792 -0.213771453419 
5164.49619792 -0.247350718676 
5167.49619792 -0.221018201416 
5170.49619792 -0.147549800124 
5173.49619792 -0.0449159641132 
5176.49619792 0.0581128519342 
5179.49619792 0.123420313746 
5182.49619792 0.135727677087 
5185.49619792 0.107449187982 
5188.49619792 0.054653003707 
5191.49619792 0.00442818667681 
5194.49619792 -0.0205564600033 
5197.49619792 -0.012271269577 
5200.49619792 0.0201588919086 
5203.49619792 0.0573610002206 
5206.49619792 0.0753224947569 
5209.49619792 0.069395891096 
5212.49619792 0.0433837276846 
5215.49619792 0.00934469128694 
5218.49619792 -0.0293737458571 
5221.49619792 -0.0668990948753 
5224.49619792 -0.0907086135451 
5227.49619792 -0.100392834678 
5230.49619792 -0.0905602253887 
5233.49619792 -0.0618031201224 
5236.49619792 -0.0239328077142 
5239.49619792 0.0174771173014 
5242.49619792 0.0425688110046 
5245.49619792 0.0542959849285 
5248.49619792 0.0510314592777 
5251.49619792 0.0390053484946 
5254.49619792 0.0301611523475 
5257.49619792 0.0324368212546 
5260.49619792 0.0497952544631 
5263.49619792 0.0745790553831 
5266.49619792 0.08926004542 
5269.49619792 0.0939005770196 
5272.49619792 0.0847935894928 
5275.49619792 0.0617941607508 
5278.49619792 0.030928817421 
5281.49619792 -0.00531692623483 
5284.49619792 -0.0423776670166 
5287.49619792 -0.0783518242604 
5290.49619792 -0.119026213134 
5293.49619792 -0.165420321872 
5296.49619792 -0.207819727662 
5299.49619792 -0.22323365314 
5302.49619792 -0.208637921936 
5305.49619792 -0.181424251164 
5308.49619792 -0.156544448439 
5311.49619792 -0.119332560208 
5314.49619792 -0.068569854498 
5317.49619792 -0.0114901309692 
5320.49619792 0.0517882986353 
5323.49619792 0.129569973123 
5326.49619792 0.2250244426 
5329.49619792 0.296583555364 
5332.49619792 0.316362152055 
5335.49619792 0.275000065901 
5338.49619792 0.196549288622 
5341.49619792 0.109431411036 
5344.49619792 0.0330387816231 
5347.49619792 -0.032005847437 
5350.49619792 -0.0769037526012 
5353.49619792 -0.0966561469234 
5356.49619792 -0.0906118118785 
5359.49619792 -0.0691708725006 
5362.49619792 -0.0423137792037 
5365.49619792 -0.0202778207868 
5368.49619792 -0.0174528536773 
5371.49619792 -0.0263298717401 
5374.49619792 -0.0488968993249 
5377.49619792 -0.0829696195583 
5380.49619792 -0.117453142381 
5383.49619792 -0.140748097078 
5386.49619792 -0.139063726013 
5389.49619792 -0.110490676305 
5392.49619792 -0.0515196186177 
5395.49619792 0.024447930212 
5398.49619792 0.119710701774 
5401.49619792 0.211138381892 
5404.49619792 0.275821257359 
5407.49619792 0.297775993027 
5410.49619792 0.262306902547 
5413.49619792 0.177936963999 
5416.49619792 0.0625023648328 
5419.49619792 -0.0689169899266 
5422.49619792 -0.185662341948 
5425.49619792 -0.276062024958 
5428.49619792 -0.328623206156 
5431.49619792 -0.359740478374 
5434.49619792 -0.380682919968 
5437.49619792 -0.372062174871 
5440.49619792 -0.310997855844 
5443.49619792 -0.200241947202 
5446.49619792 -0.0531781136926 
5449.49619792 0.0943447117818 
5452.49619792 0.21895724254 
5455.49619792 0.291072893635 
5458.49619792 0.292753927344 
5461.49619792 0.240624101507 
5464.49619792 0.17025786771 
5467.49619792 0.102742148333 
5470.49619792 0.0399710713041 
5473.49619792 -0.0173489428941 
5476.49619792 -0.0681792737019 
5479.49619792 -0.108387122489 
5482.49619792 -0.119489296347 
5485.49619792 -0.101469531418 
5488.49619792 -0.0638616150558 
5491.49619792 -0.0279529637361 
5494.49619792 -8.3372808521e-05 
5497.49619792 0.0211865879192 
5500.49619792 0.0370976872721 
5503.49619792 0.0502847606968 
5506.49619792 0.0636280002445 
5509.49619792 0.0646285676087 
5512.49619792 0.0432573449217 
5515.49619792 0.000812441389298 
5518.49619792 -0.0470359150956 
5521.49619792 -0.0808347056437 
5524.49619792 -0.0758175218759 
5527.49619792 -0.0323925231607 
5530.49619792 0.0331749810807 
5533.49619792 0.0873894812366 
5536.49619792 0.114085494317 
5539.49619792 0.0915672514072 
5542.49619792 0.0303915769054 
5545.49619792 -0.0526446288501 
5548.49619792 -0.150548013165 
5551.49619792 -0.238855174936 
5554.49619792 -0.301532640552 
5557.49619792 -0.312665466585 
5560.49619792 -0.260723966832 
5563.49619792 -0.152838284147 
5566.49619792 -0.0311461913601 
5569.49619792 0.0687398251326 
5572.49619792 0.127524827608 
5575.49619792 0.144601674982 
5578.49619792 0.126696989022 
5581.49619792 0.0945848633948 
5584.49619792 0.064712442773 
5587.49619792 0.0587495281441 
5590.49619792 0.0704530693693 
5593.49619792 0.0854059986308 
5596.49619792 0.0981306599913 
5599.49619792 0.09944576152 
5602.49619792 0.087545674941 
5605.49619792 0.0505489771177 
5608.49619792 -0.0146612681568 
5611.49619792 -0.0960154300323 
5614.49619792 -0.159345380621 
5617.49619792 -0.18304043171 
5620.49619792 -0.149446373607 
5623.49619792 -0.0786020706811 
5626.49619792 0.00302780304306 
5629.49619792 0.05558901211 
5632.49619792 0.0740398106161 
5635.49619792 0.0861445468957 
5638.49619792 0.117505648253 
5641.49619792 0.166420627213 
5644.49619792 0.202226579034 
5647.49619792 0.191946975707 
5650.49619792 0.0964248305655 
5653.49619792 -0.049854687873 
5656.49619792 -0.204927758335 
5659.49619792 -0.3006979158 
5662.49619792 -0.302592521806 
5665.49619792 -0.209503997594 
5668.49619792 -0.0761299644477 
5671.49619792 0.00190421426054 
5674.49619792 -0.0313513421235 
5677.49619792 -0.143236862502 
5680.49619792 -0.274597726217 
5683.49619792 -0.355907614133 
5686.49619792 -0.325437328986 
5689.49619792 -0.190393864723 
5692.49619792 0.00834358148769 
5695.49619792 0.197345583232 
5698.49619792 0.305984781711 
5701.49619792 0.330318876417 
5704.49619792 0.26613844288 
5707.49619792 0.146715553451 
5710.49619792 0.0178480083959 
5713.49619792 -0.082202588858 
5716.49619792 -0.132410457092 
5719.49619792 -0.151367393441 
5722.49619792 -0.132895835304 
5725.49619792 -0.0855750636747 
5728.49619792 -0.0258280595864 
5731.49619792 0.031643245715 
5734.49619792 0.0535764172925 
5737.49619792 0.0252428595406 
5740.49619792 -0.026137024598 
5743.49619792 -0.0976948732122 
5746.49619792 -0.158972534692 
5749.49619792 -0.192538468918 
5752.49619792 -0.190800194523 
5755.49619792 -0.143100049357 
5758.49619792 -0.071124732638 
5761.49619792 -0.0046235853895 
5764.49619792 0.0588551650658 
5767.49619792 0.125254203806 
5770.49619792 0.158577366182 
5773.49619792 0.137698178028 
5776.49619792 0.0470803901704 
5779.49619792 -0.104851503445 
5782.49619792 -0.253611246254 
5785.49619792 -0.382799777233 
5788.49619792 -0.452058983897 
5791.49619792 -0.423274917772 
5794.49619792 -0.31009461879 
5797.49619792 -0.172789457919 
5800.49619792 -0.0230308554964 
5803.49619792 0.090590050121 
5806.49619792 0.163339430808 
5809.49619792 0.168341876892 
5812.49619792 0.143084548587 
5815.49619792 0.0847575037732 
5818.49619792 0.0328792206843 
5821.49619792 -0.0235836542435 
5824.49619792 -0.0562413269973 
5827.49619792 -0.0775051383564 
5830.49619792 -0.0832634538507 
5833.49619792 -0.141691584648 
5836.49619792 -0.213260663506 
5839.49619792 -0.238953659071 
5842.49619792 -0.231771378097 
5845.49619792 -0.175205114135 
5848.49619792 -0.0918252114377 
5851.49619792 0.00921054779593 
5854.49619792 0.0557284179102 
5857.49619792 0.0541824459237 
5860.49619792 0.0502246101693 
5863.49619792 0.0391376888489 
5866.49619792 0.0145781284977 
5869.49619792 -0.0333535984973 
5872.49619792 -0.0447880413865 
5875.49619792 -0.0952550832347 
5878.49619792 -0.128670119393 
5881.49619792 -0.155626960974 
5884.49619792 -0.129656082384 
5887.49619792 -0.160298484921 
5890.49619792 -0.218047680143 
5893.49619792 -0.308326427725 
5896.49619792 -0.344992387287 
5899.49619792 -0.380097421124 
5902.49619792 -0.41070149465 
5905.49619792 -0.482268973784 
5908.49619792 -0.495808887399 
5911.49619792 -0.460563813389 
5914.49619792 -0.331785767814 
5917.49619792 -0.189054417976 
5920.49619792 -0.0203344408898 
5923.49619792 0.106505488954 
5926.49619792 0.103454319546 
5929.49619792 0.0208117561263 
5932.49619792 -0.131327435008 
5935.49619792 -0.209055946267 
5938.49619792 -0.285510194919 
5941.49619792 -0.329890334364 
5944.49619792 -0.326733877398 
5947.49619792 -0.306837728602 
5950.49619792 -0.305418920853 
5953.49619792 -0.346926214104 
5956.49619792 -0.451731537021 
5959.49619792 -0.616807679276 
5962.49619792 -0.699808475057 
5965.49619792 -0.717058055807 
5968.49619792 -0.721418792069 
5971.49619792 -0.688039510652 
5974.49619792 -0.605471008001 
5977.49619792 -0.531797557078 
5980.49619792 -0.464003586923 
5983.49619792 -0.458587437601 
5986.49619792 -0.623035495265 
5989.49619792 -0.829874831387 
5992.49619792 -1.08056270225 
5995.49619792 -1.32124446735 
5998.49619792 -1.51490825909 
