1.50120749339 nan 
4.50120749339 nan 
7.50120749339 nan 
10.5012074934 nan 
13.5012074934 nan 
16.5012074934 nan 
19.5012074934 nan 
22.5012074934 nan 
25.5012074934 nan 
28.5012074934 nan 
31.5012074934 nan 
34.5012074934 nan 
37.5012074934 nan 
40.5012074934 nan 
43.5012074934 nan 
46.5012074934 nan 
49.5012074934 nan 
52.5012074934 nan 
55.5012074934 nan 
58.5012074934 nan 
61.5012074934 nan 
64.5012074934 nan 
67.5012074934 nan 
70.5012074934 nan 
73.5012074934 nan 
76.5012074934 nan 
79.5012074934 nan 
82.5012074934 nan 
85.5012074934 nan 
88.5012074934 nan 
91.5012074934 nan 
94.5012074934 nan 
97.5012074934 nan 
100.501207493 nan 
103.501207493 nan 
106.501207493 nan 
109.501207493 nan 
112.501207493 nan 
115.501207493 nan 
118.501207493 nan 
121.501207493 nan 
124.501207493 nan 
127.501207493 nan 
130.501207493 nan 
133.501207493 nan 
136.501207493 nan 
139.501207493 nan 
142.501207493 nan 
145.501207493 nan 
148.501207493 nan 
151.501207493 nan 
154.501207493 nan 
157.501207493 nan 
160.501207493 nan 
163.501207493 nan 
166.501207493 nan 
169.501207493 nan 
172.501207493 nan 
175.501207493 nan 
178.501207493 nan 
181.501207493 nan 
184.501207493 nan 
187.501207493 nan 
190.501207493 nan 
193.501207493 nan 
196.501207493 nan 
199.501207493 nan 
202.501207493 nan 
205.501207493 nan 
208.501207493 nan 
211.501207493 nan 
214.501207493 nan 
217.501207493 nan 
220.501207493 nan 
223.501207493 nan 
226.501207493 nan 
229.501207493 nan 
232.501207493 nan 
235.501207493 nan 
238.501207493 nan 
241.501207493 nan 
244.501207493 nan 
247.501207493 nan 
250.501207493 nan 
253.501207493 nan 
256.501207493 nan 
259.501207493 nan 
262.501207493 nan 
265.501207493 nan 
268.501207493 nan 
271.501207493 nan 
274.501207493 nan 
277.501207493 nan 
280.501207493 nan 
283.501207493 nan 
286.501207493 nan 
289.501207493 nan 
292.501207493 nan 
295.501207493 nan 
298.501207493 nan 
301.501207493 nan 
304.501207493 -0.524196562257 
307.501207493 -0.709197864716 
310.501207493 -0.813128536051 
313.501207493 -0.790417924702 
316.501207493 -0.69779218125 
319.501207493 -0.568585646282 
322.501207493 -0.448510521586 
325.501207493 -0.366192566651 
328.501207493 -0.28912092839 
331.501207493 -0.249610763003 
334.501207493 -0.243133750978 
337.501207493 -0.222415183557 
340.501207493 -0.193988454222 
343.501207493 -0.162589075359 
346.501207493 -0.163411881052 
349.501207493 -0.167575018395 
352.501207493 -0.158129674938 
355.501207493 -0.176058278611 
358.501207493 -0.160120563585 
361.501207493 -0.140408122093 
364.501207493 -0.134016610271 
367.501207493 -0.11073094401 
370.501207493 -0.0760187187494 
373.501207493 -0.0685367976266 
376.501207493 -0.091330882703 
379.501207493 -0.0843326972762 
382.501207493 -0.0856016778553 
385.501207493 -0.0970804280575 
388.501207493 -0.102338183898 
391.501207493 -0.0951171240922 
394.501207493 -0.0821923892366 
397.501207493 -0.0677677029922 
400.501207493 -0.0626247081391 
403.501207493 -0.0625289713966 
406.501207493 -0.0659029860918 
409.501207493 -0.0702178960002 
412.501207493 -0.0726062341712 
415.501207493 -0.0497732814925 
418.501207493 -0.0379416949935 
421.501207493 -0.0366034733599 
424.501207493 -0.0367789433737 
427.501207493 -0.0389056295236 
430.501207493 -0.0417840313904 
433.501207493 -0.0437884898447 
436.501207493 -0.0442030602422 
439.501207493 -0.0466233911515 
442.501207493 -0.0587180572001 
445.501207493 -0.0497179653519 
448.501207493 -0.0393060998213 
451.501207493 -0.0223661460986 
454.501207493 -0.00716836376018 
457.501207493 0.00325501994928 
460.501207493 -0.00483579212333 
463.501207493 -0.021791678296 
466.501207493 -0.035560975043 
469.501207493 -0.0332272262278 
472.501207493 -0.0236665346738 
475.501207493 -0.0119163871415 
478.501207493 -0.0193070695389 
481.501207493 -0.0295403413012 
484.501207493 -0.0389308089498 
487.501207493 -0.0380317097848 
490.501207493 -0.0402841604924 
493.501207493 -0.0382591034873 
496.501207493 -0.0353520374148 
499.501207493 -0.0263896365824 
502.501207493 -0.0219874012235 
505.501207493 -0.0202934598274 
508.501207493 -0.0193318547967 
511.501207493 -0.0239008624248 
514.501207493 -0.0205434217388 
517.501207493 -0.0143944856108 
520.501207493 -0.0141585776354 
523.501207493 -0.0164990663742 
526.501207493 -0.0301909108181 
529.501207493 -0.0314068005914 
532.501207493 -0.0262537443843 
535.501207493 -0.0200405102858 
538.501207493 -0.0178292768026 
541.501207493 -0.0154546469305 
544.501207493 -0.0144654986473 
547.501207493 -0.0123970547164 
550.501207493 -0.00468849153342 
553.501207493 -0.00171558839919 
556.501207493 -0.0040487933095 
559.501207493 -0.0163670401033 
562.501207493 -0.0304723801555 
565.501207493 -0.0382146678133 
568.501207493 -0.0309687481773 
571.501207493 -0.02808562576 
574.501207493 -0.0250252601632 
577.501207493 -0.0207500393371 
580.501207493 -0.0155745036978 
583.501207493 -0.016178343552 
586.501207493 -0.0173250313324 
589.501207493 -0.0178158241805 
592.501207493 -0.0164099724927 
595.501207493 -0.0150511120628 
598.501207493 -0.0142375509785 
601.501207493 -0.0142632358397 
604.501207493 -0.0145819120641 
607.501207493 -0.0101625617501 
610.501207493 -0.000782556947986 
613.501207493 -0.00616362570485 
616.501207493 -0.0145619029902 
619.501207493 -0.0170687591766 
622.501207493 -0.0161729293598 
625.501207493 -0.0167806599988 
628.501207493 -0.0167799201934 
631.501207493 -0.00986976806297 
634.501207493 0.00121781511691 
637.501207493 -0.000336267429162 
640.501207493 -0.00272818437199 
643.501207493 -0.00610128141257 
646.501207493 -0.00512012421179 
649.501207493 0.000418313887041 
652.501207493 -0.00270788973321 
655.501207493 -0.00783370630399 
658.501207493 -0.0131005789149 
661.501207493 -0.0145362477212 
664.501207493 -0.0095154639922 
667.501207493 -0.00688783486353 
670.501207493 -0.00816340207841 
673.501207493 -0.010340403876 
676.501207493 -0.0171083180531 
679.501207493 -0.0246541287738 
682.501207493 -0.0308327068344 
685.501207493 -0.032339701171 
688.501207493 -0.0269947808616 
691.501207493 -0.0153371457038 
694.501207493 -0.00875749307242 
697.501207493 -0.00730976898849 
700.501207493 -0.00899705036005 
703.501207493 -0.0064261761456 
706.501207493 -0.00153502571276 
709.501207493 -0.00242852410663 
712.501207493 -0.00691251063013 
715.501207493 -0.00868816975152 
718.501207493 -0.00588443496828 
721.501207493 0.00437356405113 
724.501207493 0.017038170293 
727.501207493 0.0220934786705 
730.501207493 0.0186696898652 
733.501207493 0.0132832362865 
736.501207493 0.0102250486769 
739.501207493 0.00593873609581 
742.501207493 0.00134574427125 
745.501207493 0.00523861914521 
748.501207493 0.00781623801791 
751.501207493 0.00811966537257 
754.501207493 0.0083051766176 
757.501207493 0.0157232353673 
760.501207493 0.0160388186132 
763.501207493 0.0113675142397 
766.501207493 0.00941229427646 
769.501207493 0.0135916747873 
772.501207493 0.0207813976183 
775.501207493 0.0268836987787 
778.501207493 0.0244174573192 
781.501207493 0.0205923199192 
784.501207493 0.0173066190546 
787.501207493 0.0174552027631 
790.501207493 0.0214779747478 
793.501207493 0.0235367763505 
796.501207493 0.0196671867049 
799.501207493 0.0146385598545 
802.501207493 0.0104015769084 
805.501207493 0.00687502794358 
808.501207493 0.0091525900152 
811.501207493 0.00758209018766 
814.501207493 0.00804100097226 
817.501207493 0.00418219946546 
820.501207493 0.00540037020684 
823.501207493 0.00493028717639 
826.501207493 0.00408542492387 
829.501207493 0.00347327024837 
832.501207493 0.00330456797481 
835.501207493 -0.0019497630104 
838.501207493 0.000655352950937 
841.501207493 0.0037963355905 
844.501207493 0.00685182823679 
847.501207493 0.00991481688773 
850.501207493 0.0178137882359 
853.501207493 0.0219380224654 
856.501207493 0.0170729589041 
859.501207493 0.0113402586236 
862.501207493 0.0083307904575 
865.501207493 0.00635283005864 
868.501207493 0.0074021428714 
871.501207493 0.00964929775571 
874.501207493 0.00948267581505 
877.501207493 0.00726545582626 
880.501207493 -0.000147821135518 
883.501207493 -0.00648004226753 
886.501207493 -0.0118131150367 
889.501207493 -0.00695821758581 
892.501207493 0.00514515863607 
895.501207493 0.0147317848096 
898.501207493 0.0158133140778 
901.501207493 0.0125590969654 
904.501207493 0.0112702505388 
907.501207493 0.0114508376388 
910.501207493 0.00914994683832 
913.501207493 0.00535841140145 
916.501207493 0.000849583986771 
919.501207493 -0.00108762304568 
922.501207493 -0.00166324094987 
925.501207493 0.00159052414142 
928.501207493 0.00406813596664 
931.501207493 -0.00298089244115 
934.501207493 -0.0116752922422 
937.501207493 -0.0144360899014 
940.501207493 -0.0140343790979 
943.501207493 -0.00664473538744 
946.501207493 -0.00378791660458 
949.501207493 -0.00697613863282 
952.501207493 -0.00727828878737 
955.501207493 -0.000681997709721 
958.501207493 0.00692759437531 
961.501207493 0.0102424086555 
964.501207493 0.00513620047995 
967.501207493 0.000529095202036 
970.501207493 -0.00239890037328 
973.501207493 -0.00162504671844 
976.501207493 0.00131502562584 
979.501207493 0.00329545297993 
982.501207493 0.00467105727839 
985.501207493 0.00502028006947 
988.501207493 0.00398363982799 
991.501207493 0.00484760237739 
994.501207493 0.00826598113349 
997.501207493 0.00953805350746 
1000.50120749 0.00831916426703 
1003.50120749 0.0050596519232 
1006.50120749 0.00484393649347 
1009.50120749 0.00774807293642 
1012.50120749 0.0111922099424 
1015.50120749 0.0163286116495 
1018.50120749 0.0231726642351 
1021.50120749 0.0231443788098 
1024.50120749 0.0174463629758 
1027.50120749 0.0116650178243 
1030.50120749 0.00677792877536 
1033.50120749 0.00527375161784 
1036.50120749 0.00679176076973 
1039.50120749 0.00873653645573 
1042.50120749 0.0110741381777 
1045.50120749 0.0112980388149 
1048.50120749 0.0130702409734 
1051.50120749 0.0102636901947 
1054.50120749 0.00458073265656 
1057.50120749 0.00300840136667 
1060.50120749 0.00648254221807 
1063.50120749 0.010454926942 
1066.50120749 0.013754543251 
1069.50120749 0.0124630193206 
1072.50120749 0.00703200933157 
1075.50120749 0.000931279222017 
1078.50120749 -0.00110020277138 
1081.50120749 0.00116410065509 
1084.50120749 0.00308386300126 
1087.50120749 0.00737299098595 
1090.50120749 0.00519636737686 
1093.50120749 0.000376474967117 
1096.50120749 0.000137957152364 
1099.50120749 0.00123094592368 
1102.50120749 0.00186772228601 
1105.50120749 0.00217253914325 
1108.50120749 -8.45640157945e-05 
1111.50120749 -0.00398507948938 
1114.50120749 -0.00477669143402 
1117.50120749 -0.00471327679122 
1120.50120749 0.00304863553762 
1123.50120749 0.010219055661 
1126.50120749 0.0137121565422 
1129.50120749 0.0116277671407 
1132.50120749 0.0100416645205 
1135.50120749 0.0110876393311 
1138.50120749 0.0133804573746 
1141.50120749 0.0133366715457 
1144.50120749 0.010249920344 
1147.50120749 0.00673416602838 
1150.50120749 0.00476540673775 
1153.50120749 0.00369875406914 
1156.50120749 0.00559440105133 
1159.50120749 0.00662193103268 
1162.50120749 0.0067635765498 
1165.50120749 0.00348184784857 
1168.50120749 0.000617432373541 
1171.50120749 -5.7517870944e-05 
1174.50120749 0.000308309534215 
1177.50120749 0.00106511076611 
1180.50120749 0.00298563992062 
1183.50120749 0.00475966436791 
1186.50120749 0.00253539492104 
1189.50120749 -0.00362287311281 
1192.50120749 -0.00763829764585 
1195.50120749 -0.0102295253876 
1198.50120749 -0.0143094861085 
1201.50120749 -0.0178960569683 
1204.50120749 -0.0166056859506 
1207.50120749 -0.0117127039075 
1210.50120749 -0.00680912785042 
1213.50120749 -0.00888754672605 
1216.50120749 -0.0126872833501 
1219.50120749 -0.0166463267186 
1222.50120749 -0.0197592741351 
1225.50120749 -0.0193005639857 
1228.50120749 -0.0219226061037 
1231.50120749 -0.0232913124562 
1234.50120749 -0.0174312011072 
1237.50120749 -0.0106666048096 
1240.50120749 -0.00751083212758 
1243.50120749 -0.0104703811817 
1246.50120749 -0.015213039494 
1249.50120749 -0.0180785107454 
1252.50120749 -0.0212090122654 
1255.50120749 -0.0250798234778 
1258.50120749 -0.0252927619738 
1261.50120749 -0.0254970050926 
1264.50120749 -0.0230642785951 
1267.50120749 -0.0205049494885 
1270.50120749 -0.0164731424078 
1273.50120749 -0.0154990908903 
1276.50120749 -0.0131089310224 
1279.50120749 -0.0130681127011 
1282.50120749 -0.0136299091161 
1285.50120749 -0.0130026819405 
1288.50120749 -0.0135073582734 
1291.50120749 -0.0184898484891 
1294.50120749 -0.0233089139073 
1297.50120749 -0.02456802489 
1300.50120749 -0.0252245128504 
1303.50120749 -0.0233299835663 
1306.50120749 -0.0203627553316 
1309.50120749 -0.0175575326517 
1312.50120749 -0.0145704468553 
1315.50120749 -0.0114786389354 
1318.50120749 -0.0114081668447 
1321.50120749 -0.0138333272039 
1324.50120749 -0.0213813241976 
1327.50120749 -0.0249896595417 
1330.50120749 -0.0251601912061 
1333.50120749 -0.0205271531212 
1336.50120749 -0.0125118239896 
1339.50120749 -0.00593326804584 
1342.50120749 -0.00411593538803 
1345.50120749 -0.00697075462474 
1348.50120749 -0.0125364115714 
1351.50120749 -0.0147792235018 
1354.50120749 -0.016069242964 
1357.50120749 -0.0128995057145 
1360.50120749 -0.00860664082454 
1363.50120749 -0.00541161051479 
1366.50120749 -0.00707265897726 
1369.50120749 -0.00905675147546 
1372.50120749 -0.0118997480294 
1375.50120749 -0.0111555641238 
1378.50120749 -0.0106092337854 
1381.50120749 -0.0151781396162 
1384.50120749 -0.0183470814269 
1387.50120749 -0.0190077785844 
1390.50120749 -0.0192075071145 
1393.50120749 -0.0170828865013 
1396.50120749 -0.0143979940641 
1399.50120749 -0.0123025028462 
1402.50120749 -0.013367907907 
1405.50120749 -0.0155704779725 
1408.50120749 -0.0169689434428 
1411.50120749 -0.0168906140264 
1414.50120749 -0.0168337827642 
1417.50120749 -0.0160335405452 
1420.50120749 -0.0199475623138 
1423.50120749 -0.0249493573086 
1426.50120749 -0.026853730148 
1429.50120749 -0.0252156044092 
1432.50120749 -0.019759521526 
1435.50120749 -0.0153422225446 
1438.50120749 -0.0149411580352 
1441.50120749 -0.0154481662348 
1444.50120749 -0.019281474638 
1447.50120749 -0.0193490857532 
1450.50120749 -0.0138001839201 
1453.50120749 -0.00662752988026 
1456.50120749 0.00187888165925 
1459.50120749 0.00535541607718 
1462.50120749 0.000885304826668 
1465.50120749 -0.00587518148183 
1468.50120749 -0.0109173112611 
1471.50120749 -0.0149508536294 
1474.50120749 -0.0163975461286 
1477.50120749 -0.0158161892577 
1480.50120749 -0.0161589239551 
1483.50120749 -0.0141964817151 
1486.50120749 -0.0111398482888 
1489.50120749 -0.00852758048035 
1492.50120749 -0.00768569905191 
1495.50120749 -0.00695071418311 
1498.50120749 -0.00827420244339 
1501.50120749 -0.0122628753158 
1504.50120749 -0.0176686265715 
1507.50120749 -0.0188215216155 
1510.50120749 -0.0179845554544 
1513.50120749 -0.0167207499623 
1516.50120749 -0.0177667839574 
1519.50120749 -0.0171809018445 
1522.50120749 -0.0179636597977 
1525.50120749 -0.0185236806797 
1528.50120749 -0.018759820658 
1531.50120749 -0.0182511612126 
1534.50120749 -0.0182231030556 
1537.50120749 -0.0181969506373 
1540.50120749 -0.0190228812686 
1543.50120749 -0.0203385394281 
1546.50120749 -0.0218970976121 
1549.50120749 -0.0213178524418 
1552.50120749 -0.0175313553759 
1555.50120749 -0.0144147030138 
1558.50120749 -0.0145327451863 
1561.50120749 -0.0134363428695 
1564.50120749 -0.0119497576935 
1567.50120749 -0.0111276124987 
1570.50120749 -0.0126618849416 
1573.50120749 -0.0145184083487 
1576.50120749 -0.0135570282188 
1579.50120749 -0.0131439090237 
1582.50120749 -0.013824182025 
1585.50120749 -0.0106692728439 
1588.50120749 -0.00682563438942 
1591.50120749 -0.00676475136084 
1594.50120749 -0.00876626716495 
1597.50120749 -0.00974741193699 
1600.50120749 -0.00696127268636 
1603.50120749 -0.00376550730593 
1606.50120749 -0.000269489408889 
1609.50120749 -0.000390145757882 
1612.50120749 -0.00119751130454 
1615.50120749 -0.00180870001608 
1618.50120749 -0.00168189943494 
1621.50120749 -0.00362304474767 
1624.50120749 -0.00689017383241 
1627.50120749 -0.0123564198668 
1630.50120749 -0.015773794263 
1633.50120749 -0.0206427710992 
1636.50120749 -0.0222293471949 
1639.50120749 -0.0207014228746 
1642.50120749 -0.0186092507199 
1645.50120749 -0.0142677161014 
1648.50120749 -0.0112447633536 
1651.50120749 -0.0103789708214 
1654.50120749 -0.00833058923042 
1657.50120749 -0.00813817530471 
1660.50120749 -0.00653375806099 
1663.50120749 -0.0067003646137 
1666.50120749 -0.00499176264117 
1669.50120749 -0.00452201015579 
1672.50120749 -0.00480986223854 
1675.50120749 -0.006459309368 
1678.50120749 -0.00478065116866 
1681.50120749 -0.0033661677269 
1684.50120749 -0.00169513203894 
1687.50120749 -0.000296890322815 
1690.50120749 0.000196646223173 
1693.50120749 -0.000506939952571 
1696.50120749 -0.000576075177931 
1699.50120749 -0.00226589208468 
1702.50120749 -0.00263981845904 
1705.50120749 -0.00189021947355 
1708.50120749 -0.00114657777138 
1711.50120749 0.00086002071805 
1714.50120749 0.0059736158509 
1717.50120749 0.00733921383689 
1720.50120749 0.0052901468901 
1723.50120749 0.0035784081425 
1726.50120749 0.000856663037076 
1729.50120749 -0.000500729137932 
1732.50120749 0.000365060693919 
1735.50120749 0.00198408687568 
1738.50120749 0.00281569684538 
1741.50120749 -0.00020967837689 
1744.50120749 -0.00378785475685 
1747.50120749 -0.00814090370718 
1750.50120749 -0.0101747868871 
1753.50120749 -0.00864678976991 
1756.50120749 -0.007539562028 
1759.50120749 -0.00626503468365 
1762.50120749 -0.00948576465073 
1765.50120749 -0.0111411183868 
1768.50120749 -0.0102896248143 
1771.50120749 -0.0105255375244 
1774.50120749 -0.0123695327703 
1777.50120749 -0.0114196131144 
1780.50120749 -0.00804120989332 
1783.50120749 -0.00582811328413 
1786.50120749 -0.00423679178041 
1789.50120749 -0.00289542626961 
1792.50120749 -0.001379473185 
1795.50120749 0.000223203758896 
1798.50120749 0.00277387978671 
1801.50120749 0.00269233251255 
1804.50120749 0.00109770681578 
1807.50120749 -0.00172229976619 
1810.50120749 -0.00592000422205 
1813.50120749 -0.00870028066252 
1816.50120749 -0.0101913656311 
1819.50120749 -0.0101209420716 
1822.50120749 -0.0114230990777 
1825.50120749 -0.0134135083307 
1828.50120749 -0.0118666840528 
1831.50120749 -0.00989926736105 
1834.50120749 -0.0087779051923 
1837.50120749 -0.0061639666072 
1840.50120749 -0.00413098539808 
1843.50120749 -0.00303067513296 
1846.50120749 -0.00498810859414 
1849.50120749 -0.00919653623394 
1852.50120749 -0.0144453936946 
1855.50120749 -0.0163739623148 
1858.50120749 -0.0152710674654 
1861.50120749 -0.0165784670288 
1864.50120749 -0.0185640480156 
1867.50120749 -0.0181523989618 
1870.50120749 -0.0180666632051 
1873.50120749 -0.0190732969379 
1876.50120749 -0.0199494491136 
1879.50120749 -0.0205400269196 
1882.50120749 -0.0217645836615 
1885.50120749 -0.0195834466474 
1888.50120749 -0.0165666088354 
1891.50120749 -0.0128253902299 
1894.50120749 -0.00977326961677 
1897.50120749 -0.0064810667501 
1900.50120749 -0.00357072896203 
1903.50120749 -0.00240847108831 
1906.50120749 -0.00294152384256 
1909.50120749 -0.0053653549194 
1912.50120749 -0.00492305868539 
1915.50120749 -0.00301840264846 
1918.50120749 -0.00184717655726 
1921.50120749 -0.00283006830588 
1924.50120749 -0.00597785286463 
1927.50120749 -0.00632045913176 
1930.50120749 -0.00412359592541 
1933.50120749 -0.0020843945801 
1936.50120749 -0.000765550078565 
1939.50120749 -0.00264336567817 
1942.50120749 -0.00354812760988 
1945.50120749 -0.00391043963066 
1948.50120749 -0.00329227300022 
1951.50120749 -0.00223745455537 
1954.50120749 0.00017305697183 
1957.50120749 0.00520407378218 
1960.50120749 0.00792079146575 
1963.50120749 0.00664814796198 
1966.50120749 0.00244102755839 
1969.50120749 -0.00056492438644 
1972.50120749 -0.00236103461547 
1975.50120749 -0.00239589336008 
1978.50120749 -0.00104523160206 
1981.50120749 -0.00342649087072 
1984.50120749 -0.00689392671745 
1987.50120749 -0.009316032568 
1990.50120749 -0.00873137498113 
1993.50120749 -0.00581465000879 
1996.50120749 -0.00167187270383 
1999.50120749 0.00198142372405 
2002.50120749 0.00496549954801 
2005.50120749 0.0041118797746 
2008.50120749 3.36070654786e-05 
2011.50120749 -0.00300426289503 
2014.50120749 -0.0021691783551 
2017.50120749 -0.000137809968071 
2020.50120749 -0.00090088557314 
2023.50120749 -0.00310836594932 
2026.50120749 -0.00560394513336 
2029.50120749 -0.00708617196752 
2032.50120749 -0.00821071885073 
2035.50120749 -0.00840446146701 
2038.50120749 -0.00779034660301 
2041.50120749 -0.00662112730805 
2044.50120749 -0.00586110505574 
2047.50120749 -0.00608442154249 
2050.50120749 -0.00687452665141 
2053.50120749 -0.00611094563901 
2056.50120749 -0.00566628824196 
2059.50120749 -0.0045096296597 
2062.50120749 -0.00311809172757 
2065.50120749 0.000368921738516 
2068.50120749 0.00341602055227 
2071.50120749 0.00511777163049 
2074.50120749 0.00573525823177 
2077.50120749 0.00585421066087 
2080.50120749 0.00676030069131 
2083.50120749 0.00786720173514 
2086.50120749 0.00774028189736 
2089.50120749 0.00530274844006 
2092.50120749 0.00321560370722 
2095.50120749 0.00179147379435 
2098.50120749 0.00170214924151 
2101.50120749 0.00333417853962 
2104.50120749 0.00438390061276 
2107.50120749 0.00459969179856 
2110.50120749 0.00386833730301 
2113.50120749 0.00223051118538 
2116.50120749 -0.000905092920664 
2119.50120749 -0.00322371523 
2122.50120749 -0.00205947364197 
2125.50120749 0.00166773585977 
2128.50120749 0.00480546601869 
2131.50120749 0.00323256655822 
2134.50120749 0.000750597944777 
2137.50120749 -0.00106860612488 
2140.50120749 -0.00163600057372 
2143.50120749 -0.00239865061496 
2146.50120749 -0.00395586368474 
2149.50120749 -0.00482412568745 
2152.50120749 -0.00595358961354 
2155.50120749 -0.00527585503267 
2158.50120749 -0.00425962602331 
2161.50120749 -0.00343836445212 
2164.50120749 -0.00200933732315 
2167.50120749 -0.000979863133098 
2170.50120749 -0.00225317778837 
2173.50120749 -0.000376351123687 
2176.50120749 0.00191121825915 
2179.50120749 0.00071334200859 
2182.50120749 -0.00255648203941 
2185.50120749 -0.00268630724111 
2188.50120749 -0.00265294053611 
2191.50120749 -0.00330444132012 
2194.50120749 -0.0025482033206 
2197.50120749 -0.000935180733971 
2200.50120749 0.00125017664826 
2203.50120749 0.0025668289583 
2206.50120749 0.000150309119711 
2209.50120749 -0.00037940400482 
2212.50120749 -0.00187943917663 
2215.50120749 -0.00122437460185 
2218.50120749 0.00308160600283 
2221.50120749 0.00805156716949 
2224.50120749 0.00975637956263 
2227.50120749 0.00901384808648 
2230.50120749 0.00947377506783 
2233.50120749 0.0100153345489 
2236.50120749 0.0115198170981 
2239.50120749 0.0140839046334 
2242.50120749 0.0154502033631 
2245.50120749 0.018317672681 
2248.50120749 0.0235316273047 
2251.50120749 0.028487961551 
2254.50120749 0.0300551677647 
2257.50120749 0.0276246571325 
2260.50120749 0.0210969998031 
2263.50120749 0.0145620947478 
2266.50120749 0.0118813641601 
2269.50120749 0.0100611444855 
2272.50120749 0.00930709926934 
2275.50120749 0.00922161741392 
2278.50120749 0.00783443723176 
2281.50120749 0.0084779561069 
2284.50120749 0.008320210056 
2287.50120749 0.00750736747074 
2290.50120749 0.00733087889287 
2293.50120749 0.0087029492887 
2296.50120749 0.00812382130362 
2299.50120749 0.00632238972804 
2302.50120749 0.00331397622856 
2305.50120749 0.00130871523339 
2308.50120749 0.000548787084335 
2311.50120749 0.00293455901822 
2314.50120749 0.00496936488348 
2317.50120749 0.00620914978063 
2320.50120749 0.00542188374907 
2323.50120749 0.00361610951555 
2326.50120749 0.00267520601659 
2329.50120749 0.00291838124875 
2332.50120749 0.00335465694608 
2335.50120749 0.00413128635093 
2338.50120749 0.00583796394154 
2341.50120749 0.00675202433988 
2344.50120749 0.00478877452833 
2347.50120749 0.00223441868976 
2350.50120749 2.07513969726e-05 
2353.50120749 -0.00132788595975 
2356.50120749 -0.00289161745527 
2359.50120749 -0.00406646459818 
2362.50120749 -0.00168484119729 
2365.50120749 0.00126493473108 
2368.50120749 0.000344512930706 
2371.50120749 -0.00583934944917 
2374.50120749 -0.00943875978038 
2377.50120749 -0.010346541302 
2380.50120749 -0.00857208954307 
2383.50120749 -0.00374045216709 
2386.50120749 -0.000540570435203 
2389.50120749 0.00171684636436 
2392.50120749 -0.000276181633423 
2395.50120749 -0.00205572874683 
2398.50120749 -0.00186594660499 
2401.50120749 -0.0009195566349 
2404.50120749 -0.00068644371848 
2407.50120749 -0.00142133492792 
2410.50120749 -0.00299965982557 
2413.50120749 -0.00378233344088 
2416.50120749 -0.00392689319959 
2419.50120749 -0.00401984472259 
2422.50120749 -0.00480705423301 
2425.50120749 -0.00395874981373 
2428.50120749 -0.00517982414351 
2431.50120749 -0.00656245718551 
2434.50120749 -0.00851025897168 
2437.50120749 -0.00900315701009 
2440.50120749 -0.00832015442263 
2443.50120749 -0.00858386428647 
2446.50120749 -0.00717816943742 
2449.50120749 -0.00677087754174 
2452.50120749 -0.00729110517683 
2455.50120749 -0.00717536172781 
2458.50120749 -0.00631760289091 
2461.50120749 -0.00403228884195 
2464.50120749 -0.000869641000045 
2467.50120749 0.00302873329164 
2470.50120749 0.00414506922222 
2473.50120749 0.00356553700744 
2476.50120749 0.000436267818397 
2479.50120749 -0.00135591925936 
2482.50120749 -0.00186274724238 
2485.50120749 -0.00199031233847 
2488.50120749 -0.00223002394952 
2491.50120749 -0.00145004011884 
2494.50120749 -0.00263857321852 
2497.50120749 -0.00482441657895 
2500.50120749 -0.00806056438734 
2503.50120749 -0.00818258079466 
2506.50120749 -0.00913373740519 
2509.50120749 -0.00853960853314 
2512.50120749 -0.00732826234899 
2515.50120749 -0.00569275433773 
2518.50120749 -0.00383089012712 
2521.50120749 -0.0007528173611 
2524.50120749 0.00165978605846 
2527.50120749 0.00167343472904 
2530.50120749 0.000611353873106 
2533.50120749 -0.000315550398464 
2536.50120749 9.85221562402e-06 
2539.50120749 0.000280261419994 
2542.50120749 0.00166020464038 
2545.50120749 0.00519310572263 
2548.50120749 0.0084398389632 
2551.50120749 0.0105571088695 
2554.50120749 0.0107646970926 
2557.50120749 0.0107486545596 
2560.50120749 0.0099423104253 
2563.50120749 0.00919851950436 
2566.50120749 0.008287805394 
2569.50120749 0.00801058727466 
2572.50120749 0.00859999441246 
2575.50120749 0.0102404567528 
2578.50120749 0.00990995843744 
2581.50120749 0.00733938132884 
2584.50120749 0.00254238726614 
2587.50120749 -0.000506116327173 
2590.50120749 -0.00180074311264 
2593.50120749 -0.00080010668664 
2596.50120749 -7.55044184725e-05 
2599.50120749 0.000295309506548 
2602.50120749 0.00173600392218 
2605.50120749 0.00292530730729 
2608.50120749 0.000582139696044 
2611.50120749 -0.00058626448128 
2614.50120749 -0.000967145433683 
2617.50120749 -0.000390019288142 
2620.50120749 -6.68326826481e-05 
2623.50120749 0.000494235717615 
2626.50120749 -0.000481128362674 
2629.50120749 -0.00051327997423 
2632.50120749 0.00167556610852 
2635.50120749 0.00425929932523 
2638.50120749 0.00479789011505 
2641.50120749 0.00265633831454 
2644.50120749 0.00255893908124 
2647.50120749 0.00312432769559 
2650.50120749 0.00530418721368 
2653.50120749 0.00629163867915 
2656.50120749 0.00436070859994 
2659.50120749 0.00307311954665 
2662.50120749 0.00236244468464 
2665.50120749 0.00219123106753 
2668.50120749 0.00138488190258 
2671.50120749 -2.78567427366e-05 
2674.50120749 -0.0025065780195 
2677.50120749 -0.00239373875071 
2680.50120749 0.00092498850839 
2683.50120749 0.00503441686368 
2686.50120749 0.00663543455343 
2689.50120749 0.00686639766922 
2692.50120749 0.00415713633673 
2695.50120749 9.2637808495e-05 
2698.50120749 -0.00356871432385 
2701.50120749 -0.00609452728481 
2704.50120749 -0.00783396020521 
2707.50120749 -0.00942867771183 
2710.50120749 -0.00891258588508 
2713.50120749 -0.00914177879441 
2716.50120749 -0.00717708221934 
2719.50120749 -0.00491414787681 
2722.50120749 -0.00135303046708 
2725.50120749 0.00282825311925 
2728.50120749 0.00225934673002 
2731.50120749 0.00276613727888 
2734.50120749 0.00432277995867 
2737.50120749 0.00715502418031 
2740.50120749 0.00903426908403 
2743.50120749 0.00973756719803 
2746.50120749 0.0103109181904 
2749.50120749 0.0124210551886 
2752.50120749 0.0156639621554 
2755.50120749 0.0173243696504 
2758.50120749 0.0179469899096 
2761.50120749 0.017488174412 
2764.50120749 0.01894259048 
2767.50120749 0.0197919190859 
2770.50120749 0.0206619634279 
2773.50120749 0.0230511088746 
2776.50120749 0.0258670687948 
2779.50120749 0.029087691638 
2782.50120749 0.0317525892056 
2785.50120749 0.0326119495733 
2788.50120749 0.0316280533169 
2791.50120749 0.0311044344136 
2794.50120749 0.0299348197667 
2797.50120749 0.0278105601785 
2800.50120749 0.0245645306409 
2803.50120749 0.0219073720301 
2806.50120749 0.0202073606783 
2809.50120749 0.020182010801 
2812.50120749 0.0212443122299 
2815.50120749 0.0234752269052 
2818.50120749 0.0243186524556 
2821.50120749 0.0238148982162 
2824.50120749 0.0204509614466 
2827.50120749 0.0150533729082 
2830.50120749 0.0103565896354 
2833.50120749 0.00832244604397 
2836.50120749 0.00911302995497 
2839.50120749 0.0102517964906 
2842.50120749 0.00856782116159 
2845.50120749 0.00865084212819 
2848.50120749 0.00992984263216 
2851.50120749 0.0102758005139 
2854.50120749 0.00940102615182 
2857.50120749 0.00824280214125 
2860.50120749 0.00804231605041 
2863.50120749 0.00798111579326 
2866.50120749 0.00804236043874 
2869.50120749 0.00932933367798 
2872.50120749 0.00901431268429 
2875.50120749 0.00711345540034 
2878.50120749 0.00501760730037 
2881.50120749 0.00459700334559 
2884.50120749 0.00471302644106 
2887.50120749 0.00503969315609 
2890.50120749 0.0060916408599 
2893.50120749 0.00660787591299 
2896.50120749 0.0063818754121 
2899.50120749 0.0077465554475 
2902.50120749 0.00839030455009 
2905.50120749 0.00781662685965 
2908.50120749 0.00760304325328 
2911.50120749 0.0104072657163 
2914.50120749 0.0130633400682 
2917.50120749 0.0153644581369 
2920.50120749 0.0165499791928 
2923.50120749 0.0152451482339 
2926.50120749 0.00998707634846 
2929.50120749 0.00715422519043 
2932.50120749 0.00767903310897 
2935.50120749 0.010631430316 
2938.50120749 0.0153684672906 
2941.50120749 0.0181935498996 
2944.50120749 0.0188469815758 
2947.50120749 0.0175846497762 
2950.50120749 0.015254212922 
2953.50120749 0.0127745721063 
2956.50120749 0.0101926949135 
2959.50120749 0.00938516827423 
2962.50120749 0.00997396581235 
2965.50120749 0.0103989325478 
2968.50120749 0.00779067448478 
2971.50120749 0.00462029597194 
2974.50120749 0.0010401460315 
2977.50120749 0.000755913076968 
2980.50120749 0.00157216261425 
2983.50120749 0.00211581145388 
2986.50120749 0.00339831523253 
2989.50120749 0.00374140444466 
2992.50120749 0.00318084320877 
2995.50120749 0.00128088271697 
2998.50120749 0.000157539053335 
3001.50120749 0.00160575185273 
3004.50120749 0.00336983479451 
3007.50120749 0.0031236006148 
3010.50120749 0.000194479480997 
3013.50120749 -0.000752705428537 
3016.50120749 -0.00020519282553 
3019.50120749 0.000317123483764 
3022.50120749 0.000739648602307 
3025.50120749 0.00566532471935 
3028.50120749 0.00713637516475 
3031.50120749 0.00622154240953 
3034.50120749 0.00310304438082 
3037.50120749 0.00256341845522 
3040.50120749 0.00267196211769 
3043.50120749 0.000747953288286 
3046.50120749 0.000426232024677 
3049.50120749 0.00202134051847 
3052.50120749 0.0040928232742 
3055.50120749 0.00468337859005 
3058.50120749 0.00531457881683 
3061.50120749 0.00676454243979 
3064.50120749 0.00802897469501 
3067.50120749 0.00717443489955 
3070.50120749 0.00641854549636 
3073.50120749 0.00461882553464 
3076.50120749 0.000409257225822 
3079.50120749 -0.00380216081854 
3082.50120749 -0.00703278405583 
3085.50120749 -0.00866703735706 
3088.50120749 -0.00928062074483 
3091.50120749 -0.00652887238586 
3094.50120749 -0.00368846337545 
3097.50120749 -0.00190108366442 
3100.50120749 -0.00013770312167 
3103.50120749 0.000138647964189 
3106.50120749 -0.00135059177242 
3109.50120749 -0.00223565475669 
3112.50120749 -0.00326885016811 
3115.50120749 -0.00144415615024 
3118.50120749 0.00132399591478 
3121.50120749 0.00487057895886 
3124.50120749 0.00488014345952 
3127.50120749 0.0043002102702 
3130.50120749 0.00386544111267 
3133.50120749 0.00692287264106 
3136.50120749 0.0106335301797 
3139.50120749 0.0116400692174 
3142.50120749 0.00857977819305 
3145.50120749 0.00511968328775 
3148.50120749 0.00181294605543 
3151.50120749 0.000930702839598 
3154.50120749 0.0033309503246 
3157.50120749 0.00772900134399 
3160.50120749 0.00973564903048 
3163.50120749 0.0103948511891 
3166.50120749 0.00917991487713 
3169.50120749 0.00807028957375 
3172.50120749 0.00512699019813 
3175.50120749 0.00382959221245 
3178.50120749 0.00382073319026 
3181.50120749 0.00456791863448 
3184.50120749 0.00276420904998 
3187.50120749 -8.83082173696e-05 
3190.50120749 -0.00350393015322 
3193.50120749 -0.00530492287622 
3196.50120749 -0.0066083884502 
3199.50120749 -0.00922554607674 
3202.50120749 -0.00995873173871 
3205.50120749 -0.0108239063853 
3208.50120749 -0.0116541882563 
3211.50120749 -0.0118623908138 
3214.50120749 -0.0135108690941 
3217.50120749 -0.0161205014197 
3220.50120749 -0.0197050706619 
3223.50120749 -0.022117348937 
3226.50120749 -0.0249961650948 
3229.50120749 -0.0275270099165 
3232.50120749 -0.0282383831548 
3235.50120749 -0.0268318910914 
3238.50120749 -0.0254391440213 
3241.50120749 -0.0240227634224 
3244.50120749 -0.0271192575659 
3247.50120749 -0.0304328520548 
3250.50120749 -0.0312421731662 
3253.50120749 -0.0342775155837 
3256.50120749 -0.0371049572844 
3259.50120749 -0.0355543250799 
3262.50120749 -0.0334191471471 
3265.50120749 -0.0313906077299 
3268.50120749 -0.0295840407209 
3271.50120749 -0.0300914052108 
3274.50120749 -0.0326223068495 
3277.50120749 -0.0366620706856 
3280.50120749 -0.0375120396671 
3283.50120749 -0.0346346557726 
3286.50120749 -0.0303833099477 
3289.50120749 -0.0278281000778 
3292.50120749 -0.0286771907623 
3295.50120749 -0.0304466917432 
3298.50120749 -0.0309387369339 
3301.50120749 -0.029489970612 
3304.50120749 -0.0258469460868 
3307.50120749 -0.0219477665908 
3310.50120749 -0.0212078404135 
3313.50120749 -0.0235160215528 
3316.50120749 -0.0266791857789 
3319.50120749 -0.0289482791496 
3322.50120749 -0.0261850667656 
3325.50120749 -0.0222654023529 
3328.50120749 -0.0207319028588 
3331.50120749 -0.0214013924559 
3334.50120749 -0.0240995919216 
3337.50120749 -0.0267351813568 
3340.50120749 -0.0295066677249 
3343.50120749 -0.0316392344404 
3346.50120749 -0.0326034388515 
3349.50120749 -0.0324206583763 
3352.50120749 -0.0315089671309 
3355.50120749 -0.0270566593724 
3358.50120749 -0.0232170975418 
3361.50120749 -0.0199940055239 
3364.50120749 -0.0185020475849 
3367.50120749 -0.0193186164222 
3370.50120749 -0.019985506639 
3373.50120749 -0.0190719664718 
3376.50120749 -0.0144954933191 
3379.50120749 -0.0117860606476 
3382.50120749 -0.0115598245927 
3385.50120749 -0.0144516483057 
3388.50120749 -0.0179986555542 
3391.50120749 -0.0220637017974 
3394.50120749 -0.0228314683331 
3397.50120749 -0.0214425706186 
3400.50120749 -0.0212458249841 
3403.50120749 -0.0221303860844 
3406.50120749 -0.021696760666 
3409.50120749 -0.0206919533649 
3412.50120749 -0.0184351407645 
3415.50120749 -0.015489460399 
3418.50120749 -0.0136525992449 
3421.50120749 -0.0137785768665 
3424.50120749 -0.0159417738946 
3427.50120749 -0.0178894981492 
3430.50120749 -0.0184113687442 
3433.50120749 -0.0176023388202 
3436.50120749 -0.0177438156617 
3439.50120749 -0.0181034439643 
3442.50120749 -0.0175771061281 
3445.50120749 -0.0170670037662 
3448.50120749 -0.0147370640612 
3451.50120749 -0.00972783313396 
3454.50120749 -0.0074755108566 
3457.50120749 -0.00560354623027 
3460.50120749 -0.00468746083648 
3463.50120749 -0.00624414731275 
3466.50120749 -0.00777839134708 
3469.50120749 -0.00852895119188 
3472.50120749 -0.0116325942233 
3475.50120749 -0.015072857608 
3478.50120749 -0.017686861296 
3481.50120749 -0.0201990085708 
3484.50120749 -0.0234372139261 
3487.50120749 -0.025089754626 
3490.50120749 -0.0243429038698 
3493.50120749 -0.0215236012127 
3496.50120749 -0.0193806298735 
3499.50120749 -0.0204558524483 
3502.50120749 -0.0233157769344 
3505.50120749 -0.0236131834565 
3508.50120749 -0.0203407434564 
3511.50120749 -0.0149778393645 
3514.50120749 -0.0117307563439 
3517.50120749 -0.00959641231987 
3520.50120749 -0.00901341840748 
3523.50120749 -0.0104624694064 
3526.50120749 -0.0108158052198 
3529.50120749 -0.00874247087905 
3532.50120749 -0.00394942412226 
3535.50120749 -0.00187250453634 
3538.50120749 -0.00156575264399 
3541.50120749 -0.00329895699442 
3544.50120749 -0.00314503869687 
3547.50120749 -0.0047272756857 
3550.50120749 -0.00604722945151 
3553.50120749 -0.00717402001666 
3556.50120749 -0.00761979067294 
3559.50120749 -0.00768256050131 
3562.50120749 -0.00956261563995 
3565.50120749 -0.0107794707113 
3568.50120749 -0.0128007434636 
3571.50120749 -0.0123000159163 
3574.50120749 -0.00903913286092 
3577.50120749 -0.00596777967374 
3580.50120749 -0.00508449458991 
3583.50120749 -0.0083122929541 
3586.50120749 -0.0137378058927 
3589.50120749 -0.0167304976388 
3592.50120749 -0.0172582440646 
3595.50120749 -0.0183941259508 
3598.50120749 -0.0185413401315 
3601.50120749 -0.0185144147645 
3604.50120749 -0.0167717527413 
3607.50120749 -0.0148745329327 
3610.50120749 -0.0107040294954 
3613.50120749 -0.0054767400266 
3616.50120749 -0.00294508171489 
3619.50120749 -0.00416711453659 
3622.50120749 -0.00811850831686 
3625.50120749 -0.00961089297565 
3628.50120749 -0.00964106520076 
3631.50120749 -0.00677780981464 
3634.50120749 -0.00640512720119 
3637.50120749 -0.0084126892872 
3640.50120749 -0.0117923318304 
3643.50120749 -0.014458822643 
3646.50120749 -0.0157723880408 
3649.50120749 -0.0140516207076 
3652.50120749 -0.0111165248866 
3655.50120749 -0.00793826330289 
3658.50120749 -0.00756706148401 
3661.50120749 -0.00838422690043 
3664.50120749 -0.00942070971131 
3667.50120749 -0.00871304556152 
3670.50120749 -0.00645296834761 
3673.50120749 -0.00477086591006 
3676.50120749 -0.0040850890522 
3679.50120749 -0.00537085788819 
3682.50120749 -0.00539034613904 
3685.50120749 -0.00549470072718 
3688.50120749 -0.00427541702249 
3691.50120749 -0.00465274383858 
3694.50120749 -0.00481389832111 
3697.50120749 -0.00479136858213 
3700.50120749 -0.0063631151298 
3703.50120749 -0.00813129570595 
3706.50120749 -0.0115340201789 
3709.50120749 -0.0141549567316 
3712.50120749 -0.0147413336264 
3715.50120749 -0.0142110860664 
3718.50120749 -0.0164671849026 
3721.50120749 -0.0207889968998 
3724.50120749 -0.0214923115854 
3727.50120749 -0.0188623600595 
3730.50120749 -0.0103131577294 
3733.50120749 -0.000370018943965 
3736.50120749 0.00790168732189 
3739.50120749 0.0138666219998 
3742.50120749 0.0203200833538 
3745.50120749 0.0255554177628 
3748.50120749 0.0280850717936 
3751.50120749 0.0259719980638 
3754.50120749 0.0233387310258 
3757.50120749 0.0190055686376 
3760.50120749 0.0166244178244 
3763.50120749 0.0139196145595 
3766.50120749 0.00975473186795 
3769.50120749 0.0110802696852 
3772.50120749 0.00689917992793 
3775.50120749 0.00189183654029 
3778.50120749 -0.000906527699336 
3781.50120749 -0.00165964120455 
3784.50120749 -0.00184681804755 
3787.50120749 -0.00178415238378 
3790.50120749 0.000330000130378 
3793.50120749 0.000419229692196 
3796.50120749 0.00023557532184 
3799.50120749 -0.000177872457922 
3802.50120749 0.00220992254792 
3805.50120749 -0.000737625456368 
3808.50120749 -0.000803952639205 
3811.50120749 0.000818017006465 
3814.50120749 0.00506794188705 
3817.50120749 0.00567947986074 
3820.50120749 0.00755087158174 
3823.50120749 0.0086141022063 
3826.50120749 0.0105566247408 
3829.50120749 0.00701148831232 
3832.50120749 0.00361823956337 
3835.50120749 2.45341077327e-05 
3838.50120749 0.00108785223741 
3841.50120749 -0.000994149441989 
3844.50120749 -0.00137882985019 
3847.50120749 -0.000869046344431 
3850.50120749 -2.8503420544e-05 
3853.50120749 -0.00148136777208 
3856.50120749 -0.00208090980055 
3859.50120749 -0.000649636252352 
3862.50120749 -0.00181607853963 
3865.50120749 -0.00196059109876 
3868.50120749 -0.00256020829145 
3871.50120749 -0.00146027251585 
3874.50120749 0.00157722169978 
3877.50120749 0.00391772789795 
3880.50120749 0.00589223251763 
3883.50120749 0.0067314695855 
3886.50120749 0.00681293755252 
3889.50120749 0.00750634594738 
3892.50120749 0.00748806032426 
3895.50120749 0.00774343583591 
3898.50120749 0.00478522642143 
3901.50120749 0.00249979074846 
3904.50120749 0.00361804869357 
3907.50120749 0.00645130704051 
3910.50120749 0.00736526860084 
3913.50120749 0.00757268045429 
3916.50120749 0.00550931513978 
3919.50120749 0.00321174103505 
3922.50120749 0.00300589934466 
3925.50120749 0.00120554610949 
3928.50120749 0.000410795651236 
3931.50120749 -0.00293079725551 
3934.50120749 0.0010642198924 
3937.50120749 0.00493805957236 
3940.50120749 0.0110113281039 
3943.50120749 0.0144938882372 
3946.50120749 0.0143981396578 
3949.50120749 0.0130117998946 
3952.50120749 0.010392197359 
3955.50120749 0.00832856689827 
3958.50120749 0.010613920009 
3961.50120749 0.0115660886733 
3964.50120749 0.0126112408203 
3967.50120749 0.0108908605533 
3970.50120749 0.00919096224382 
3973.50120749 0.0090947490666 
3976.50120749 0.0086071953827 
3979.50120749 0.00536101492476 
3982.50120749 0.0034670256986 
3985.50120749 0.00250751757241 
3988.50120749 0.00330626686402 
3991.50120749 0.0042246619304 
3994.50120749 0.00480870666244 
3997.50120749 0.00565553324638 
4000.50120749 0.00287511476326 
4003.50120749 2.53829258174e-05 
4006.50120749 -0.00309042152446 
4009.50120749 -0.00538115893915 
4012.50120749 -0.00389556599023 
4015.50120749 -0.00090208346611 
4018.50120749 0.00218459604845 
4021.50120749 0.00309749051341 
4024.50120749 0.00295883262658 
4027.50120749 0.00170962349588 
4030.50120749 0.000906823917435 
4033.50120749 0.00100936546438 
4036.50120749 0.0039727753412 
4039.50120749 0.00577076356634 
4042.50120749 0.00535164306943 
4045.50120749 0.00416633774088 
4048.50120749 0.00329289384495 
4051.50120749 0.00196610708812 
4054.50120749 -0.000768008600007 
4057.50120749 -0.00233138084601 
4060.50120749 -0.00368189538274 
4063.50120749 -0.0058695926956 
4066.50120749 -0.00627576008701 
4069.50120749 -0.00418447984175 
4072.50120749 -0.00235946223298 
4075.50120749 0.00079868995922 
4078.50120749 0.00248658403765 
4081.50120749 0.00478855761737 
4084.50120749 0.0057293232166 
4087.50120749 0.00403806435507 
4090.50120749 0.000391528528232 
4093.50120749 -0.00346299435079 
4096.50120749 -0.00654233921226 
4099.50120749 -0.00675586955264 
4102.50120749 -0.00690615895654 
4105.50120749 -0.0077161458928 
4108.50120749 -0.0100893210115 
4111.50120749 -0.0126508908409 
4114.50120749 -0.01412334159 
4117.50120749 -0.0137970341245 
4120.50120749 -0.0113606642332 
4123.50120749 -0.00957774318161 
4126.50120749 -0.00943036683561 
4129.50120749 -0.0105658255532 
4132.50120749 -0.0115579579156 
4135.50120749 -0.0104857715023 
4138.50120749 -0.00783278065942 
4141.50120749 -0.00648310447021 
4144.50120749 -0.00550976020674 
4147.50120749 -0.00481088820073 
4150.50120749 -0.0049689594701 
4153.50120749 -0.00466182924124 
4156.50120749 -0.00528564473011 
4159.50120749 -0.00640935888831 
4162.50120749 -0.00706817753182 
4165.50120749 -0.00758490204018 
4168.50120749 -0.00842834001927 
4171.50120749 -0.00588257302595 
4174.50120749 -0.00436660455339 
4177.50120749 -0.00150721820177 
4180.50120749 0.00347059037714 
4183.50120749 0.00822309076508 
4186.50120749 0.0110395744675 
4189.50120749 0.0114887582902 
4192.50120749 0.0099119636061 
4195.50120749 0.00907883733117 
4198.50120749 0.0111768705205 
4201.50120749 0.0110278133365 
4204.50120749 0.0128160154153 
4207.50120749 0.0140695311014 
4210.50120749 0.0164955520024 
4213.50120749 0.0186043253912 
4216.50120749 0.0214543270149 
4219.50120749 0.0239704609533 
4222.50120749 0.0240858421936 
4225.50120749 0.0219793781814 
4228.50120749 0.017991211336 
4231.50120749 0.0172706585917 
4234.50120749 0.0196443450639 
4237.50120749 0.0214015865809 
4240.50120749 0.0194637946583 
4243.50120749 0.0141037408887 
4246.50120749 0.00931455828372 
4249.50120749 0.00962178113621 
4252.50120749 0.0132202356388 
4255.50120749 0.0141262025656 
4258.50120749 0.0121585899734 
4261.50120749 0.00979716888358 
4264.50120749 0.00910371846777 
4267.50120749 0.00860173147563 
4270.50120749 0.00990103697566 
4273.50120749 0.01115428574 
4276.50120749 0.0144190850294 
4279.50120749 0.0170566287347 
4282.50120749 0.0177106108262 
4285.50120749 0.016458989042 
4288.50120749 0.0158727636594 
4291.50120749 0.0148498127778 
4294.50120749 0.0127794737613 
4297.50120749 0.0105604208305 
4300.50120749 0.010868217772 
4303.50120749 0.0108636416315 
4306.50120749 0.00995954730023 
4309.50120749 0.00939520358708 
4312.50120749 0.00938959763737 
4315.50120749 0.0100781079284 
4318.50120749 0.0111661735257 
4321.50120749 0.0142774578595 
4324.50120749 0.016554594395 
4327.50120749 0.0173585853562 
4330.50120749 0.0167358680345 
4333.50120749 0.0139614922822 
4336.50120749 0.012613785751 
4339.50120749 0.0123841300194 
4342.50120749 0.0174339934288 
4345.50120749 0.019282710409 
4348.50120749 0.0201633440301 
4351.50120749 0.0171765790134 
4354.50120749 0.0170787791015 
4357.50120749 0.0145318112559 
4360.50120749 0.0112696326533 
4363.50120749 0.00873078372862 
4366.50120749 0.00686070116733 
4369.50120749 0.00642173908848 
4372.50120749 0.00767277672231 
4375.50120749 0.00767540451124 
4378.50120749 0.0120919518503 
4381.50120749 0.0158441290459 
4384.50120749 0.0185058957569 
4387.50120749 0.0165547305192 
4390.50120749 0.0130913982253 
4393.50120749 0.0121967734037 
4396.50120749 0.0112934650417 
4399.50120749 0.0113664110419 
4402.50120749 0.0116596095506 
4405.50120749 0.0103648813748 
4408.50120749 0.00849824393947 
4411.50120749 0.00825266877846 
4414.50120749 0.00883601365455 
4417.50120749 0.00954211119234 
4420.50120749 0.00943168487299 
4423.50120749 0.00939068367176 
4426.50120749 0.00847122387739 
4429.50120749 0.0101723757132 
4432.50120749 0.0110519333613 
4435.50120749 0.0125086718266 
4438.50120749 0.0120547366774 
4441.50120749 0.01170589533 
4444.50120749 0.0137662014011 
4447.50120749 0.0151952131421 
4450.50120749 0.0174921433202 
4453.50120749 0.0170116509313 
4456.50120749 0.0161343138832 
4459.50120749 0.0133952499324 
4462.50120749 0.0121934484221 
4465.50120749 0.0130465612808 
4468.50120749 0.0133217014346 
4471.50120749 0.0165557745327 
4474.50120749 0.0193525871044 
4477.50120749 0.023487620126 
4480.50120749 0.0261717242265 
4483.50120749 0.0231336687944 
4486.50120749 0.0191991798644 
4489.50120749 0.0158378969249 
4492.50120749 0.0127036608671 
4495.50120749 0.0115262516299 
4498.50120749 0.00949489917647 
4501.50120749 0.0129232682652 
4504.50120749 0.0165236622418 
4507.50120749 0.017748826216 
4510.50120749 0.0170648991677 
4513.50120749 0.018561095896 
4516.50120749 0.0209145318218 
4519.50120749 0.0219708390511 
4522.50120749 0.0229457511103 
4525.50120749 0.0234528457192 
4528.50120749 0.0243743568461 
4531.50120749 0.029355572229 
4534.50120749 0.0299813576718 
4537.50120749 0.0306087718703 
4540.50120749 0.0320307063365 
4543.50120749 0.0297396010906 
4546.50120749 0.0308345912668 
4549.50120749 0.0305713436334 
4552.50120749 0.0275282646265 
4555.50120749 0.0219938783681 
4558.50120749 0.018254745422 
4561.50120749 0.0156509983967 
4564.50120749 0.0136985453057 
4567.50120749 0.0124763026752 
4570.50120749 0.0160762006862 
4573.50120749 0.0198797298489 
4576.50120749 0.0237586445941 
4579.50120749 0.0265583619379 
4582.50120749 0.0278554669606 
4585.50120749 0.0268357735904 
4588.50120749 0.0245880221269 
4591.50120749 0.0220979198705 
4594.50120749 0.0208397842474 
4597.50120749 0.0173607278327 
4600.50120749 0.0163142369338 
4603.50120749 0.0167416645581 
4606.50120749 0.0190222479951 
4609.50120749 0.0204977337221 
4612.50120749 0.0236468309916 
4615.50120749 0.0200230603469 
4618.50120749 0.0178119771922 
4621.50120749 0.0156781249908 
4624.50120749 0.0201246610832 
4627.50120749 0.0230786249022 
4630.50120749 0.0203885668475 
4633.50120749 0.0177561402285 
4636.50120749 0.0137254635706 
4639.50120749 0.00855202779504 
4642.50120749 0.0123744640174 
4645.50120749 0.0143667813766 
4648.50120749 0.0187312594332 
4651.50120749 0.0194287089413 
4654.50120749 0.0189115742848 
4657.50120749 0.0184659379772 
4660.50120749 0.0142549654067 
4663.50120749 0.0105100761825 
4666.50120749 0.0112060508145 
4669.50120749 0.0149426127886 
4672.50120749 0.019794610794 
4675.50120749 0.0231414337923 
4678.50120749 0.024636704876 
4681.50120749 0.023279179647 
4684.50120749 0.023727575133 
4687.50120749 0.0251850439342 
4690.50120749 0.0221876292702 
4693.50120749 0.0230192889548 
4696.50120749 0.0253625569946 
4699.50120749 0.0231490212369 
4702.50120749 0.0242731301553 
4705.50120749 0.0265826749039 
4708.50120749 0.0284415396474 
4711.50120749 0.0262351983496 
4714.50120749 0.0261001134272 
4717.50120749 0.0234033698986 
4720.50120749 0.0222831931941 
4723.50120749 0.0257390149832 
4726.50120749 0.027804052258 
4729.50120749 0.0267627968143 
4732.50120749 0.024157961979 
4735.50120749 0.0202039137768 
4738.50120749 0.0204515982711 
4741.50120749 0.0187431637905 
4744.50120749 0.0163749270211 
4747.50120749 0.0147889640762 
4750.50120749 0.0169788982648 
4753.50120749 0.01883256188 
4756.50120749 0.0209950652666 
4759.50120749 0.0218619302207 
4762.50120749 0.017141004433 
4765.50120749 0.0147963254363 
4768.50120749 0.0141713673919 
4771.50120749 0.0156843997246 
4774.50120749 0.0187153056768 
4777.50120749 0.0198988440541 
4780.50120749 0.0239174293319 
4783.50120749 0.0238648806555 
4786.50120749 0.0211544820941 
4789.50120749 0.0206639307185 
4792.50120749 0.0201283328856 
4795.50120749 0.0180765505569 
4798.50120749 0.018082550675 
4801.50120749 0.0166325533169 
4804.50120749 0.0185506829864 
4807.50120749 0.0204855322589 
4810.50120749 0.0196325318506 
4813.50120749 0.0152749558828 
4816.50120749 0.0154825677797 
4819.50120749 0.0150634934466 
4822.50120749 0.0132002005238 
4825.50120749 0.0119052912436 
4828.50120749 0.0106608485314 
4831.50120749 0.0115138193475 
4834.50120749 0.00918121042442 
4837.50120749 0.00658587350733 
4840.50120749 0.00807718160124 
4843.50120749 0.0124118259677 
4846.50120749 0.0174375196375 
4849.50120749 0.0170137744688 
4852.50120749 0.0123866986239 
4855.50120749 0.0117834517977 
4858.50120749 0.0121469093333 
4861.50120749 0.0121759108902 
4864.50120749 0.0125140445896 
4867.50120749 0.0164617789962 
4870.50120749 0.0179279917059 
4873.50120749 0.0151910288025 
4876.50120749 0.0121652482224 
4879.50120749 0.00823196724668 
4882.50120749 0.00843300730384 
4885.50120749 0.0118427510508 
4888.50120749 0.0114468355873 
4891.50120749 0.0142264101004 
4894.50120749 0.0176558320802 
4897.50120749 0.0179825372651 
4900.50120749 0.018590637215 
4903.50120749 0.0245319981405 
4906.50120749 0.0278338243963 
4909.50120749 0.0286193888754 
4912.50120749 0.0202804250474 
4915.50120749 0.0182349494121 
4918.50120749 0.0179862386597 
4921.50120749 0.0169880789544 
4924.50120749 0.0188215855347 
4927.50120749 0.0193680496299 
4930.50120749 0.0221004340254 
4933.50120749 0.0247002902659 
4936.50120749 0.0259549434769 
4939.50120749 0.0272057212911 
4942.50120749 0.029623848172 
4945.50120749 0.0324952165605 
4948.50120749 0.0303231217444 
4951.50120749 0.0271290419367 
4954.50120749 0.0241518470432 
4957.50120749 0.0240765904826 
4960.50120749 0.0213296159402 
4963.50120749 0.0163991938233 
4966.50120749 0.0136091353794 
4969.50120749 0.0115690881405 
4972.50120749 0.0126182293184 
4975.50120749 0.0133193612821 
4978.50120749 0.0119989695514 
4981.50120749 0.0140247793825 
4984.50120749 0.0114885842879 
4987.50120749 0.00913127000608 
4990.50120749 0.00697646237168 
4993.50120749 0.00692791160388 
4996.50120749 0.00968226052694 
4999.50120749 0.010191985884 
5002.50120749 0.0109149758433 
5005.50120749 0.0108854333406 
5008.50120749 0.0115249341844 
5011.50120749 0.0146780228522 
5014.50120749 0.017117497559 
5017.50120749 0.0189162628758 
5020.50120749 0.017306157416 
5023.50120749 0.0210822107964 
5026.50120749 0.026304268953 
5029.50120749 0.0317271280615 
5032.50120749 0.0295466148514 
5035.50120749 0.0248764610234 
5038.50120749 0.0199796923601 
5041.50120749 0.0166248877488 
5044.50120749 0.0147008171457 
5047.50120749 0.0148560318783 
5050.50120749 0.0132495579754 
5053.50120749 0.00937348289933 
5056.50120749 0.00531007902422 
5059.50120749 0.000940057235516 
5062.50120749 3.59558807091e-05 
5065.50120749 0.000595063986128 
5068.50120749 0.00139831454997 
5071.50120749 0.00301864826387 
5074.50120749 0.00400042897267 
5077.50120749 0.00211521206351 
5080.50120749 0.00274432840632 
5083.50120749 0.0057332583897 
5086.50120749 0.00810437329819 
5089.50120749 0.0104410304366 
5092.50120749 0.011608198399 
5095.50120749 0.0122341602114 
5098.50120749 0.0160030321525 
5101.50120749 0.0162725213765 
5104.50120749 0.0143036718296 
5107.50120749 0.0102088475296 
5110.50120749 0.00442090982383 
5113.50120749 0.00255013835571 
5116.50120749 0.00718975893353 
5119.50120749 0.0106374399035 
5122.50120749 0.00994888581606 
5125.50120749 0.00624046485718 
5128.50120749 0.00634256629387 
5131.50120749 0.00965586722803 
5134.50120749 0.0130773537588 
5137.50120749 0.0169615453884 
5140.50120749 0.0203243541026 
5143.50120749 0.0186970472786 
5146.50120749 0.0168227614387 
5149.50120749 0.0150026281734 
5152.50120749 0.0157574640936 
5155.50120749 0.0176211180416 
5158.50120749 0.0171452526918 
5161.50120749 0.0194631767727 
5164.50120749 0.0209609158474 
5167.50120749 0.0213075212068 
5170.50120749 0.0191657051478 
5173.50120749 0.0177173898114 
5176.50120749 0.020156963948 
5179.50120749 0.020232731862 
5182.50120749 0.0164749380636 
5185.50120749 0.0121330507059 
5188.50120749 0.00826584678482 
5191.50120749 0.00599747664783 
5194.50120749 0.00920451962241 
5197.50120749 0.0077438199429 
5200.50120749 0.00691830656188 
5203.50120749 0.0136863035972 
5206.50120749 0.0156318545993 
5209.50120749 0.0111750843342 
5212.50120749 0.0101322758909 
5215.50120749 0.0161906361592 
5218.50120749 0.0186233449013 
5221.50120749 0.029448326076 
5224.50120749 0.0350794978251 
5227.50120749 0.0381403842449 
5230.50120749 0.03455108735 
5233.50120749 0.0347418671935 
5236.50120749 0.0334459292878 
5239.50120749 0.0247415560216 
5242.50120749 0.0248701590647 
5245.50120749 0.0224861437249 
5248.50120749 0.0233781715335 
5251.50120749 0.0185423817775 
5254.50120749 0.0152486590546 
5257.50120749 0.00922620775872 
5260.50120749 0.0117115178514 
5263.50120749 0.00343775662797 
5266.50120749 0.00550041794363 
5269.50120749 0.00488161093759 
5272.50120749 0.00921936958907 
5275.50120749 0.00466519565192 
5278.50120749 0.00801545223524 
5281.50120749 0.00926300035476 
5284.50120749 0.0146089877596 
5287.50120749 0.00725901182495 
5290.50120749 0.00610942992562 
5293.50120749 0.00568238404098 
5296.50120749 0.00456941955176 
5299.50120749 0.00644701616895 
5302.50120749 0.00212423606232 
5305.50120749 -0.000333927905426 
5308.50120749 -0.00906145722991 
5311.50120749 -0.00859055508688 
5314.50120749 -0.0108332362197 
5317.50120749 0.00401332792442 
5320.50120749 0.0218219594205 
5323.50120749 0.0331830864759 
5326.50120749 0.0369035763249 
5329.50120749 0.0322693214079 
5332.50120749 0.0260360853377 
5335.50120749 0.0276292332731 
5338.50120749 0.0301070701471 
5341.50120749 0.0359996784859 
5344.50120749 0.0390549755276 
5347.50120749 0.0371926331068 
5350.50120749 0.0337509729694 
5353.50120749 0.0309216207952 
5356.50120749 0.0265837307543 
5359.50120749 0.0208502622598 
5362.50120749 0.0155933468383 
5365.50120749 0.0111001686761 
5368.50120749 0.00835304439701 
5371.50120749 0.0105429898306 
5374.50120749 0.0163612341102 
5377.50120749 0.0179300122625 
5380.50120749 0.0170562523217 
5383.50120749 0.0199604929292 
5386.50120749 0.0207256529824 
5389.50120749 0.0247712997514 
5392.50120749 0.023557642415 
5395.50120749 0.0176217489476 
5398.50120749 0.0136518262962 
5401.50120749 0.0129062551075 
5404.50120749 0.0186574410545 
5407.50120749 0.0303137421951 
5410.50120749 0.044808616445 
5413.50120749 0.0550305117752 
5416.50120749 0.058135582927 
5419.50120749 0.0567992788691 
5422.50120749 0.056337540844 
5425.50120749 0.0565109512394 
5428.50120749 0.0557866852637 
5431.50120749 0.0544189897813 
5434.50120749 0.0505794776657 
5437.50120749 0.0497549579913 
5440.50120749 0.0481659411295 
5443.50120749 0.0427461667137 
5446.50120749 0.0346305033926 
5449.50120749 0.0253604192528 
5452.50120749 0.0221320243095 
5455.50120749 0.0252456961435 
5458.50120749 0.0251828801512 
5461.50120749 0.0260174848534 
5464.50120749 0.0239722554254 
5467.50120749 0.0250253453888 
5470.50120749 0.0323655481976 
5473.50120749 0.0470457738945 
5476.50120749 0.0567664291402 
5479.50120749 0.0629601465793 
5482.50120749 0.0672782477124 
5485.50120749 0.0750260584618 
5488.50120749 0.0786462235908 
5491.50120749 0.0785855240339 
5494.50120749 0.070784617744 
5497.50120749 0.0600298967798 
5500.50120749 0.0472911904412 
5503.50120749 0.036466679191 
5506.50120749 0.0288099177768 
5509.50120749 0.0244774087848 
5512.50120749 0.0185798786683 
5515.50120749 0.0208233735872 
5518.50120749 0.0249757251582 
5521.50120749 0.026719293887 
5524.50120749 0.032014080245 
5527.50120749 0.0425686086731 
5530.50120749 0.0497452706829 
5533.50120749 0.0540689067445 
5536.50120749 0.0542582117118 
5539.50120749 0.0537817675382 
5542.50120749 0.0534027882927 
5545.50120749 0.0501736760341 
5548.50120749 0.0534819439238 
5551.50120749 0.058893484601 
5554.50120749 0.0609983387965 
5557.50120749 0.053132883594 
5560.50120749 0.0463650345199 
5563.50120749 0.040835011338 
5566.50120749 0.040466140794 
5569.50120749 0.0416379405304 
5572.50120749 0.0472795098011 
5575.50120749 0.0491500031024 
5578.50120749 0.0509908899817 
5581.50120749 0.0549160301383 
5584.50120749 0.0567400376168 
5587.50120749 0.0570852627952 
5590.50120749 0.0592482076976 
5593.50120749 0.0646557759154 
5596.50120749 0.0676117212293 
5599.50120749 0.0669007457104 
5602.50120749 0.0653968834141 
5605.50120749 0.0674346461337 
5608.50120749 0.0715271267301 
5611.50120749 0.0687621056696 
5614.50120749 0.0639820771212 
5617.50120749 0.0709009412005 
5620.50120749 0.0810122705361 
5623.50120749 0.0810831214072 
5626.50120749 0.0742435928798 
5629.50120749 0.0667944930774 
5632.50120749 0.0509030650145 
5635.50120749 0.0428987915354 
5638.50120749 0.0400638902286 
5641.50120749 0.0340027506592 
5644.50120749 0.0282622747276 
5647.50120749 0.0396574872831 
5650.50120749 0.0467782081647 
5653.50120749 0.0515202450404 
5656.50120749 0.0521753220439 
5659.50120749 0.04701853485 
5662.50120749 0.0349237646369 
5665.50120749 0.0283562643456 
5668.50120749 0.0305562445003 
5671.50120749 0.0395748516072 
5674.50120749 0.0436339805905 
5677.50120749 0.0442822726904 
5680.50120749 0.0404564250771 
5683.50120749 0.0315845243484 
5686.50120749 0.0168325978918 
5689.50120749 0.00793450449941 
5692.50120749 0.00544442710047 
5695.50120749 0.0180208189416 
5698.50120749 0.0301516265574 
5701.50120749 0.0413014083618 
5704.50120749 0.0444874532906 
5707.50120749 0.0494327295171 
5710.50120749 0.0614659668566 
5713.50120749 0.0767624256284 
5716.50120749 0.0850487721261 
5719.50120749 0.0860941775825 
5722.50120749 0.0851938734224 
5725.50120749 0.081646405719 
5728.50120749 0.0802819914217 
5731.50120749 0.0771778340776 
5734.50120749 0.0851983146224 
5737.50120749 0.0935555830126 
5740.50120749 0.0929631610197 
5743.50120749 0.0819748083135 
5746.50120749 0.0647157037072 
5749.50120749 0.0489387856897 
5752.50120749 0.0321569940845 
5755.50120749 0.0230772328843 
5758.50120749 0.0333049330239 
5761.50120749 0.0474063586175 
5764.50120749 0.0569256589448 
5767.50120749 0.0524100617185 
5770.50120749 0.0495961685188 
5773.50120749 0.0397667748939 
5776.50120749 0.0530794045383 
5779.50120749 0.0624775993068 
5782.50120749 0.0600341959372 
5785.50120749 0.0556630892238 
5788.50120749 0.0472277731351 
5791.50120749 0.0336595164452 
5794.50120749 0.0250884241599 
5797.50120749 0.0260727749528 
5800.50120749 0.0304002106551 
5803.50120749 0.0228432152598 
5806.50120749 0.0245188497264 
5809.50120749 0.0290130387587 
5812.50120749 0.0300983108507 
5815.50120749 0.0267813641553 
5818.50120749 0.0301018122019 
5821.50120749 0.0272822325616 
5824.50120749 0.0256703799773 
5827.50120749 0.0429426969169 
5830.50120749 0.0580451538447 
5833.50120749 0.0753543663612 
5836.50120749 0.104428748603 
5839.50120749 0.0981028699529 
5842.50120749 0.10447690106 
5845.50120749 0.115631992892 
5848.50120749 0.104248363914 
5851.50120749 0.101055387304 
5854.50120749 0.101357625644 
5857.50120749 0.0822405985102 
5860.50120749 0.0890268563112 
5863.50120749 0.0919600558629 
5866.50120749 0.0695041317107 
5869.50120749 0.100474631747 
5872.50120749 0.138323561057 
5875.50120749 0.154149857833 
5878.50120749 0.184035810195 
5881.50120749 0.211112414722 
5884.50120749 0.199488610571 
5887.50120749 0.205045830184 
5890.50120749 0.244029358262 
5893.50120749 0.261956086972 
5896.50120749 0.252934939669 
5899.50120749 0.260838059846 
5902.50120749 0.24695219817 
5905.50120749 0.239971730196 
5908.50120749 0.252139027383 
5911.50120749 0.276064974539 
5914.50120749 0.299146752788 
5917.50120749 0.302921829625 
5920.50120749 0.329826392101 
5923.50120749 0.320843387983 
5926.50120749 0.374401040636 
5929.50120749 0.358407379747 
5932.50120749 0.38342893023 
5935.50120749 0.392298300232 
5938.50120749 0.417651965357 
5941.50120749 0.362191698826 
5944.50120749 0.312758983513 
5947.50120749 0.295972383764 
5950.50120749 0.297447222014 
5953.50120749 0.296195049814 
5956.50120749 0.214554202697 
5959.50120749 0.248487300378 
5962.50120749 0.158195895219 
5965.50120749 0.0338258673212 
5968.50120749 -0.125457205728 
5971.50120749 -0.301922417577 
5974.50120749 -0.500076774239 
5977.50120749 -0.750149327349 
5980.50120749 -0.942549157694 
5983.50120749 -0.921050567824 
5986.50120749 nan 
5989.50120749 nan 
5992.50120749 nan 
5995.50120749 nan 
5998.50120749 nan 
