1.51879450147 nan 
4.51879450147 nan 
7.51879450147 nan 
10.5187945015 nan 
13.5187945015 nan 
16.5187945015 nan 
19.5187945015 nan 
22.5187945015 nan 
25.5187945015 nan 
28.5187945015 nan 
31.5187945015 nan 
34.5187945015 nan 
37.5187945015 nan 
40.5187945015 nan 
43.5187945015 nan 
46.5187945015 nan 
49.5187945015 nan 
52.5187945015 nan 
55.5187945015 nan 
58.5187945015 nan 
61.5187945015 nan 
64.5187945015 nan 
67.5187945015 nan 
70.5187945015 nan 
73.5187945015 nan 
76.5187945015 nan 
79.5187945015 nan 
82.5187945015 nan 
85.5187945015 nan 
88.5187945015 nan 
91.5187945015 nan 
94.5187945015 nan 
97.5187945015 nan 
100.518794501 nan 
103.518794501 nan 
106.518794501 nan 
109.518794501 nan 
112.518794501 nan 
115.518794501 nan 
118.518794501 nan 
121.518794501 nan 
124.518794501 nan 
127.518794501 nan 
130.518794501 nan 
133.518794501 nan 
136.518794501 nan 
139.518794501 nan 
142.518794501 nan 
145.518794501 nan 
148.518794501 nan 
151.518794501 nan 
154.518794501 nan 
157.518794501 nan 
160.518794501 nan 
163.518794501 nan 
166.518794501 nan 
169.518794501 nan 
172.518794501 nan 
175.518794501 nan 
178.518794501 nan 
181.518794501 nan 
184.518794501 nan 
187.518794501 nan 
190.518794501 nan 
193.518794501 nan 
196.518794501 nan 
199.518794501 nan 
202.518794501 nan 
205.518794501 nan 
208.518794501 nan 
211.518794501 nan 
214.518794501 nan 
217.518794501 nan 
220.518794501 nan 
223.518794501 nan 
226.518794501 -1.06621176974 
229.518794501 -1.14367274282 
232.518794501 -1.02027806248 
235.518794501 -0.793208074465 
238.518794501 -0.524742262024 
241.518794501 -0.265585217178 
244.518794501 -0.117610671321 
247.518794501 -0.0662036226714 
250.518794501 -0.0157189062194 
253.518794501 0.0468883811416 
256.518794501 0.102874423054 
259.518794501 0.107597938244 
262.518794501 0.117912576165 
265.518794501 0.139146480381 
268.518794501 0.167412280941 
271.518794501 0.14219542991 
274.518794501 0.163861619519 
277.518794501 0.166965716136 
280.518794501 0.165986224643 
283.518794501 0.176026269475 
286.518794501 0.172372453583 
289.518794501 0.165329676327 
292.518794501 0.206367201757 
295.518794501 0.212048446616 
298.518794501 0.195470830118 
301.518794501 0.171699188836 
304.518794501 0.129044063078 
307.518794501 0.0888345341027 
310.518794501 0.0857241831037 
313.518794501 0.0738561260507 
316.518794501 0.0838529423436 
319.518794501 0.0655798551255 
322.518794501 0.0663537564071 
325.518794501 0.0611567692405 
328.518794501 0.0643384839799 
331.518794501 0.0755935068448 
334.518794501 0.0724233298702 
337.518794501 0.0723932288702 
340.518794501 0.0663703538434 
343.518794501 0.0475713654082 
346.518794501 0.0315608985887 
349.518794501 0.0428828871352 
352.518794501 0.0433960463573 
355.518794501 0.0441261574427 
358.518794501 0.037894234207 
361.518794501 0.042342349521 
364.518794501 0.0196431515626 
367.518794501 0.0188028712453 
370.518794501 0.0329243372862 
373.518794501 0.0231812828005 
376.518794501 0.0243615951812 
379.518794501 0.0426088557031 
382.518794501 0.0373207325706 
385.518794501 0.0315091166817 
388.518794501 0.0116912112976 
391.518794501 -0.00880079239422 
394.518794501 0.00208152220453 
397.518794501 0.00818005148868 
400.518794501 0.00379621881429 
403.518794501 0.00797956914192 
406.518794501 0.0182975062022 
409.518794501 0.0318402086434 
412.518794501 0.0379838755945 
415.518794501 0.0268514319603 
418.518794501 0.0188755534513 
421.518794501 0.0175198018372 
424.518794501 0.0253386972526 
427.518794501 0.0305359866667 
430.518794501 0.0530222119579 
433.518794501 0.0623612281067 
436.518794501 0.0657002400866 
439.518794501 0.0488760038678 
442.518794501 0.0349613739169 
445.518794501 0.0212915930402 
448.518794501 0.0136988835079 
451.518794501 0.0169729634325 
454.518794501 0.0221960367045 
457.518794501 0.0168334071711 
460.518794501 0.0237773054492 
463.518794501 0.0211839262752 
466.518794501 0.0173869247707 
469.518794501 0.0114147725946 
472.518794501 0.0105658746522 
475.518794501 0.0163419812138 
478.518794501 0.0118572630076 
481.518794501 -0.000253204631131 
484.518794501 -0.00246769625357 
487.518794501 0.00303589279101 
490.518794501 -0.00165118937198 
493.518794501 -0.00366408189725 
496.518794501 -0.00355157024681 
499.518794501 0.00313986713812 
502.518794501 0.0143340079459 
505.518794501 0.0110354483496 
508.518794501 0.00445004630693 
511.518794501 -0.000614072866463 
514.518794501 0.00463772537609 
517.518794501 0.0129257783035 
520.518794501 0.0105820508459 
523.518794501 0.00127576415019 
526.518794501 -0.00289474556512 
529.518794501 0.00388499718984 
532.518794501 0.0119517784343 
535.518794501 0.0210719376083 
538.518794501 0.0173140283734 
541.518794501 0.00871561391788 
544.518794501 0.00543563124138 
547.518794501 0.0051454325402 
550.518794501 0.000862975508706 
553.518794501 -0.00411752878394 
556.518794501 0.00425818158519 
559.518794501 0.00710916581042 
562.518794501 0.0147398704777 
565.518794501 0.0178063003858 
568.518794501 0.0247648909887 
571.518794501 0.0187627853665 
574.518794501 0.0144916740714 
577.518794501 0.0109223470785 
580.518794501 0.0209267374093 
583.518794501 0.0320002165924 
586.518794501 0.034687506698 
589.518794501 0.0354243195873 
592.518794501 0.0314675921522 
595.518794501 0.0285802451073 
598.518794501 0.0285755067225 
601.518794501 0.0290024397163 
604.518794501 0.0258228787883 
607.518794501 0.0127085991595 
610.518794501 0.00216761545569 
613.518794501 0.00573689351184 
616.518794501 0.0173836345562 
619.518794501 0.0261905569829 
622.518794501 0.028881162292 
625.518794501 0.031550598373 
628.518794501 0.0243027473453 
631.518794501 0.0146083463854 
634.518794501 0.00853235908648 
637.518794501 0.0114858650262 
640.518794501 0.00795611758793 
643.518794501 0.00988937145366 
646.518794501 0.00668342217259 
649.518794501 0.0129383572753 
652.518794501 0.0129293053182 
655.518794501 0.0159233826367 
658.518794501 0.0163359243633 
661.518794501 0.0148489497145 
664.518794501 0.00806052150734 
667.518794501 0.0027588138944 
670.518794501 -0.00456827329195 
673.518794501 -0.000434199317971 
676.518794501 0.00550975328816 
679.518794501 0.00958826090195 
682.518794501 0.00143509784319 
685.518794501 -0.016191485733 
688.518794501 -0.0261798617035 
691.518794501 -0.0237139048608 
694.518794501 -0.0198023039368 
697.518794501 -0.0118180481729 
700.518794501 -0.00373660197251 
703.518794501 0.00242115013089 
706.518794501 0.00858995687893 
709.518794501 0.0118511740284 
712.518794501 0.0130163442829 
715.518794501 0.0134445243454 
718.518794501 0.0138083863672 
721.518794501 0.0154977823879 
724.518794501 0.0214213595749 
727.518794501 0.0231106044718 
730.518794501 0.0221693913221 
733.518794501 0.0156548844766 
736.518794501 0.0169715462009 
739.518794501 0.0142587685352 
742.518794501 0.012835626427 
745.518794501 0.0143913124155 
748.518794501 0.0189163021328 
751.518794501 0.0247158435891 
754.518794501 0.0261933509878 
757.518794501 0.023193893901 
760.518794501 0.0163526122359 
763.518794501 0.00761583622974 
766.518794501 0.0100222110368 
769.518794501 0.0177933965574 
772.518794501 0.0244598375344 
775.518794501 0.0217314631812 
778.518794501 0.0154322220385 
781.518794501 0.0135344156226 
784.518794501 0.0166672043373 
787.518794501 0.0186681081064 
790.518794501 0.0185601033953 
793.518794501 0.0190359517042 
796.518794501 0.021601418198 
799.518794501 0.029638375701 
802.518794501 0.0318754906901 
805.518794501 0.0229389516625 
808.518794501 0.0145793520398 
811.518794501 0.00993045034654 
814.518794501 0.00699655301415 
817.518794501 0.00500831924815 
820.518794501 0.0112063598195 
823.518794501 0.0215476966709 
826.518794501 0.0176250422922 
829.518794501 0.00885473227734 
832.518794501 0.00193082621698 
835.518794501 0.00177501269647 
838.518794501 0.00609660081983 
841.518794501 0.0106466401954 
844.518794501 0.0139228191935 
847.518794501 0.013001970865 
850.518794501 0.00895480894 
853.518794501 0.00448031925493 
856.518794501 0.00537578741646 
859.518794501 0.0127320661828 
862.518794501 0.0155913589433 
865.518794501 0.0209113965612 
868.518794501 0.018930379253 
871.518794501 0.0170351586006 
874.518794501 0.0142095985706 
877.518794501 0.0127865599881 
880.518794501 0.00964954992235 
883.518794501 0.012719318238 
886.518794501 0.0225448256173 
889.518794501 0.0263025385102 
892.518794501 0.0249685629991 
895.518794501 0.0224430514896 
898.518794501 0.0161916356668 
901.518794501 0.0130594919056 
904.518794501 0.00863520417011 
907.518794501 0.0089879514548 
910.518794501 0.00485493099649 
913.518794501 0.0104352644423 
916.518794501 0.0136537784158 
919.518794501 0.0179970828472 
922.518794501 0.0163940165804 
925.518794501 0.0157106075013 
928.518794501 0.0154474415116 
931.518794501 0.016304882112 
934.518794501 0.0221253512362 
937.518794501 0.0211388675913 
940.518794501 0.0163579610656 
943.518794501 0.0157834372613 
946.518794501 0.0132617954723 
949.518794501 0.0149235072834 
952.518794501 0.0180534294061 
955.518794501 0.0187400477831 
958.518794501 0.0169980356997 
961.518794501 0.0167541385863 
964.518794501 0.0158365162149 
967.518794501 0.0138985977413 
970.518794501 0.014572984612 
973.518794501 0.0184577009735 
976.518794501 0.0175694811009 
979.518794501 0.0144090105564 
982.518794501 0.0101724316389 
985.518794501 0.00998131004154 
988.518794501 0.008728429095 
991.518794501 0.00708503419945 
994.518794501 0.00657538890267 
997.518794501 0.0109788828397 
1000.5187945 0.014952406433 
1003.5187945 0.0170931925101 
1006.5187945 0.0204128094789 
1009.5187945 0.0209793403825 
1012.5187945 0.0183715485222 
1015.5187945 0.0167333215838 
1018.5187945 0.00994640520933 
1021.5187945 0.00497085602133 
1024.5187945 0.00339954746391 
1027.5187945 -0.000933332699315 
1030.5187945 0.00103252121231 
1033.5187945 0.00647034835949 
1036.5187945 0.0101976752591 
1039.5187945 0.0114084313458 
1042.5187945 0.00710817279633 
1045.5187945 0.00189664041265 
1048.5187945 0.0011407758131 
1051.5187945 0.00385990499094 
1054.5187945 0.0106881028474 
1057.5187945 0.0157885100223 
1060.5187945 0.0146339767397 
1063.5187945 0.00912802177505 
1066.5187945 0.00829296296265 
1069.5187945 0.0123662752504 
1072.5187945 0.0124970960817 
1075.5187945 0.0136227516339 
1078.5187945 0.009454349768 
1081.5187945 0.00778175407028 
1084.5187945 0.0100717118077 
1087.5187945 0.0138477309066 
1090.5187945 0.0167518443608 
1093.5187945 0.0160003510462 
1096.5187945 0.0159662613304 
1099.5187945 0.0204491839006 
1102.5187945 0.0226392839264 
1105.5187945 0.0176844196563 
1108.5187945 0.0142231568721 
1111.5187945 0.0120468091098 
1114.5187945 0.0207324207936 
1117.5187945 0.0239580709031 
1120.5187945 0.0190307944567 
1123.5187945 0.0148500861177 
1126.5187945 0.00843223958559 
1129.5187945 0.00576773882626 
1132.5187945 0.00762434437928 
1135.5187945 0.0128998123831 
1138.5187945 0.014888922548 
1141.5187945 0.0130516322793 
1144.5187945 0.011446031417 
1147.5187945 0.0130368768871 
1150.5187945 0.0100737977918 
1153.5187945 0.00788225614042 
1156.5187945 -0.000100979668119 
1159.5187945 -0.00972024788517 
1162.5187945 -0.0148740588702 
1165.5187945 -0.0150715681245 
1168.5187945 -0.0193757850459 
1171.5187945 -0.0229465245106 
1174.5187945 -0.0260299445389 
1177.5187945 -0.0257461888273 
1180.5187945 -0.021385646766 
1183.5187945 -0.0177685765598 
1186.5187945 -0.0163689276539 
1189.5187945 -0.0150213045949 
1192.5187945 -0.0146606792397 
1195.5187945 -0.00857741539053 
1198.5187945 -0.00299244411074 
1201.5187945 -0.0051934226684 
1204.5187945 -0.00680443840271 
1207.5187945 -0.00195431867553 
1210.5187945 0.00544886706617 
1213.5187945 0.00536683482023 
1216.5187945 0.00389077559182 
1219.5187945 0.000809670166951 
1222.5187945 0.00025465462359 
1225.5187945 -0.00205783117291 
1228.5187945 -0.00224694368677 
1231.5187945 -0.000799518174505 
1234.5187945 0.00487964092364 
1237.5187945 0.0037651007036 
1240.5187945 -0.000128722789625 
1243.5187945 -0.00244466504976 
1246.5187945 -0.0046816634237 
1249.5187945 -0.00782523249933 
1252.5187945 -0.00424652780023 
1255.5187945 -0.00357226438688 
1258.5187945 -0.0102509327053 
1261.5187945 -0.0144188086128 
1264.5187945 -0.014858817978 
1267.5187945 -0.0103757085855 
1270.5187945 -0.00742020947797 
1273.5187945 -0.00217282967216 
1276.5187945 -0.00111908174235 
1279.5187945 0.00362907145689 
1282.5187945 0.00451176162727 
1285.5187945 0.00469820106498 
1288.5187945 0.00331560356171 
1291.5187945 0.00350137454446 
1294.5187945 0.00362181870565 
1297.5187945 -0.000227334111316 
1300.5187945 0.000307387450179 
1303.5187945 0.00477482855356 
1306.5187945 0.0100236246985 
1309.5187945 0.0126756398972 
1312.5187945 0.0125504439642 
1315.5187945 0.00709406295254 
1318.5187945 0.00485061117693 
1321.5187945 0.00183890265223 
1324.5187945 0.00655242344366 
1327.5187945 0.0141464324025 
1330.5187945 0.019270956314 
1333.5187945 0.0165499275281 
1336.5187945 0.0126424973824 
1339.5187945 0.00505004011959 
1342.5187945 -0.000631384347746 
1345.5187945 -0.00310253123605 
1348.5187945 -0.00123586799421 
1351.5187945 0.00692930114938 
1354.5187945 0.00841524351569 
1357.5187945 0.00359527655147 
1360.5187945 0.000467437921312 
1363.5187945 -0.00115302903587 
1366.5187945 -0.00554780554072 
1369.5187945 0.000440940129993 
1372.5187945 0.00538446394406 
1375.5187945 0.00753440550402 
1378.5187945 0.00264069459995 
1381.5187945 -0.00222317218471 
1384.5187945 -0.00622615197338 
1387.5187945 -0.0113010430293 
1390.5187945 -0.00792362002656 
1393.5187945 0.00352679427738 
1396.5187945 0.0121479037756 
1399.5187945 0.0129439321957 
1402.5187945 0.00560320430374 
1405.5187945 -0.000680325916128 
1408.5187945 -0.000805674534664 
1411.5187945 0.00217611914291 
1414.5187945 0.00968368842612 
1417.5187945 0.0143601011911 
1420.5187945 0.0178122180121 
1423.5187945 0.0171522771463 
1426.5187945 0.0155012094468 
1429.5187945 0.0139338904975 
1432.5187945 0.0142979928895 
1435.5187945 0.0153627764991 
1438.5187945 0.0143753896813 
1441.5187945 0.0100985678115 
1444.5187945 0.00827460320892 
1447.5187945 0.00967183294447 
1450.5187945 0.00800375668059 
1453.5187945 0.000916009690381 
1456.5187945 -0.0055785937375 
1459.5187945 -0.0053674863184 
1462.5187945 -0.00325491249169 
1465.5187945 -0.00333091525599 
1468.5187945 -0.00289961692696 
1471.5187945 -0.00429702961747 
1474.5187945 -0.00634078530643 
1477.5187945 -0.00955742689206 
1480.5187945 -0.0130762749743 
1483.5187945 -0.0116539218036 
1486.5187945 -0.00418649864044 
1489.5187945 0.0020798126912 
1492.5187945 0.00512754222213 
1495.5187945 0.00528551594991 
1498.5187945 0.00303867668134 
1501.5187945 -0.000506136837858 
1504.5187945 -0.00135720811411 
1507.5187945 -0.00287247920231 
1510.5187945 -0.00307134976047 
1513.5187945 -0.00204853408587 
1516.5187945 0.00292581607777 
1519.5187945 0.00564173670152 
1522.5187945 0.00838185527601 
1525.5187945 0.0116420532325 
1528.5187945 0.0106845401342 
1531.5187945 0.00919739770232 
1534.5187945 0.00943648741378 
1537.5187945 0.0119202982811 
1540.5187945 0.0126696389743 
1543.5187945 0.0101993935483 
1546.5187945 0.00464252742328 
1549.5187945 0.00161858516126 
1552.5187945 0.00306348894427 
1555.5187945 0.00890156696313 
1558.5187945 0.0130396673222 
1561.5187945 0.0149598781352 
1564.5187945 0.0162273472858 
1567.5187945 0.0114174011963 
1570.5187945 0.00982716617101 
1573.5187945 0.00517684724617 
1576.5187945 0.00349732573624 
1579.5187945 0.00417780515605 
1582.5187945 0.00530796735009 
1585.5187945 0.00369086590897 
1588.5187945 0.00586890667397 
1591.5187945 0.00377822645792 
1594.5187945 0.000295613610321 
1597.5187945 -0.000786060795715 
1600.5187945 -0.00443478012827 
1603.5187945 -0.00808075483889 
1606.5187945 -0.0142845738122 
1609.5187945 -0.0159043541305 
1612.5187945 -0.0150049629981 
1615.5187945 -0.0137417919504 
1618.5187945 -0.0156704442757 
1621.5187945 -0.0145833205263 
1624.5187945 -0.0131970918876 
1627.5187945 -0.0114311213312 
1630.5187945 -0.00827267548833 
1633.5187945 -0.00402630327419 
1636.5187945 -0.00179855305055 
1639.5187945 -0.000426100734692 
1642.5187945 0.00300020616101 
1645.5187945 0.00634405469675 
1648.5187945 0.00892931543012 
1651.5187945 0.0118499602784 
1654.5187945 0.0137418300288 
1657.5187945 0.0137307599148 
1660.5187945 0.0137445573965 
1663.5187945 0.0150855928868 
1666.5187945 0.0109525992024 
1669.5187945 0.00407588020202 
1672.5187945 -0.000498030594269 
1675.5187945 -0.00303523831797 
1678.5187945 -0.0031535596066 
1681.5187945 -0.00777689371549 
1684.5187945 -0.0108862820441 
1687.5187945 -0.0113329932132 
1690.5187945 -0.0124463054039 
1693.5187945 -0.0110311657161 
1696.5187945 -0.00957463120338 
1699.5187945 -0.00866034009971 
1702.5187945 -0.00986191154978 
1705.5187945 -0.00826370563781 
1708.5187945 -0.00304278230972 
1711.5187945 -0.00274506430827 
1714.5187945 -0.00326842914491 
1717.5187945 -0.00503291969981 
1720.5187945 -0.00839347098254 
1723.5187945 -0.00924126227046 
1726.5187945 -0.00837926237282 
1729.5187945 -0.00503954713181 
1732.5187945 -0.00389945360686 
1735.5187945 -0.00754434040479 
1738.5187945 -0.0082275192284 
1741.5187945 -0.0119219654024 
1744.5187945 -0.0168600228047 
1747.5187945 -0.0205561057563 
1750.5187945 -0.0205642093225 
1753.5187945 -0.0250042781879 
1756.5187945 -0.0303912124702 
1759.5187945 -0.0386959256039 
1762.5187945 -0.0417381685683 
1765.5187945 -0.0377668951723 
1768.5187945 -0.0311929419455 
1771.5187945 -0.0259556320999 
1774.5187945 -0.0238151292312 
1777.5187945 -0.020283364231 
1780.5187945 -0.0182548547891 
1783.5187945 -0.00892020933022 
1786.5187945 -0.00322128774925 
1789.5187945 -0.000599981020682 
1792.5187945 0.00150884892275 
1795.5187945 0.00405002762444 
1798.5187945 0.00669619153659 
1801.5187945 0.00776126608922 
1804.5187945 0.01039040924 
1807.5187945 0.0125078151602 
1810.5187945 0.0129157172679 
1813.5187945 0.00735706829887 
1816.5187945 0.00441612615917 
1819.5187945 -0.000548374594257 
1822.5187945 -0.00350559083829 
1825.5187945 -0.00677982248168 
1828.5187945 -0.00593461874217 
1831.5187945 -0.00430053342814 
1834.5187945 -0.0020977871983 
1837.5187945 -0.00174367384988 
1840.5187945 -0.00411830641691 
1843.5187945 -0.00707481966021 
1846.5187945 -0.0115403814405 
1849.5187945 -0.0120238204468 
1852.5187945 -0.0103408418318 
1855.5187945 -0.00841217344215 
1858.5187945 -0.0113778936337 
1861.5187945 -0.0133329569211 
1864.5187945 -0.0126742631239 
1867.5187945 -0.0103242729543 
1870.5187945 -0.00711153440786 
1873.5187945 -0.00348563536029 
1876.5187945 0.000572808973386 
1879.5187945 0.000930896200304 
1882.5187945 0.0029626043049 
1885.5187945 0.00563171909916 
1888.5187945 0.00616218199342 
1891.5187945 0.00542948811943 
1894.5187945 0.00506364244928 
1897.5187945 0.00457242116359 
1900.5187945 0.00472807329699 
1903.5187945 0.00857772775267 
1906.5187945 0.0115877129309 
1909.5187945 0.0137104569711 
1912.5187945 0.0113451878309 
1915.5187945 0.00633316724023 
1918.5187945 0.00413756012131 
1921.5187945 0.00450120021731 
1924.5187945 0.00380722675335 
1927.5187945 0.00330316470659 
1930.5187945 0.0061158554167 
1933.5187945 0.00687722651443 
1936.5187945 0.00715313092942 
1939.5187945 0.00480191897765 
1942.5187945 0.00368290692181 
1945.5187945 -0.00144649073139 
1948.5187945 -0.00452604936873 
1951.5187945 -0.00594164778263 
1954.5187945 -0.0046972321474 
1957.5187945 -0.00458059642433 
1960.5187945 -0.00129575443425 
1963.5187945 0.000509790693912 
1966.5187945 0.00217702796798 
1969.5187945 -0.00114768340419 
1972.5187945 -0.00308568272007 
1975.5187945 -0.0060335964851 
1978.5187945 -0.0100021353737 
1981.5187945 -0.0143545119913 
1984.5187945 -0.0185475922507 
1987.5187945 -0.0219355826131 
1990.5187945 -0.0242425977029 
1993.5187945 -0.0247548668416 
1996.5187945 -0.0214207598396 
1999.5187945 -0.0181374685044 
2002.5187945 -0.0195143917264 
2005.5187945 -0.018522943606 
2008.5187945 -0.0162815685923 
2011.5187945 -0.0125355731468 
2014.5187945 -0.0100079958823 
2017.5187945 -0.00749334386543 
2020.5187945 -0.00345080995731 
2023.5187945 -6.4818043151e-05 
2026.5187945 0.00106168951394 
2029.5187945 0.00117267177987 
2032.5187945 -6.18466704691e-05 
2035.5187945 -0.0018699919066 
2038.5187945 0.000414145297158 
2041.5187945 0.00530307962643 
2044.5187945 0.012817128639 
2047.5187945 0.0123752213019 
2050.5187945 0.00941574716311 
2053.5187945 0.00607697674319 
2056.5187945 0.00474162326884 
2059.5187945 0.00136703532431 
2062.5187945 -0.00098253018153 
2065.5187945 -0.00187354688517 
2068.5187945 0.00165721781241 
2071.5187945 0.00194179622635 
2074.5187945 0.00101474475768 
2077.5187945 0.000605587920973 
2080.5187945 0.00158279574924 
2083.5187945 0.00023758042597 
2086.5187945 -0.00129346348112 
2089.5187945 -0.00368452228027 
2092.5187945 -0.0031093202039 
2095.5187945 -0.00287910098205 
2098.5187945 -0.00132012433291 
2101.5187945 -0.000129366618183 
2104.5187945 0.0036473345271 
2107.5187945 0.00629170458815 
2110.5187945 0.0107053571367 
2113.5187945 0.0151589140965 
2116.5187945 0.0148759044842 
2119.5187945 0.0113401055503 
2122.5187945 0.00687489480548 
2125.5187945 0.00515858268852 
2128.5187945 0.00739919196872 
2131.5187945 0.011444283379 
2134.5187945 0.00879906161052 
2137.5187945 0.00327058712102 
2140.5187945 -0.000684835830356 
2143.5187945 -0.0033094107593 
2146.5187945 -0.0037190769694 
2149.5187945 -0.00443239130168 
2152.5187945 -0.00338482033304 
2155.5187945 -0.000951671852016 
2158.5187945 -0.000363875222875 
2161.5187945 -0.00388722120823 
2164.5187945 -0.00694591286511 
2167.5187945 -0.00914371365867 
2170.5187945 -0.0070728217325 
2173.5187945 -0.0023027937387 
2176.5187945 0.00109905345422 
2179.5187945 0.00486864369414 
2182.5187945 0.0105786106976 
2185.5187945 0.0148636920173 
2188.5187945 0.0145849340998 
2191.5187945 0.0125374937276 
2194.5187945 0.0131610018642 
2197.5187945 0.0171210373631 
2200.5187945 0.0220843907435 
2203.5187945 0.0217584798283 
2206.5187945 0.0266118876876 
2209.5187945 0.0272602443805 
2212.5187945 0.030253278112 
2215.5187945 0.0377688823905 
2218.5187945 0.0387395872854 
2221.5187945 0.0389707233644 
2224.5187945 0.037591651091 
2227.5187945 0.0343138454298 
2230.5187945 0.0302125675089 
2233.5187945 0.0285047926953 
2236.5187945 0.0235414071863 
2239.5187945 0.0155353003525 
2242.5187945 0.01066400634 
2245.5187945 0.0108006948196 
2248.5187945 0.0109192793849 
2251.5187945 0.00743730074395 
2254.5187945 0.00785678702454 
2257.5187945 0.00840824243908 
2260.5187945 0.00240750347552 
2263.5187945 -0.00238230462725 
2266.5187945 -0.00401054148094 
2269.5187945 -0.000635729825623 
2272.5187945 0.00412631954683 
2275.5187945 0.0079411444347 
2278.5187945 0.0126370366973 
2281.5187945 0.01872774131 
2284.5187945 0.0210783704833 
2287.5187945 0.0235037428577 
2290.5187945 0.0230417610476 
2293.5187945 0.0229605159542 
2296.5187945 0.0229523790694 
2299.5187945 0.0256301805059 
2302.5187945 0.0233245481391 
2305.5187945 0.0220881938268 
2308.5187945 0.0202785687286 
2311.5187945 0.0221027397876 
2314.5187945 0.0245050294929 
2317.5187945 0.0273353921651 
2320.5187945 0.0273472012386 
2323.5187945 0.0269961323798 
2326.5187945 0.0294080559283 
2329.5187945 0.0300116990231 
2332.5187945 0.0302111371879 
2335.5187945 0.0283908667881 
2338.5187945 0.0261384514093 
2341.5187945 0.0219609380887 
2344.5187945 0.0196582817893 
2347.5187945 0.0159412069125 
2350.5187945 0.0155924858269 
2353.5187945 0.0106400407272 
2356.5187945 0.00318745506288 
2359.5187945 -0.00693788069597 
2362.5187945 -0.0128149141402 
2365.5187945 -0.0151203239861 
2368.5187945 -0.0201412222061 
2371.5187945 -0.0218520171153 
2374.5187945 -0.0224730096955 
2377.5187945 -0.0181171274823 
2380.5187945 -0.0155047281318 
2383.5187945 -0.0121260455659 
2386.5187945 -0.0120830895254 
2389.5187945 -0.012826305541 
2392.5187945 -0.00928563554265 
2395.5187945 -0.00411708820459 
2398.5187945 0.00602995761499 
2401.5187945 0.0143462049435 
2404.5187945 0.0176892460975 
2407.5187945 0.0160176219948 
2410.5187945 0.0166064609094 
2413.5187945 0.0174130108762 
2416.5187945 0.0160564750844 
2419.5187945 0.0135416659939 
2422.5187945 0.0092058076809 
2425.5187945 0.00341251554973 
2428.5187945 -0.000856196804184 
2431.5187945 -0.00300353594135 
2434.5187945 -0.00367029492882 
2437.5187945 -0.00604357303415 
2440.5187945 -0.0102890884836 
2443.5187945 -0.0161267238407 
2446.5187945 -0.0171799494564 
2449.5187945 -0.0173193272252 
2452.5187945 -0.0141441917248 
2455.5187945 -0.00626126623696 
2458.5187945 -0.000332762913198 
2461.5187945 0.0068230587557 
2464.5187945 0.011061197699 
2467.5187945 0.0182285068944 
2470.5187945 0.0256245377583 
2473.5187945 0.0340660143384 
2476.5187945 0.0405535438052 
2479.5187945 0.0454381307601 
2482.5187945 0.0471096215883 
2485.5187945 0.0473290009517 
2488.5187945 0.0414400715675 
2491.5187945 0.0369893050427 
2494.5187945 0.0326494371898 
2497.5187945 0.0300549918198 
2500.5187945 0.0267630590605 
2503.5187945 0.0199133668219 
2506.5187945 0.00931901069286 
2509.5187945 0.00339680373443 
2512.5187945 -0.000251512799727 
2515.5187945 -0.00160509186082 
2518.5187945 -0.00185159690058 
2521.5187945 -0.00284365293722 
2524.5187945 -0.00692740258259 
2527.5187945 -0.0137856809125 
2530.5187945 -0.0148096944215 
2533.5187945 -0.0119815771869 
2536.5187945 -0.00854361066801 
2539.5187945 -0.00632287594915 
2542.5187945 -0.00638919072752 
2545.5187945 -0.00456861510537 
2548.5187945 0.000887005825104 
2551.5187945 0.00790120432491 
2554.5187945 0.0137889116294 
2557.5187945 0.0166690856498 
2560.5187945 0.0149085341301 
2563.5187945 0.0131913241952 
2566.5187945 0.0132617776231 
2569.5187945 0.0147157001933 
2572.5187945 0.0172547402556 
2575.5187945 0.0196967624242 
2578.5187945 0.0212422529127 
2581.5187945 0.0237389009711 
2584.5187945 0.0235975443139 
2587.5187945 0.0237272132726 
2590.5187945 0.0207400293402 
2593.5187945 0.0200367921078 
2596.5187945 0.0196399517844 
2599.5187945 0.0187001201678 
2602.5187945 0.0189990703635 
2605.5187945 0.0198896320596 
2608.5187945 0.0220520074174 
2611.5187945 0.0250385654356 
2614.5187945 0.0229670368856 
2617.5187945 0.0190917080475 
2620.5187945 0.0153873477969 
2623.5187945 0.0110750427787 
2626.5187945 0.00553222194263 
2629.5187945 -0.000756438527785 
2632.5187945 -0.00437836960943 
2635.5187945 -0.00576225791203 
2638.5187945 -0.00704588957189 
2641.5187945 -0.00889561125846 
2644.5187945 -0.0128380134687 
2647.5187945 -0.0147494472032 
2650.5187945 -0.0152972637477 
2653.5187945 -0.0150319022984 
2656.5187945 -0.0147062995806 
2659.5187945 -0.016792503796 
2662.5187945 -0.0195994958308 
2665.5187945 -0.0208877308161 
2668.5187945 -0.0191758780404 
2671.5187945 -0.0164579407472 
2674.5187945 -0.0118984043729 
2677.5187945 -0.00626256149861 
2680.5187945 -4.36784058845e-05 
2683.5187945 0.00120334678256 
2686.5187945 9.06376832645e-05 
2689.5187945 -0.000649410320223 
2692.5187945 0.000501524476287 
2695.5187945 0.00349375409836 
2698.5187945 0.0036657582407 
2701.5187945 0.0061851361479 
2704.5187945 0.013014302327 
2707.5187945 0.0175709637798 
2710.5187945 0.0228127097627 
2713.5187945 0.0297080639904 
2716.5187945 0.0323657195567 
2719.5187945 0.0325644270915 
2722.5187945 0.0292807406926 
2725.5187945 0.0255005210668 
2728.5187945 0.0220003397457 
2731.5187945 0.0125559129789 
2734.5187945 0.00533063056155 
2737.5187945 0.00340102270564 
2740.5187945 0.00175243069917 
2743.5187945 -0.000586813952745 
2746.5187945 -0.00292702625792 
2749.5187945 -0.00745346206323 
2752.5187945 -0.00956300300237 
2755.5187945 -0.0105559004831 
2758.5187945 -0.0108501301432 
2761.5187945 -0.00695923972116 
2764.5187945 -0.00419924212302 
2767.5187945 -0.00623486360454 
2770.5187945 -0.00825521295764 
2773.5187945 -0.00883137294456 
2776.5187945 -0.00637701693398 
2779.5187945 -0.00437867929417 
2782.5187945 -0.00521929339274 
2785.5187945 -0.00783434097913 
2788.5187945 -0.012474122888 
2791.5187945 -0.0170808027404 
2794.5187945 -0.0202866699149 
2797.5187945 -0.0247125783636 
2800.5187945 -0.0293552530433 
2803.5187945 -0.0295220389531 
2806.5187945 -0.0270067039043 
2809.5187945 -0.0204609786948 
2812.5187945 -0.0114109730811 
2815.5187945 -0.00377754878084 
2818.5187945 9.57570290299e-05 
2821.5187945 0.00227088267443 
2824.5187945 0.00464932858813 
2827.5187945 0.00782209281365 
2830.5187945 0.0114245123434 
2833.5187945 0.0158625309233 
2836.5187945 0.0210530245273 
2839.5187945 0.0228925364344 
2842.5187945 0.0230573494055 
2845.5187945 0.0219380767504 
2848.5187945 0.0170242158113 
2851.5187945 0.0131248916116 
2854.5187945 0.0111822514126 
2857.5187945 0.00913414407286 
2860.5187945 0.00806561211765 
2863.5187945 0.00971294694091 
2866.5187945 0.0142328240339 
2869.5187945 0.0177713408159 
2872.5187945 0.0245106270223 
2875.5187945 0.0296972806546 
2878.5187945 0.0310785043594 
2881.5187945 0.0272835483806 
2884.5187945 0.0202259252971 
2887.5187945 0.014173878622 
2890.5187945 0.00577450905238 
2893.5187945 -0.00186860397753 
2896.5187945 -0.00713542207888 
2899.5187945 -0.0100172775 
2902.5187945 -0.0172743435081 
2905.5187945 -0.0276289578326 
2908.5187945 -0.0377802297631 
2911.5187945 -0.0423805183887 
2914.5187945 -0.0473150309271 
2917.5187945 -0.048030029635 
2920.5187945 -0.0472390549367 
2923.5187945 -0.0404547493147 
2926.5187945 -0.0308060032042 
2929.5187945 -0.0230416015942 
2932.5187945 -0.0161904195369 
2935.5187945 -0.0057834158355 
2938.5187945 0.0048459775078 
2941.5187945 0.014874355168 
2944.5187945 0.0210106503728 
2947.5187945 0.029295224776 
2950.5187945 0.039843966514 
2953.5187945 0.0495018847666 
2956.5187945 0.0544001656774 
2959.5187945 0.0526218362901 
2962.5187945 0.0494472564968 
2965.5187945 0.0422891539522 
2968.5187945 0.0355199821268 
2971.5187945 0.0316601262213 
2974.5187945 0.0272982418954 
2977.5187945 0.0232610452149 
2980.5187945 0.0142834695377 
2983.5187945 0.00359385574999 
2986.5187945 -0.0065503808928 
2989.5187945 -0.0133200102544 
2992.5187945 -0.0196230056924 
2995.5187945 -0.0267228863153 
2998.5187945 -0.0342132779123 
3001.5187945 -0.0357344755514 
3004.5187945 -0.0338607739726 
3007.5187945 -0.0324102284833 
3010.5187945 -0.0286844657743 
3013.5187945 -0.023146431516 
3016.5187945 -0.0169503686432 
3019.5187945 -0.0119239954588 
3022.5187945 -0.0118529660946 
3025.5187945 -0.0104807979167 
3028.5187945 -0.00890918443436 
3031.5187945 -0.00583658582033 
3034.5187945 -0.00165990680415 
3037.5187945 0.00517697457092 
3040.5187945 0.012559601827 
3043.5187945 0.0176776452654 
3046.5187945 0.0201708638851 
3049.5187945 0.017564113232 
3052.5187945 0.0147288705708 
3055.5187945 0.00824948393863 
3058.5187945 0.00348965025491 
3061.5187945 -0.0036090187004 
3064.5187945 -0.00677945359688 
3067.5187945 -0.00776454559413 
3070.5187945 -0.00522970129901 
3073.5187945 -0.00118120201787 
3076.5187945 0.00353194230282 
3079.5187945 0.0080552399099 
3082.5187945 0.0133708175915 
3085.5187945 0.0177172087557 
3088.5187945 0.0242012588058 
3091.5187945 0.0280348263141 
3094.5187945 0.0311352959601 
3097.5187945 0.0322994345271 
3100.5187945 0.0356120295952 
3103.5187945 0.0357949750393 
3106.5187945 0.0310658409011 
3109.5187945 0.0200997928727 
3112.5187945 0.00363111519771 
3115.5187945 -0.0139693546067 
3118.5187945 -0.0299078924591 
3121.5187945 -0.0408900571836 
3124.5187945 -0.0459276432762 
3127.5187945 -0.0433006836854 
3130.5187945 -0.0341304216254 
3133.5187945 -0.0239699632733 
3136.5187945 -0.00978740931366 
3139.5187945 0.00244172125977 
3142.5187945 0.0111231370276 
3145.5187945 0.0197722588644 
3148.5187945 0.0318092294595 
3151.5187945 0.0372999369872 
3154.5187945 0.0395322993121 
3157.5187945 0.03636618959 
3160.5187945 0.0248142049374 
3163.5187945 0.00593684038066 
3166.5187945 -0.0130480909852 
3169.5187945 -0.0264557661185 
3172.5187945 -0.0388134070846 
3175.5187945 -0.0481043539735 
3178.5187945 -0.047529664766 
3181.5187945 -0.0403320891673 
3184.5187945 -0.0294087484797 
3187.5187945 -0.0159372967335 
3190.5187945 -0.0033835176342 
3193.5187945 0.00896171125068 
3196.5187945 0.0194022245668 
3199.5187945 0.0258166862834 
3202.5187945 0.0300224419006 
3205.5187945 0.0313922849142 
3208.5187945 0.0298082792823 
3211.5187945 0.0237701633634 
3214.5187945 0.0182470963086 
3217.5187945 0.0115894193206 
3220.5187945 0.00457742698989 
3223.5187945 -0.0061605196319 
3226.5187945 -0.0123976316488 
3229.5187945 -0.0173344431725 
3232.5187945 -0.0193953644994 
3235.5187945 -0.0211190572873 
3238.5187945 -0.0210309176179 
3241.5187945 -0.0168099353879 
3244.5187945 -0.00799260802982 
3247.5187945 0.0015428459711 
3250.5187945 0.0116573298232 
3253.5187945 0.0193556677346 
3256.5187945 0.0226081048307 
3259.5187945 0.018857063993 
3262.5187945 0.0129719710107 
3265.5187945 0.00451790474922 
3268.5187945 -0.00242904783557 
3271.5187945 -0.00862350873686 
3274.5187945 -0.0148310314326 
3277.5187945 -0.0192836673704 
3280.5187945 -0.0224498318303 
3283.5187945 -0.0257912594107 
3286.5187945 -0.0287242743945 
3289.5187945 -0.0294377404455 
3292.5187945 -0.0246245957677 
3295.5187945 -0.0182588922927 
3298.5187945 -0.00899065561841 
3301.5187945 -0.00263332642346 
3304.5187945 0.00118496099866 
3307.5187945 0.000793840249015 
3310.5187945 0.00116622953399 
3313.5187945 0.0053977033387 
3316.5187945 0.0125430329495 
3319.5187945 0.0178536211666 
3322.5187945 0.023362374301 
3325.5187945 0.0288449259046 
3328.5187945 0.0338598886491 
3331.5187945 0.0398673728498 
3334.5187945 0.0422771925649 
3337.5187945 0.0417229419555 
3340.5187945 0.03598237566 
3343.5187945 0.0263953404075 
3346.5187945 0.0128566326317 
3349.5187945 -0.00539245981969 
3352.5187945 -0.0232169361118 
3355.5187945 -0.0385247559147 
3358.5187945 -0.046407160204 
3361.5187945 -0.0514983226497 
3364.5187945 -0.0541854699611 
3367.5187945 -0.0504134490976 
3370.5187945 -0.0439498971432 
3373.5187945 -0.0313810898554 
3376.5187945 -0.0188754047075 
3379.5187945 -0.00522503193135 
3382.5187945 0.00851304558704 
3385.5187945 0.0226872175319 
3388.5187945 0.0342801293586 
3391.5187945 0.037220898063 
3394.5187945 0.0368385691918 
3397.5187945 0.0360960492975 
3400.5187945 0.0354567647908 
3403.5187945 0.0317560172314 
3406.5187945 0.0258770905752 
3409.5187945 0.0178102510231 
3412.5187945 0.0100916184977 
3415.5187945 -0.000688215811754 
3418.5187945 -0.00807974873533 
3421.5187945 -0.0116025980277 
3424.5187945 -0.0141610759393 
3427.5187945 -0.0184480076327 
3430.5187945 -0.0251134752299 
3433.5187945 -0.0335598686875 
3436.5187945 -0.0383225999018 
3439.5187945 -0.0424424481977 
3442.5187945 -0.0422755551924 
3445.5187945 -0.0386617740106 
3448.5187945 -0.0329541979162 
3451.5187945 -0.0273012167728 
3454.5187945 -0.02044361493 
3457.5187945 -0.0107302009333 
3460.5187945 -0.00166652590649 
3463.5187945 0.00616894091501 
3466.5187945 0.0179932226462 
3469.5187945 0.030022261028 
3472.5187945 0.0394448236354 
3475.5187945 0.0412776146994 
3478.5187945 0.0373143044554 
3481.5187945 0.0306477302038 
3484.5187945 0.0224739735558 
3487.5187945 0.0168046329664 
3490.5187945 0.0129275334812 
3493.5187945 0.0114210103176 
3496.5187945 0.011266843838 
3499.5187945 0.0109866972478 
3502.5187945 0.0102577665938 
3505.5187945 0.00666709009533 
3508.5187945 0.00623845725651 
3511.5187945 0.00475269397782 
3514.5187945 0.00372300648504 
3517.5187945 0.00283675925368 
3520.5187945 0.00118749269375 
3523.5187945 -0.00178775186547 
3526.5187945 -0.00742046710235 
3529.5187945 -0.0172635268537 
3532.5187945 -0.0276115298105 
3535.5187945 -0.0382362142202 
3538.5187945 -0.0445231774487 
3541.5187945 -0.0463881447873 
3544.5187945 -0.0399344313475 
3547.5187945 -0.0245294211082 
3550.5187945 -0.00740072938539 
3553.5187945 0.010913376038 
3556.5187945 0.025704997484 
3559.5187945 0.0331901390173 
3562.5187945 0.0375961062674 
3565.5187945 0.0412995811945 
3568.5187945 0.0418698342648 
3571.5187945 0.0420325338829 
3574.5187945 0.0399920344948 
3577.5187945 0.0323252136252 
3580.5187945 0.0228107011254 
3583.5187945 0.00985618788555 
3586.5187945 -0.00607728256059 
3589.5187945 -0.0197707726156 
3592.5187945 -0.0263635139785 
3595.5187945 -0.0285292152493 
3598.5187945 -0.0284314940946 
3601.5187945 -0.0276493654919 
3604.5187945 -0.027974938461 
3607.5187945 -0.0253710425002 
3610.5187945 -0.0210741556769 
3613.5187945 -0.0194901524249 
3616.5187945 -0.021400892418 
3619.5187945 -0.0236249512649 
3622.5187945 -0.0210517013018 
3625.5187945 -0.0182316293258 
3628.5187945 -0.0183064903321 
3631.5187945 -0.0189890676355 
3634.5187945 -0.0191942770625 
3637.5187945 -0.0191306813222 
3640.5187945 -0.0174766887231 
3643.5187945 -0.0138756566763 
3646.5187945 -0.00632017952022 
3649.5187945 0.00409650354001 
3652.5187945 0.0142051886122 
3655.5187945 0.0217834473799 
3658.5187945 0.0283972568249 
3661.5187945 0.0332860205078 
3664.5187945 0.0346935492691 
3667.5187945 0.0344444925282 
3670.5187945 0.0352932917046 
3673.5187945 0.0348104738528 
3676.5187945 0.0341853307235 
3679.5187945 0.032198978865 
3682.5187945 0.0297187092919 
3685.5187945 0.0230829047928 
3688.5187945 0.0142122712005 
3691.5187945 0.00379718773187 
3694.5187945 -3.82284722132e-05 
3697.5187945 -0.00380302146657 
3700.5187945 -0.00509403082253 
3703.5187945 -0.00709444135695 
3706.5187945 -0.00810978428812 
3709.5187945 -0.00917249619306 
3712.5187945 -0.00864330416645 
3715.5187945 -0.00828488081557 
3718.5187945 -0.00709419384715 
3721.5187945 -0.00991991214063 
3724.5187945 -0.0245848609245 
3727.5187945 -0.0410374016742 
3730.5187945 -0.0557319350194 
3733.5187945 -0.0668121731241 
3736.5187945 -0.0695095206954 
3739.5187945 -0.0682882787606 
3742.5187945 -0.0555281630531 
3745.5187945 -0.04225910531 
3748.5187945 -0.0274078696996 
3751.5187945 -0.00742551368448 
3754.5187945 0.0103371398943 
3757.5187945 0.0272933416772 
3760.5187945 0.0410988935812 
3763.5187945 0.0516426970226 
3766.5187945 0.05128419335 
3769.5187945 0.0482439542631 
3772.5187945 0.0382301216712 
3775.5187945 0.0204764789963 
3778.5187945 -0.00297772263214 
3781.5187945 -0.0240085867023 
3784.5187945 -0.0401806560051 
3787.5187945 -0.0514804686251 
3790.5187945 -0.0570426707878 
3793.5187945 -0.0532829254586 
3796.5187945 -0.0448002979936 
3799.5187945 -0.0338506046515 
3802.5187945 -0.0211629759982 
3805.5187945 -0.007617237992 
3808.5187945 0.00810436525134 
3811.5187945 0.0222183816041 
3814.5187945 0.0307541189614 
3817.5187945 0.036443243676 
3820.5187945 0.0388003200037 
3823.5187945 0.0386830527141 
3826.5187945 0.0355123164626 
3829.5187945 0.031011462521 
3832.5187945 0.0286156509089 
3835.5187945 0.0309774799008 
3838.5187945 0.0362110080822 
3841.5187945 0.039896233921 
3844.5187945 0.0369847070721 
3847.5187945 0.0311081531781 
3850.5187945 0.0209709298089 
3853.5187945 0.00864624691524 
3856.5187945 -0.00446190178858 
3859.5187945 -0.0151087540927 
3862.5187945 -0.0281093315251 
3865.5187945 -0.0415413601952 
3868.5187945 -0.0494044610997 
3871.5187945 -0.0508961408146 
3874.5187945 -0.0428606398117 
3877.5187945 -0.0310260798789 
3880.5187945 -0.0222640519229 
3883.5187945 -0.0171788404221 
3886.5187945 -0.0120500231675 
3889.5187945 -0.00453459648916 
3892.5187945 0.00227685250977 
3895.5187945 0.00674500868072 
3898.5187945 0.00938894292223 
3901.5187945 0.00773891226501 
3904.5187945 0.00103507975567 
3907.5187945 -0.0035086832234 
3910.5187945 -0.00234707791331 
3913.5187945 -0.000230094611669 
3916.5187945 0.000252568434993 
3919.5187945 0.0016862200415 
3922.5187945 0.00128579692442 
3925.5187945 -0.00554431422453 
3928.5187945 -0.014495542602 
3931.5187945 -0.0245641843362 
3934.5187945 -0.0374428715195 
3937.5187945 -0.0510926207613 
3940.5187945 -0.059221666191 
3943.5187945 -0.0591241758868 
3946.5187945 -0.0505864251324 
3949.5187945 -0.033502003751 
3952.5187945 -0.0105025395111 
3955.5187945 0.0128456148756 
3958.5187945 0.0330372969532 
3961.5187945 0.0487100961418 
3964.5187945 0.0615393242024 
3967.5187945 0.0678594918231 
3970.5187945 0.0663428992943 
3973.5187945 0.059105284225 
3976.5187945 0.049614397012 
3979.5187945 0.0368099199319 
3982.5187945 0.0218487828286 
3985.5187945 0.0102680834688 
3988.5187945 0.00336105373953 
3991.5187945 0.000144654392592 
3994.5187945 0.00247293218664 
3997.5187945 0.00759706296805 
4000.5187945 0.0127896324416 
4003.5187945 0.0130929925956 
4006.5187945 0.00603164020568 
4009.5187945 -0.00808289675066 
4012.5187945 -0.0222532852464 
4015.5187945 -0.0322025629974 
4018.5187945 -0.0343090166087 
4021.5187945 -0.0321614573306 
4024.5187945 -0.0252848805294 
4027.5187945 -0.0231802880014 
4030.5187945 -0.0205539876436 
4033.5187945 -0.0106692290349 
4036.5187945 0.00554204915283 
4039.5187945 0.0249692507908 
4042.5187945 0.0378334586505 
4045.5187945 0.0408244670853 
4048.5187945 0.031877118543 
4051.5187945 0.0149109211718 
4054.5187945 -0.00307438145809 
4057.5187945 -0.0175965441561 
4060.5187945 -0.0290362557434 
4063.5187945 -0.0425632853402 
4066.5187945 -0.0545385855357 
4069.5187945 -0.0624022433372 
4072.5187945 -0.0662141703969 
4075.5187945 -0.0606259606655 
4078.5187945 -0.0467343538863 
4081.5187945 -0.0290129660227 
4084.5187945 -0.00984067984935 
4087.5187945 0.00651044316291 
4090.5187945 0.0181293744578 
4093.5187945 0.0257013728933 
4096.5187945 0.033785021693 
4099.5187945 0.0401854872061 
4102.5187945 0.0424355322026 
4105.5187945 0.0417575504899 
4108.5187945 0.0398941657862 
4111.5187945 0.0365016893085 
4114.5187945 0.0327989664304 
4117.5187945 0.0277206506956 
4120.5187945 0.0239575711237 
4123.5187945 0.0193103258423 
4126.5187945 0.0152455151593 
4129.5187945 0.0147828015293 
4132.5187945 0.0166339856656 
4135.5187945 0.0174864177624 
4138.5187945 0.0128398281439 
4141.5187945 0.00198294012031 
4144.5187945 -0.0134671476935 
4147.5187945 -0.0205322710381 
4150.5187945 -0.0171387343141 
4153.5187945 -0.0174302889644 
4156.5187945 -0.0162561702785 
4159.5187945 -0.0157558577673 
4162.5187945 -0.0099767227805 
4165.5187945 -0.000951432151265 
4168.5187945 0.00605087278845 
4171.5187945 0.0102877236098 
4174.5187945 0.00854868045418 
4177.5187945 0.00230624370409 
4180.5187945 -0.0030143546782 
4183.5187945 -0.000873822878758 
4186.5187945 0.0115743700105 
4189.5187945 0.0240116329768 
4192.5187945 0.0322756878652 
4195.5187945 0.0359272523706 
4198.5187945 0.0387897318198 
4201.5187945 0.0374556063749 
4204.5187945 0.0337214497517 
4207.5187945 0.0240340802122 
4210.5187945 0.0105682188557 
4213.5187945 -0.0077601231413 
4216.5187945 -0.0287698495171 
4219.5187945 -0.0479899044878 
4222.5187945 -0.0579675197316 
4225.5187945 -0.0598395506192 
4228.5187945 -0.0579695188492 
4231.5187945 -0.0510488162857 
4234.5187945 -0.0369484302264 
4237.5187945 -0.0156016520193 
4240.5187945 0.0170396994535 
4243.5187945 0.052880360281 
4246.5187945 0.0832776438812 
4249.5187945 0.10053763539 
4252.5187945 0.106909004222 
4255.5187945 0.102153417473 
4258.5187945 0.0950241926593 
4261.5187945 0.0819667938775 
4264.5187945 0.0606329956557 
4267.5187945 0.0323072715442 
4270.5187945 0.00152925316101 
4273.5187945 -0.0205498037759 
4276.5187945 -0.0336129524009 
4279.5187945 -0.0395028147066 
4282.5187945 -0.0430344726112 
4285.5187945 -0.0446193968852 
4288.5187945 -0.0423633783348 
4291.5187945 -0.0419431162061 
4294.5187945 -0.0384291528727 
4297.5187945 -0.0344026990697 
4300.5187945 -0.0300453865354 
4303.5187945 -0.0281251055153 
4306.5187945 -0.0291631021383 
4309.5187945 -0.0275370245995 
4312.5187945 -0.0217002150684 
4315.5187945 -0.00798890133251 
4318.5187945 0.00775856430551 
4321.5187945 0.0248111896016 
4324.5187945 0.0402641001279 
4327.5187945 0.049234783609 
4330.5187945 0.0501822939793 
4333.5187945 0.0468212012689 
4336.5187945 0.0432594161853 
4339.5187945 0.0361539832511 
4342.5187945 0.0251252367054 
4345.5187945 0.0094630358152 
4348.5187945 -0.0112649339667 
4351.5187945 -0.0318242371213 
4354.5187945 -0.0525409767408 
4357.5187945 -0.0718893417462 
4360.5187945 -0.0882740481501 
4363.5187945 -0.0991515614454 
4366.5187945 -0.0930624965851 
4369.5187945 -0.0756796164578 
4372.5187945 -0.0483671046703 
4375.5187945 -0.013938320685 
4378.5187945 0.0256710243834 
4381.5187945 0.0706091924779 
4384.5187945 0.11436903541 
4387.5187945 0.145525312586 
4390.5187945 0.156124843811 
4393.5187945 0.146360848568 
4396.5187945 0.11833388545 
4399.5187945 0.073119955735 
4402.5187945 0.0168969089053 
4405.5187945 -0.0336845469917 
4408.5187945 -0.070242540021 
4411.5187945 -0.0931994647032 
4414.5187945 -0.0995387048582 
4417.5187945 -0.0899467194097 
4420.5187945 -0.0675282427879 
4423.5187945 -0.0388760127858 
4426.5187945 -0.00660545717911 
4429.5187945 0.0253434403972 
4432.5187945 0.0472163601915 
4435.5187945 0.056575948213 
4438.5187945 0.0535128668269 
4441.5187945 0.0467027678274 
4444.5187945 0.0418921815442 
4447.5187945 0.0383011855439 
4450.5187945 0.0308343097582 
4453.5187945 0.0229615274126 
4456.5187945 0.0139993568408 
4459.5187945 0.00716200260898 
4462.5187945 0.00322868775693 
4465.5187945 0.00680536477955 
4468.5187945 0.0182012344078 
4471.5187945 0.0265863013615 
4474.5187945 0.0306309637944 
4477.5187945 0.027326193844 
4480.5187945 0.0155946860463 
4483.5187945 -0.00542083598583 
4486.5187945 -0.0258860889845 
4489.5187945 -0.0441680341977 
4492.5187945 -0.0576918176082 
4495.5187945 -0.0592984656275 
4498.5187945 -0.0465702548858 
4501.5187945 -0.0205246077538 
4504.5187945 0.00594469941193 
4507.5187945 0.0259864946686 
4510.5187945 0.0354456530286 
4513.5187945 0.0324399463191 
4516.5187945 0.0225686079777 
4519.5187945 0.00666909278284 
4522.5187945 -0.00450556674244 
4525.5187945 -0.00669101108498 
4528.5187945 0.00295206074421 
4531.5187945 0.016202580836 
4534.5187945 0.0368483981869 
4537.5187945 0.0529728956293 
4540.5187945 0.0530632509874 
4543.5187945 0.0340332169094 
4546.5187945 -0.00328087692466 
4549.5187945 -0.0433555166268 
4552.5187945 -0.0723597769681 
4555.5187945 -0.0890440225934 
4558.5187945 -0.0912980182272 
4561.5187945 -0.0854596141618 
4564.5187945 -0.0752450463586 
4567.5187945 -0.0606700316902 
4570.5187945 -0.0443064635755 
4573.5187945 -0.0298871563732 
4576.5187945 -0.0216411506613 
4579.5187945 -0.0181181686894 
4582.5187945 -0.0116838002828 
4585.5187945 0.00349151580056 
4588.5187945 0.0297430128508 
4591.5187945 0.0591390169555 
4594.5187945 0.0744078777631 
4597.5187945 0.0711820063226 
4600.5187945 0.0584541716055 
4603.5187945 0.0444607478603 
4606.5187945 0.0371182409916 
4609.5187945 0.0409385215072 
4612.5187945 0.050965976658 
4615.5187945 0.0655255219636 
4618.5187945 0.0768262817846 
4621.5187945 0.0766948493185 
4624.5187945 0.0586608089737 
4627.5187945 0.0287671007304 
4630.5187945 -0.00824464262305 
4633.5187945 -0.0436700920688 
4636.5187945 -0.0667317752758 
4639.5187945 -0.0779677732045 
4642.5187945 -0.073157486789 
4645.5187945 -0.0518292622977 
4648.5187945 -0.0228164581083 
4651.5187945 0.00460803520658 
4654.5187945 0.0232980812493 
4657.5187945 0.0296242367034 
4660.5187945 0.0248323159914 
4663.5187945 0.00446443846659 
4666.5187945 -0.0275896013937 
4669.5187945 -0.0577691834614 
4672.5187945 -0.0715125651863 
4675.5187945 -0.0671351543799 
4678.5187945 -0.0518187526506 
4681.5187945 -0.0290628106895 
4684.5187945 -0.0102290852052 
4687.5187945 0.00287037804637 
4690.5187945 0.0135882918433 
4693.5187945 0.015159412686 
4696.5187945 0.00491019826993 
4699.5187945 -0.00436886695836 
4702.5187945 0.000552604609703 
4705.5187945 0.0167193063411 
4708.5187945 0.0398762665435 
4711.5187945 0.0635749876297 
4714.5187945 0.0829259895664 
4717.5187945 0.0929046234082 
4720.5187945 0.0824935899378 
4723.5187945 0.0489973883877 
4726.5187945 0.0155199833034 
4729.5187945 -0.00405630193849 
4732.5187945 -0.0109141102378 
4735.5187945 -0.0248501081385 
4738.5187945 -0.0618330183846 
4741.5187945 -0.108080629961 
4744.5187945 -0.137602809328 
4747.5187945 -0.132554485118 
4750.5187945 -0.10722732087 
4753.5187945 -0.0818794990733 
4756.5187945 -0.0539503356468 
4759.5187945 -0.00990430890836 
4762.5187945 0.0512829748402 
4765.5187945 0.107472936273 
4768.5187945 0.135758156833 
4771.5187945 0.134791535849 
4774.5187945 0.113312577887 
4777.5187945 0.0837653429119 
4780.5187945 0.0593790062699 
4783.5187945 0.0326385419986 
4786.5187945 0.00846574563041 
4789.5187945 -0.012918483904 
4792.5187945 -0.0276680167837 
4795.5187945 -0.0375404950982 
4798.5187945 -0.0379293282414 
4801.5187945 -0.0313896789216 
4804.5187945 -0.0260035895045 
4807.5187945 -0.0309996106092 
4810.5187945 -0.0482810521749 
4813.5187945 -0.0690997206158 
4816.5187945 -0.0803955254809 
4819.5187945 -0.0758211873063 
4822.5187945 -0.0558402253187 
4825.5187945 -0.0168750245168 
4828.5187945 0.026938034213 
4831.5187945 0.0716237256474 
4834.5187945 0.100934774392 
4837.5187945 0.108595631227 
4840.5187945 0.0828110212622 
4843.5187945 0.0243944687671 
4846.5187945 -0.0378801713663 
4849.5187945 -0.0754413454327 
4852.5187945 -0.0858184938589 
4855.5187945 -0.0857406425057 
4858.5187945 -0.0798251962538 
4861.5187945 -0.0588176064349 
4864.5187945 -0.0127956345544 
4867.5187945 0.0591741776271 
4870.5187945 0.134752857683 
4873.5187945 0.191482171538 
4876.5187945 0.208206713664 
4879.5187945 0.180853243763 
4882.5187945 0.104964224491 
4885.5187945 -0.011946689014 
4888.5187945 -0.154116749169 
4891.5187945 -0.279907086434 
4894.5187945 -0.351081158163 
4897.5187945 -0.35306561562 
4900.5187945 -0.290052246776 
4903.5187945 -0.176598550222 
4906.5187945 -0.0488155638774 
4909.5187945 0.0650656677858 
4912.5187945 0.146738424775 
4915.5187945 0.18651950476 
4918.5187945 0.189394140748 
4921.5187945 0.172002331229 
4924.5187945 0.144323576327 
4927.5187945 0.113754516163 
4930.5187945 0.0825672907419 
4933.5187945 0.0467607612785 
4936.5187945 0.0230002722166 
4939.5187945 0.0178553489754 
4942.5187945 0.0283797645455 
4945.5187945 0.0457676710257 
4948.5187945 0.0572734594012 
4951.5187945 0.043445843426 
4954.5187945 -0.00307309125374 
4957.5187945 -0.0627339540734 
4960.5187945 -0.11217465156 
4963.5187945 -0.148904497311 
4966.5187945 -0.1617291512 
4969.5187945 -0.140015820492 
4972.5187945 -0.0872373818923 
4975.5187945 -0.0188457677883 
4978.5187945 0.0411061189636 
4981.5187945 0.0739022295117 
4984.5187945 0.0650552580946 
4987.5187945 0.0434784290438 
4990.5187945 0.0431812602047 
4993.5187945 0.0753615044814 
4996.5187945 0.119072016805 
4999.5187945 0.150453499344 
5002.5187945 0.169301294809 
5005.5187945 0.169553012281 
5008.5187945 0.141762230634 
5011.5187945 0.0811427671006 
5014.5187945 -0.0288932974121 
5017.5187945 -0.163034594066 
5020.5187945 -0.271930759313 
5023.5187945 -0.313555644548 
5026.5187945 -0.295335743379 
5029.5187945 -0.241016879913 
5032.5187945 -0.179948443114 
5035.5187945 -0.129910985208 
5038.5187945 -0.090907047932 
5041.5187945 -0.0655757521745 
5044.5187945 -0.0388238500944 
5047.5187945 -0.00204589507208 
5050.5187945 0.0519852410726 
5053.5187945 0.111260826323 
5056.5187945 0.16788011255 
5059.5187945 0.217695363769 
5062.5187945 0.239056088201 
5065.5187945 0.214299110387 
5068.5187945 0.144441362435 
5071.5187945 0.0543436096871 
5074.5187945 -0.0238155956919 
5077.5187945 -0.0701219789471 
5080.5187945 -0.0861559734775 
5083.5187945 -0.0872532986766 
5086.5187945 -0.090627380892 
5089.5187945 -0.0926032516623 
5092.5187945 -0.0847424354637 
5095.5187945 -0.0647360894418 
5098.5187945 -0.0343040069151 
5101.5187945 0.00487401840524 
5104.5187945 0.0422540884766 
5107.5187945 0.0634550548499 
5110.5187945 0.0639810893416 
5113.5187945 0.0535878480183 
5116.5187945 0.0245052960419 
5119.5187945 -0.0148349868297 
5122.5187945 -0.0583390509875 
5125.5187945 -0.0826661137912 
5128.5187945 -0.0760601342236 
5131.5187945 -0.0480500874488 
5134.5187945 -0.0221684203221 
5137.5187945 -0.0115097259233 
5140.5187945 -0.000989203947251 
5143.5187945 0.0219001339733 
5146.5187945 0.0703751291194 
5149.5187945 0.121744208813 
5152.5187945 0.154857688808 
5155.5187945 0.144317512337 
5158.5187945 0.0963721310552 
5161.5187945 0.0278786547671 
5164.5187945 -0.0580958630849 
5167.5187945 -0.164022234343 
5170.5187945 -0.258258317706 
5173.5187945 -0.300027063255 
5176.5187945 -0.269673736444 
5179.5187945 -0.188086679725 
5182.5187945 -0.107058538223 
5185.5187945 -0.0465830397192 
5188.5187945 0.0121030902215 
5191.5187945 0.0778926587386 
5194.5187945 0.141446836505 
5197.5187945 0.174516535824 
5200.5187945 0.170011686027 
5203.5187945 0.155125694328 
5206.5187945 0.13902416294 
5209.5187945 0.115168473039 
5212.5187945 0.0803713361573 
5215.5187945 0.0405114100207 
5218.5187945 0.00019720762025 
5221.5187945 -0.0348725250368 
5224.5187945 -0.06401730193 
5227.5187945 -0.0896387124971 
5230.5187945 -0.103556607673 
5233.5187945 -0.0992357338182 
5236.5187945 -0.0777246471793 
5239.5187945 -0.0320712090681 
5242.5187945 0.016269364455 
5245.5187945 0.0519430596901 
5248.5187945 0.063090563344 
5251.5187945 0.0580555189867 
5254.5187945 0.0499597255473 
5257.5187945 0.045293832544 
5260.5187945 0.0466414520331 
5263.5187945 0.0517443759543 
5266.5187945 0.0618708683455 
5269.5187945 0.0692875472389 
5272.5187945 0.0428798694196 
5275.5187945 -0.032931091448 
5278.5187945 -0.136656807816 
5281.5187945 -0.203444644062 
5284.5187945 -0.20463012083 
5287.5187945 -0.156003040429 
5290.5187945 -0.0858983919277 
5293.5187945 -0.0125089622729 
5296.5187945 0.0689082289437 
5299.5187945 0.143997577356 
5302.5187945 0.151189974288 
5305.5187945 0.0644978945735 
5308.5187945 -0.0778947387729 
5311.5187945 -0.207820979153 
5314.5187945 -0.271605836058 
5317.5187945 -0.263129501053 
5320.5187945 -0.191221296204 
5323.5187945 -0.0666945393296 
5326.5187945 0.0854973022894 
5329.5187945 0.223101358686 
5332.5187945 0.303672025912 
5335.5187945 0.311247215796 
5338.5187945 0.258226617412 
5341.5187945 0.162510177908 
5344.5187945 0.0597620943298 
5347.5187945 -0.0252565668357 
5350.5187945 -0.0760736615864 
5353.5187945 -0.0889642958775 
5356.5187945 -0.0582461491343 
5359.5187945 0.00148500364373 
5362.5187945 0.062440797749 
5365.5187945 0.0923812639263 
5368.5187945 0.0829328151253 
5371.5187945 0.0395787383392 
5374.5187945 -0.0303938565413 
5377.5187945 -0.104521381853 
5380.5187945 -0.151342192818 
5383.5187945 -0.14978672697 
5386.5187945 -0.11140339197 
5389.5187945 -0.0626961088723 
5392.5187945 -0.0223059643764 
5395.5187945 0.0130996622709 
5398.5187945 0.0670383590071 
5401.5187945 0.163113054674 
5404.5187945 0.284004934916 
5407.5187945 0.395164862915 
5410.5187945 0.451643554054 
5413.5187945 0.396076003623 
5416.5187945 0.215983414607 
5419.5187945 -0.0768854223485 
5422.5187945 -0.401495782933 
5425.5187945 -0.683623146549 
5428.5187945 -0.851210969059 
5431.5187945 -0.847900125599 
5434.5187945 -0.646890406838 
5437.5187945 -0.306757959117 
5440.5187945 0.0643739873574 
5443.5187945 0.352954083894 
5446.5187945 0.533794114442 
5449.5187945 0.605340098211 
5452.5187945 0.560131061575 
5455.5187945 0.405858276513 
5458.5187945 0.223832102825 
5461.5187945 0.0897562415758 
5464.5187945 0.0261270421592 
5467.5187945 0.0101192325003 
5470.5187945 0.00555537362897 
5473.5187945 -0.0247128377729 
5476.5187945 -0.0735154335645 
5479.5187945 -0.126132319658 
5482.5187945 -0.16156406216 
5485.5187945 -0.165070019503 
5488.5187945 -0.137698881211 
5491.5187945 -0.0722858381738 
5494.5187945 0.0232190994427 
5497.5187945 0.119498057336 
5500.5187945 0.18609902368 
5503.5187945 0.207741680819 
5506.5187945 0.188700047099 
5509.5187945 0.142955208853 
5512.5187945 0.0877095163642 
5515.5187945 0.0456462579469 
5518.5187945 0.0187848779964 
5521.5187945 0.000562049101917 
5524.5187945 -0.026055673659 
5527.5187945 -0.051912401793 
5530.5187945 -0.0726428520277 
5533.5187945 -0.10046992242 
5536.5187945 -0.146880838109 
5539.5187945 -0.208916914489 
5542.5187945 -0.25365002785 
5545.5187945 -0.267777240164 
5548.5187945 -0.25783703698 
5551.5187945 -0.223144368274 
5554.5187945 -0.139733668834 
5557.5187945 -0.0359880160276 
5560.5187945 0.058777985827 
5563.5187945 0.116640261534 
5566.5187945 0.156116285684 
5569.5187945 0.178386465854 
5572.5187945 0.201610881998 
5575.5187945 0.210014372963 
5578.5187945 0.19803803989 
5581.5187945 0.171324116286 
5584.5187945 0.148530871741 
5587.5187945 0.135269610557 
5590.5187945 0.121999048715 
5593.5187945 0.0865144438314 
5596.5187945 0.0161451062035 
5599.5187945 -0.0684576516238 
5602.5187945 -0.138835141606 
5605.5187945 -0.190387169123 
5608.5187945 -0.206064230716 
5611.5187945 -0.168348363022 
5614.5187945 -0.0914264377374 
5617.5187945 0.000188259765235 
5620.5187945 0.0682094802064 
5623.5187945 0.102287082288 
5626.5187945 0.135161515409 
5629.5187945 0.175439994905 
5632.5187945 0.228842234369 
5635.5187945 0.264372742802 
5638.5187945 0.25292926026 
5641.5187945 0.156444407528 
5644.5187945 0.0171304165567 
5647.5187945 -0.120975776546 
5650.5187945 -0.208776062371 
5653.5187945 -0.22134605723 
5656.5187945 -0.182664482435 
5659.5187945 -0.10414710895 
5662.5187945 -0.0283684100332 
5665.5187945 -0.0118624797527 
5668.5187945 -0.0963583847414 
5671.5187945 -0.273373684357 
5674.5187945 -0.421200914282 
5677.5187945 -0.440183012375 
5680.5187945 -0.317301591206 
5683.5187945 -0.0727176285475 
5686.5187945 0.214985397957 
5689.5187945 0.450035616128 
5692.5187945 0.572263344864 
5695.5187945 0.497760761282 
5698.5187945 0.315062998297 
5701.5187945 0.110509710222 
5704.5187945 -0.0333828182605 
5707.5187945 -0.0981150950993 
5710.5187945 -0.105665038983 
5713.5187945 -0.0784918418971 
5716.5187945 -0.0283958526828 
5719.5187945 0.0146487190424 
5722.5187945 0.0500466728858 
5725.5187945 0.09011737742 
5728.5187945 0.0980242018834 
5731.5187945 0.0789274781925 
5734.5187945 0.0198299215092 
5737.5187945 -0.0742935234735 
5740.5187945 -0.160127115431 
5743.5187945 -0.205066004635 
5746.5187945 -0.199684874934 
5749.5187945 -0.13253307552 
5752.5187945 -0.001946053276 
5755.5187945 0.138092574114 
5758.5187945 0.280066406591 
5761.5187945 0.37454584921 
5764.5187945 0.380072019657 
5767.5187945 0.257503983979 
5770.5187945 0.0485703054601 
5773.5187945 -0.234633754365 
5776.5187945 -0.50130445435 
5779.5187945 -0.658423373694 
5782.5187945 -0.661230287192 
5785.5187945 -0.5140596627 
5788.5187945 -0.24045762199 
5791.5187945 0.0693069053615 
5794.5187945 0.324671328913 
5797.5187945 0.452874401273 
5800.5187945 0.459492394586 
5803.5187945 0.390699481412 
5806.5187945 0.293056749255 
5809.5187945 0.179339035896 
5812.5187945 0.109120075944 
5815.5187945 0.0310339549745 
5818.5187945 -0.0128061049331 
5821.5187945 -0.0676888100138 
5824.5187945 -0.122247986461 
5827.5187945 -0.159722379782 
5830.5187945 -0.208693851038 
5833.5187945 -0.208802031861 
5836.5187945 -0.187905007528 
5839.5187945 -0.146994169041 
5842.5187945 -0.0634496381931 
5845.5187945 0.1367023401 
5848.5187945 0.28023079118 
5851.5187945 0.350401305848 
5854.5187945 0.312760566899 
5857.5187945 0.216176967274 
5860.5187945 0.0250350241415 
5863.5187945 -0.0973527268227 
5866.5187945 -0.168455325336 
5869.5187945 -0.194453031723 
5872.5187945 -0.0665971299421 
5875.5187945 0.00189448318026 
5878.5187945 -0.0151627064703 
5881.5187945 -0.0908767279809 
5884.5187945 -0.12678484118 
5887.5187945 -0.330116925399 
5890.5187945 -0.583836712935 
5893.5187945 -0.669825883844 
5896.5187945 -0.658201985693 
5899.5187945 -0.69843649412 
5902.5187945 -0.707018230223 
5905.5187945 -0.794091646389 
5908.5187945 -1.002897924 
5911.5187945 -1.19063441543 
5914.5187945 -1.14352400847 
5917.5187945 nan 
5920.5187945 nan 
5923.5187945 nan 
5926.5187945 nan 
5929.5187945 nan 
5932.5187945 nan 
5935.5187945 nan 
5938.5187945 nan 
5941.5187945 nan 
5944.5187945 nan 
5947.5187945 nan 
5950.5187945 nan 
5953.5187945 nan 
5956.5187945 nan 
5959.5187945 nan 
5962.5187945 nan 
5965.5187945 nan 
5968.5187945 nan 
5971.5187945 nan 
5974.5187945 nan 
5977.5187945 nan 
5980.5187945 nan 
5983.5187945 nan 
5986.5187945 nan 
5989.5187945 nan 
5992.5187945 nan 
5995.5187945 nan 
5998.5187945 nan 
