1.49619792281 nan 
4.49619792281 nan 
7.49619792281 nan 
10.4961979228 nan 
13.4961979228 nan 
16.4961979228 nan 
19.4961979228 nan 
22.4961979228 nan 
25.4961979228 nan 
28.4961979228 nan 
31.4961979228 nan 
34.4961979228 nan 
37.4961979228 nan 
40.4961979228 nan 
43.4961979228 nan 
46.4961979228 nan 
49.4961979228 nan 
52.4961979228 nan 
55.4961979228 nan 
58.4961979228 nan 
61.4961979228 nan 
64.4961979228 nan 
67.4961979228 nan 
70.4961979228 nan 
73.4961979228 nan 
76.4961979228 nan 
79.4961979228 nan 
82.4961979228 nan 
85.4961979228 nan 
88.4961979228 nan 
91.4961979228 nan 
94.4961979228 nan 
97.4961979228 nan 
100.496197923 nan 
103.496197923 nan 
106.496197923 nan 
109.496197923 nan 
112.496197923 nan 
115.496197923 nan 
118.496197923 nan 
121.496197923 nan 
124.496197923 nan 
127.496197923 nan 
130.496197923 nan 
133.496197923 nan 
136.496197923 nan 
139.496197923 nan 
142.496197923 nan 
145.496197923 nan 
148.496197923 nan 
151.496197923 nan 
154.496197923 nan 
157.496197923 nan 
160.496197923 nan 
163.496197923 nan 
166.496197923 nan 
169.496197923 nan 
172.496197923 nan 
175.496197923 nan 
178.496197923 nan 
181.496197923 nan 
184.496197923 nan 
187.496197923 nan 
190.496197923 nan 
193.496197923 nan 
196.496197923 nan 
199.496197923 nan 
202.496197923 nan 
205.496197923 nan 
208.496197923 nan 
211.496197923 nan 
214.496197923 nan 
217.496197923 nan 
220.496197923 nan 
223.496197923 nan 
226.496197923 nan 
229.496197923 nan 
232.496197923 nan 
235.496197923 nan 
238.496197923 nan 
241.496197923 nan 
244.496197923 nan 
247.496197923 nan 
250.496197923 nan 
253.496197923 nan 
256.496197923 nan 
259.496197923 nan 
262.496197923 nan 
265.496197923 nan 
268.496197923 nan 
271.496197923 nan 
274.496197923 nan 
277.496197923 nan 
280.496197923 nan 
283.496197923 nan 
286.496197923 nan 
289.496197923 nan 
292.496197923 nan 
295.496197923 nan 
298.496197923 nan 
301.496197923 nan 
304.496197923 nan 
307.496197923 nan 
310.496197923 nan 
313.496197923 nan 
316.496197923 nan 
319.496197923 -1.07559685497 
322.496197923 -1.11521828471 
325.496197923 -0.990541651418 
328.496197923 -0.771831563508 
331.496197923 -0.556257951784 
334.496197923 -0.43056845437 
337.496197923 -0.350593946176 
340.496197923 -0.274752658822 
343.496197923 -0.213569236303 
346.496197923 -0.184495590385 
349.496197923 -0.160216391656 
352.496197923 -0.140081062827 
355.496197923 -0.140803940665 
358.496197923 -0.127173573292 
361.496197923 -0.103445116922 
364.496197923 -0.108570979613 
367.496197923 -0.135325938748 
370.496197923 -0.115770217793 
373.496197923 -0.128800590909 
376.496197923 -0.112321199012 
379.496197923 -0.111726046064 
382.496197923 -0.0851977897192 
385.496197923 -0.0997785582825 
388.496197923 -0.0896689723144 
391.496197923 -0.0703057732227 
394.496197923 -0.0703716278076 
397.496197923 -0.0762741424385 
400.496197923 -0.0715423724391 
403.496197923 -0.0671366934111 
406.496197923 -0.0654487126644 
409.496197923 -0.0711954392165 
412.496197923 -0.083190989084 
415.496197923 -0.072485721362 
418.496197923 -0.0576963524973 
421.496197923 -0.047053169338 
424.496197923 -0.0482315360702 
427.496197923 -0.0485608819338 
430.496197923 -0.0501016676996 
433.496197923 -0.0450196913506 
436.496197923 -0.0522306042921 
439.496197923 -0.0481285647726 
442.496197923 -0.0316381750781 
445.496197923 -0.00930857134139 
448.496197923 -0.00118172298369 
451.496197923 -0.00363977330365 
454.496197923 -0.0151881433126 
457.496197923 -0.0114435515942 
460.496197923 0.00795369223472 
463.496197923 0.0100595511168 
466.496197923 0.00252763183349 
469.496197923 -0.0188895746581 
472.496197923 -0.0282659790484 
475.496197923 -0.02338539346 
478.496197923 -0.0239618262187 
481.496197923 -0.0212370825087 
484.496197923 -0.0232835777859 
487.496197923 -0.0197427450585 
490.496197923 -0.0122738978603 
493.496197923 -0.000177413246543 
496.496197923 0.0122423472869 
499.496197923 0.0230747996963 
502.496197923 0.0374937718503 
505.496197923 0.0413821623385 
508.496197923 0.0381068973651 
511.496197923 0.0244246272238 
514.496197923 0.00213647820412 
517.496197923 -0.00108779587892 
520.496197923 -0.0011053312406 
523.496197923 0.0092407149293 
526.496197923 0.013296482212 
529.496197923 0.0163280747361 
532.496197923 0.0149731289588 
535.496197923 0.00715799416 
538.496197923 -0.00317247231877 
541.496197923 -0.00910532975972 
544.496197923 -0.00645083291581 
547.496197923 -0.00610279079605 
550.496197923 -0.00951555046479 
553.496197923 -0.0124643101975 
556.496197923 -0.00293867851307 
559.496197923 0.00525470787435 
562.496197923 0.00793749014233 
565.496197923 0.00636982815216 
568.496197923 0.00746832124134 
571.496197923 0.00602814424106 
574.496197923 9.92984231383e-05 
577.496197923 -0.00373307223758 
580.496197923 -0.00322906966419 
583.496197923 0.00374461764587 
586.496197923 -0.0024284362565 
589.496197923 -0.00647325873603 
592.496197923 -0.0144366974129 
595.496197923 -0.0196662961183 
598.496197923 -0.0147897141841 
601.496197923 -0.00623749843291 
604.496197923 -0.014783790189 
607.496197923 -0.0187092962502 
610.496197923 -0.0271537472595 
613.496197923 -0.033298837979 
616.496197923 -0.0286224672489 
619.496197923 -0.0228225341491 
622.496197923 -0.0161823111784 
625.496197923 -0.00721809968894 
628.496197923 -0.00301781393602 
631.496197923 0.00132242434909 
634.496197923 0.00311445067307 
637.496197923 0.00338959591339 
640.496197923 -0.00546595676451 
643.496197923 -0.0156163724841 
646.496197923 -0.0227158748853 
649.496197923 -0.0261413959882 
652.496197923 -0.0175063252221 
655.496197923 -0.00259549707801 
658.496197923 0.0038344588266 
661.496197923 -0.0021706796456 
664.496197923 -0.0156450978201 
667.496197923 -0.0192737419792 
670.496197923 -0.0158403503279 
673.496197923 -0.0101339486543 
676.496197923 -0.00322680343405 
679.496197923 0.00162147726315 
682.496197923 0.0066568136899 
685.496197923 0.0046380619246 
688.496197923 0.00710515287593 
691.496197923 0.00890532711496 
694.496197923 0.00665319638316 
697.496197923 -8.85460636156e-05 
700.496197923 -8.57915747092e-05 
703.496197923 0.00132192374985 
706.496197923 -0.000158251044171 
709.496197923 -0.000434927143741 
712.496197923 0.000552696248883 
715.496197923 0.00256279600966 
718.496197923 -0.00244052329209 
721.496197923 -0.00762462274066 
724.496197923 -0.00850870322087 
727.496197923 -0.00456481203294 
730.496197923 -0.00226798921425 
733.496197923 -0.000304516447605 
736.496197923 -0.000522947027909 
739.496197923 -0.00605593618882 
742.496197923 -0.0119003146374 
745.496197923 -0.0132153264423 
748.496197923 -0.00797592773036 
751.496197923 0.00139617313049 
754.496197923 0.00670848567445 
757.496197923 0.00934718785733 
760.496197923 0.0116779858934 
763.496197923 0.00967879140354 
766.496197923 0.00844132148057 
769.496197923 0.0101452997492 
772.496197923 0.0121277285807 
775.496197923 0.014838933033 
778.496197923 0.017623228963 
781.496197923 0.0196675998987 
784.496197923 0.0200798475036 
787.496197923 0.0176015786869 
790.496197923 0.00846624089473 
793.496197923 -0.00418829473437 
796.496197923 -0.0127638275263 
799.496197923 -0.0179681062242 
802.496197923 -0.0213064085229 
805.496197923 -0.0297072786218 
808.496197923 -0.0276584766563 
811.496197923 -0.0271019766937 
814.496197923 -0.0234722999952 
817.496197923 -0.0258968277598 
820.496197923 -0.0308392266698 
823.496197923 -0.0313750826834 
826.496197923 -0.0330922298176 
829.496197923 -0.035814502727 
832.496197923 -0.0361104882242 
835.496197923 -0.0353194491129 
838.496197923 -0.0285326249285 
841.496197923 -0.0190183161322 
844.496197923 -0.0155137658803 
847.496197923 -0.01820011417 
850.496197923 -0.0249717978629 
853.496197923 -0.0277123373735 
856.496197923 -0.0276500522293 
859.496197923 -0.022390821012 
862.496197923 -0.0169433656204 
865.496197923 -0.0160020589828 
868.496197923 -0.0174999111697 
871.496197923 -0.0166453663295 
874.496197923 -0.010400808792 
877.496197923 -0.0151341652095 
880.496197923 -0.0151636507042 
883.496197923 -0.0153752620088 
886.496197923 -0.0102922440031 
889.496197923 -0.00785903367668 
892.496197923 -0.00721627223104 
895.496197923 -0.00632963946399 
898.496197923 -0.00537719257019 
901.496197923 -0.0097529826611 
904.496197923 -0.0146757177367 
907.496197923 -0.0204685837543 
910.496197923 -0.0197770992155 
913.496197923 -0.0143392124778 
916.496197923 -0.00928759973774 
919.496197923 -0.00248983188979 
922.496197923 -0.00236189359689 
925.496197923 0.00291102446516 
928.496197923 0.00643994737538 
931.496197923 0.00926857069847 
934.496197923 0.00412425364637 
937.496197923 0.00136019580109 
940.496197923 -0.00219834637232 
943.496197923 -0.00493241826617 
946.496197923 -0.00603841037185 
949.496197923 -0.0059580677554 
952.496197923 -0.00631226636256 
955.496197923 -0.00778336028068 
958.496197923 -0.00831250250909 
961.496197923 -0.0130066121741 
964.496197923 -0.017869502135 
967.496197923 -0.0212773469848 
970.496197923 -0.0237401539235 
973.496197923 -0.0232111040083 
976.496197923 -0.0233737916381 
979.496197923 -0.0211442747718 
982.496197923 -0.0164217862299 
985.496197923 -0.0114572184947 
988.496197923 -0.00893232813301 
991.496197923 -0.00560639522272 
994.496197923 -0.00206846508766 
997.496197923 0.00215406855479 
1000.49619792 0.00394455874855 
1003.49619792 0.00727676809632 
1006.49619792 0.009877799118 
1009.49619792 0.00789895283333 
1012.49619792 0.00630553833157 
1015.49619792 0.00279815514958 
1018.49619792 -0.000280540910181 
1021.49619792 0.00294249725615 
1024.49619792 0.00820136320978 
1027.49619792 0.01066073063 
1030.49619792 0.0138546768612 
1033.49619792 0.00752198878483 
1036.49619792 0.00180057511731 
1039.49619792 -0.00327422645078 
1042.49619792 -0.00457836382704 
1045.49619792 -0.00319718773233 
1048.49619792 -0.0047798580125 
1051.49619792 -0.00918115872042 
1054.49619792 -0.00461451922958 
1057.49619792 -0.00312502536901 
1060.49619792 -0.00297383727581 
1063.49619792 -0.00282070718805 
1066.49619792 -0.00421229586091 
1069.49619792 -0.00402835484445 
1072.49619792 -0.00505604604918 
1075.49619792 -0.00799176911779 
1078.49619792 -0.00906882618855 
1081.49619792 -0.00891220273297 
1084.49619792 -0.013301070516 
1087.49619792 -0.0127485115259 
1090.49619792 -0.0138270068579 
1093.49619792 -0.0136839682468 
1096.49619792 -0.0109445980356 
1099.49619792 -0.00524629712333 
1102.49619792 -0.00487833588347 
1105.49619792 -0.00416786532785 
1108.49619792 -0.00586897191764 
1111.49619792 -0.00612286719036 
1114.49619792 -0.00418903039017 
1117.49619792 -0.00981650890401 
1120.49619792 -0.0109246595412 
1123.49619792 -0.00983982651457 
1126.49619792 -0.00911217631619 
1129.49619792 -0.00722269995947 
1132.49619792 -0.0097514543661 
1135.49619792 -0.0103039335794 
1138.49619792 -0.00697180828218 
1141.49619792 -0.00616198060162 
1144.49619792 -0.0046474755836 
1147.49619792 -0.005221879733 
1150.49619792 -0.00825045612528 
1153.49619792 -0.0141199232287 
1156.49619792 -0.0148769717371 
1159.49619792 -0.0108791195412 
1162.49619792 -0.0129049298412 
1165.49619792 -0.0175892429188 
1168.49619792 -0.0207891177037 
1171.49619792 -0.0195008846815 
1174.49619792 -0.0151946280244 
1177.49619792 -0.0124543916655 
1180.49619792 -0.0130074293162 
1183.49619792 -0.0128630607124 
1186.49619792 -0.0150770142703 
1189.49619792 -0.0181887721924 
1192.49619792 -0.0236217674744 
1195.49619792 -0.0226139611997 
1198.49619792 -0.0166936609075 
1201.49619792 -0.0082397854123 
1204.49619792 -0.00606878138865 
1207.49619792 -0.00446801317809 
1210.49619792 -0.00253266261367 
1213.49619792 -0.00268284096089 
1216.49619792 -0.00447036203417 
1219.49619792 -0.00539649854882 
1222.49619792 -0.00716997948021 
1225.49619792 -0.00789286187684 
1228.49619792 -0.00391486868348 
1231.49619792 0.00346982826694 
1234.49619792 0.0103381019705 
1237.49619792 0.012635924848 
1240.49619792 0.0131972136962 
1243.49619792 0.0171343192999 
1246.49619792 0.0198929236906 
1249.49619792 0.0202872921814 
1252.49619792 0.0175964376439 
1255.49619792 0.01340003588 
1258.49619792 0.0151749334189 
1261.49619792 0.0235821138604 
1264.49619792 0.028333816656 
1267.49619792 0.0289457956646 
1270.49619792 0.0254530204642 
1273.49619792 0.021434160765 
1276.49619792 0.021214610532 
1279.49619792 0.0237929091627 
1282.49619792 0.0273388863522 
1285.49619792 0.0255211794582 
1288.49619792 0.0157134095296 
1291.49619792 0.0123923891589 
1294.49619792 0.00669848736568 
1297.49619792 0.00115846734259 
1300.49619792 -0.00337383287815 
1303.49619792 -0.00287170448905 
1306.49619792 -0.00181770233534 
1309.49619792 -0.00379959979659 
1312.49619792 -0.00777406343766 
1315.49619792 -0.0126604049201 
1318.49619792 -0.0171969121546 
1321.49619792 -0.0219804082728 
1324.49619792 -0.0238451720652 
1327.49619792 -0.0285436204469 
1330.49619792 -0.0259716219018 
1333.49619792 -0.0237614885115 
1336.49619792 -0.0183400927721 
1339.49619792 -0.0158824029434 
1342.49619792 -0.0116192052287 
1345.49619792 -0.00734140380619 
1348.49619792 -0.0124577901559 
1351.49619792 -0.014009492803 
1354.49619792 -0.0159715272728 
1357.49619792 -0.0165023470928 
1360.49619792 -0.012554783894 
1363.49619792 -0.00753851226365 
1366.49619792 -0.00565330624352 
1369.49619792 -0.00433191885 
1372.49619792 -0.00944961952206 
1375.49619792 -0.00808087977123 
1378.49619792 -0.0056843992401 
1381.49619792 -0.00308805424898 
1384.49619792 -0.00188119225133 
1387.49619792 -0.0024076928714 
1390.49619792 -0.00467338679398 
1393.49619792 -0.00843505159619 
1396.49619792 -0.015882342541 
1399.49619792 -0.0148713110054 
1402.49619792 -0.0192406095465 
1405.49619792 -0.0209307761767 
1408.49619792 -0.0208911339594 
1411.49619792 -0.0215126861806 
1414.49619792 -0.0258506415679 
1417.49619792 -0.0291491420957 
1420.49619792 -0.0306470991321 
1423.49619792 -0.0307338415551 
1426.49619792 -0.0279425389452 
1429.49619792 -0.0279409867172 
1432.49619792 -0.0265928664125 
1435.49619792 -0.0202094163767 
1438.49619792 -0.0108477627114 
1441.49619792 -0.00616129908006 
1444.49619792 -0.00479721487366 
1447.49619792 0.000817698300113 
1450.49619792 0.00555504519443 
1453.49619792 0.008899254963 
1456.49619792 0.0110343845123 
1459.49619792 0.00982749644475 
1462.49619792 0.00850979958164 
1465.49619792 0.00916890443853 
1468.49619792 0.00817262533746 
1471.49619792 0.00554241596171 
1474.49619792 0.00134600166153 
1477.49619792 -0.00379692442558 
1480.49619792 -0.00672329509235 
1483.49619792 -0.000315330295786 
1486.49619792 0.00788225384561 
1489.49619792 0.00999372502358 
1492.49619792 0.00592623910302 
1495.49619792 0.00492962550935 
1498.49619792 0.00873598667221 
1501.49619792 0.0155068845639 
1504.49619792 0.0182651664285 
1507.49619792 0.0150896155811 
1510.49619792 0.013381167534 
1513.49619792 0.0169667322367 
1516.49619792 0.02100147891 
1519.49619792 0.0222584964212 
1522.49619792 0.0205370459 
1525.49619792 0.017918088468 
1528.49619792 0.0147799187363 
1531.49619792 0.00811304519555 
1534.49619792 0.00356252089741 
1537.49619792 0.0032509116894 
1540.49619792 0.00333622211936 
1543.49619792 0.0059707853124 
1546.49619792 0.00840247475166 
1549.49619792 0.00865556142982 
1552.49619792 0.0130740839482 
1555.49619792 0.0149225994916 
1558.49619792 0.0116307534862 
1561.49619792 0.00585369808496 
1564.49619792 0.00127835423609 
1567.49619792 -0.00141884882295 
1570.49619792 -0.00291365083043 
1573.49619792 -0.00858654027687 
1576.49619792 -0.00994252201248 
1579.49619792 -0.0113581471416 
1582.49619792 -0.0147736665168 
1585.49619792 -0.0150580205607 
1588.49619792 -0.0119322492789 
1591.49619792 -0.0099499161795 
1594.49619792 -0.0123356439415 
1597.49619792 -0.0172729508143 
1600.49619792 -0.0198725760553 
1603.49619792 -0.0207577654326 
1606.49619792 -0.0194448175667 
1609.49619792 -0.0172974969871 
1612.49619792 -0.0150794634172 
1615.49619792 -0.0164021166971 
1618.49619792 -0.0203473732075 
1621.49619792 -0.0203585419555 
1624.49619792 -0.0147571014401 
1627.49619792 -0.00823346310318 
1630.49619792 -0.00262013214496 
1633.49619792 -0.0016206136796 
1636.49619792 -0.00539093013019 
1639.49619792 -0.00792070112083 
1642.49619792 -0.00508664101077 
1645.49619792 0.00191626610879 
1648.49619792 0.00850766897202 
1651.49619792 0.0103838516695 
1654.49619792 0.00675790225571 
1657.49619792 -0.00043917258571 
1660.49619792 -0.00667318217385 
1663.49619792 -0.0112720896591 
1666.49619792 -0.0122157884601 
1669.49619792 -0.0118683173141 
1672.49619792 -0.00953548952909 
1675.49619792 -0.00465301408594 
1678.49619792 0.00104341207225 
1681.49619792 0.00675622808318 
1684.49619792 0.00631335645515 
1687.49619792 0.00588657124321 
1690.49619792 0.00502360026649 
1693.49619792 0.0064093410171 
1696.49619792 0.00438798055138 
1699.49619792 0.00554155494241 
1702.49619792 0.00619096635177 
1705.49619792 0.00692440834374 
1708.49619792 0.00507850947845 
1711.49619792 0.00328473761022 
1714.49619792 -0.000223481340288 
1717.49619792 -0.00288289717005 
1720.49619792 -0.00330544680528 
1723.49619792 -0.00134061943619 
1726.49619792 0.000570510615582 
1729.49619792 0.000942892557006 
1732.49619792 0.00361979378113 
1735.49619792 0.00563841021084 
1738.49619792 0.0085421997776 
1741.49619792 0.0104292925184 
1744.49619792 0.0121301982416 
1747.49619792 0.00856681262102 
1750.49619792 0.00396077081305 
1753.49619792 0.000116327896814 
1756.49619792 -0.00456792161752 
1759.49619792 -0.0103561098671 
1762.49619792 -0.013892737219 
1765.49619792 -0.0128255747472 
1768.49619792 -0.0128899352272 
1771.49619792 -0.0105923607974 
1774.49619792 -0.00389659495928 
1777.49619792 0.00391801188826 
1780.49619792 0.00915432295425 
1783.49619792 0.0135472878443 
1786.49619792 0.0150099630338 
1789.49619792 0.00886627125694 
1792.49619792 0.0084226485876 
1795.49619792 0.00480135984676 
1798.49619792 0.00635684505247 
1801.49619792 0.00442156999107 
1804.49619792 0.00266250956583 
1807.49619792 0.000575659885632 
1810.49619792 0.00328972793218 
1813.49619792 0.000612078800826 
1816.49619792 -0.000539761941246 
1819.49619792 -0.000160966837782 
1822.49619792 -0.0058881177729 
1825.49619792 -0.00840154136344 
1828.49619792 -0.0120546359633 
1831.49619792 -0.0159560346239 
1834.49619792 -0.0145234295789 
1837.49619792 -0.0162384272989 
1840.49619792 -0.0207277944393 
1843.49619792 -0.0272109699979 
1846.49619792 -0.0297670131888 
1849.49619792 -0.0296698541988 
1852.49619792 -0.0256862854638 
1855.49619792 -0.0213967021519 
1858.49619792 -0.018365229293 
1861.49619792 -0.0195577199327 
1864.49619792 -0.01814468299 
1867.49619792 -0.0185632021888 
1870.49619792 -0.0243835011586 
1873.49619792 -0.0262479663579 
1876.49619792 -0.0267902728932 
1879.49619792 -0.0277884854413 
1882.49619792 -0.0274459536171 
1885.49619792 -0.021250008625 
1888.49619792 -0.0148160348203 
1891.49619792 -0.0120447003363 
1894.49619792 -0.0117576156474 
1897.49619792 -0.014056310371 
1900.49619792 -0.0160933646372 
1903.49619792 -0.0168366413955 
1906.49619792 -0.0136346274535 
1909.49619792 -0.0115970466606 
1912.49619792 -0.00904146674486 
1915.49619792 -0.00915369271776 
1918.49619792 -0.00697672652013 
1921.49619792 -0.00820089993468 
1924.49619792 -0.00948472130139 
1927.49619792 -0.0112541079749 
1930.49619792 -0.0080289889704 
1933.49619792 -0.00280931705954 
1936.49619792 -0.00105304412017 
1939.49619792 -0.00536655604725 
1942.49619792 -0.00980023786169 
1945.49619792 -0.0098469448819 
1948.49619792 -0.00487008297649 
1951.49619792 -0.000539332535652 
1954.49619792 -0.00156123426175 
1957.49619792 -0.0069248858647 
1960.49619792 -0.0131484826254 
1963.49619792 -0.0104604932136 
1966.49619792 -0.00652772119807 
1969.49619792 0.000535219936252 
1972.49619792 0.00551064315307 
1975.49619792 0.00807439790857 
1978.49619792 0.00677601329227 
1981.49619792 0.00396485338931 
1984.49619792 0.00226478774393 
1987.49619792 0.00181354596556 
1990.49619792 0.000387715499841 
1993.49619792 -0.000154083544819 
1996.49619792 0.00257318778886 
1999.49619792 0.0025688445135 
2002.49619792 0.00286105286551 
2005.49619792 0.00181473905566 
2008.49619792 -0.000867640197163 
2011.49619792 1.830086804e-07 
2014.49619792 -0.000591616343928 
2017.49619792 -0.0027153841852 
2020.49619792 -0.0069139792404 
2023.49619792 -0.00885184704688 
2026.49619792 -0.0124793253255 
2029.49619792 -0.0140228611105 
2032.49619792 -0.0111946298333 
2035.49619792 -0.00529093051732 
2038.49619792 -0.00509990332915 
2041.49619792 -0.00787990555936 
2044.49619792 -0.0126053578083 
2047.49619792 -0.0183432884016 
2050.49619792 -0.0205774015496 
2053.49619792 -0.021065829133 
2056.49619792 -0.0199808285751 
2059.49619792 -0.016420109778 
2062.49619792 -0.0172775220233 
2065.49619792 -0.0189534165891 
2068.49619792 -0.0197913815369 
2071.49619792 -0.0211557876995 
2074.49619792 -0.0234150179941 
2077.49619792 -0.024550129761 
2080.49619792 -0.0231499220627 
2083.49619792 -0.0184587755349 
2086.49619792 -0.0120377278465 
2089.49619792 -0.00853700403046 
2092.49619792 -0.0068718821779 
2095.49619792 -0.00831396014467 
2098.49619792 -0.00904464243019 
2101.49619792 -0.0125434612909 
2104.49619792 -0.0111195279809 
2107.49619792 -0.00785179279502 
2110.49619792 -0.00390596474106 
2113.49619792 0.00315416839337 
2116.49619792 0.0074380983814 
2119.49619792 0.0119814761054 
2122.49619792 0.00875726883544 
2125.49619792 0.00720664773343 
2128.49619792 0.00504012032631 
2131.49619792 0.00490095601711 
2134.49619792 0.0059462146367 
2137.49619792 0.00621956518458 
2140.49619792 0.00657024506629 
2143.49619792 0.00744555523017 
2146.49619792 0.0101944821287 
2149.49619792 0.0102607344578 
2152.49619792 0.00943285101458 
2155.49619792 0.00845283554799 
2158.49619792 0.00384109454447 
2161.49619792 0.000968830976956 
2164.49619792 -0.000149163766542 
2167.49619792 -0.00158125808886 
2170.49619792 -0.00337826875154 
2173.49619792 -0.00713555010509 
2176.49619792 -0.0074749586687 
2179.49619792 -0.00491399154153 
2182.49619792 -0.00117440346493 
2185.49619792 0.000487752792997 
2188.49619792 0.00268152378941 
2191.49619792 0.00419842268039 
2194.49619792 0.00135979121889 
2197.49619792 -0.00161878750384 
2200.49619792 -0.00763122540815 
2203.49619792 -0.011279845101 
2206.49619792 -0.0128213602544 
2209.49619792 -0.0148615383509 
2212.49619792 -0.0171904969626 
2215.49619792 -0.0148553693272 
2218.49619792 -0.0104816181026 
2221.49619792 -0.00573281690222 
2224.49619792 -0.00399223990012 
2227.49619792 0.00320841289387 
2230.49619792 0.0103976302575 
2233.49619792 0.0145755044361 
2236.49619792 0.0158704706177 
2239.49619792 0.0140593475867 
2242.49619792 0.0154491045279 
2245.49619792 0.0217774037421 
2248.49619792 0.0247758045707 
2251.49619792 0.0294047400327 
2254.49619792 0.035635175942 
2257.49619792 0.0412497876023 
2260.49619792 0.0457828860894 
2263.49619792 0.0482877034758 
2266.49619792 0.0522549795147 
2269.49619792 0.05291680305 
2272.49619792 0.051583386744 
2275.49619792 0.0469155931564 
2278.49619792 0.0442676835945 
2281.49619792 0.0431095072234 
2284.49619792 0.0406408629044 
2287.49619792 0.0347861482354 
2290.49619792 0.0267526524473 
2293.49619792 0.0187627398489 
2296.49619792 0.0121282266157 
2299.49619792 0.0108976311711 
2302.49619792 0.00500177733073 
2305.49619792 0.000277097883632 
2308.49619792 -0.00777307762471 
2311.49619792 -0.0136147391044 
2314.49619792 -0.0149913864427 
2317.49619792 -0.015850350916 
2320.49619792 -0.0184176711234 
2323.49619792 -0.0190112832399 
2326.49619792 -0.0191210697531 
2329.49619792 -0.0193412057756 
2332.49619792 -0.0160632443474 
2335.49619792 -0.0120245008578 
2338.49619792 -0.00712443264219 
2341.49619792 -0.00659400771726 
2344.49619792 -0.00718515758077 
2347.49619792 -0.00695827871162 
2350.49619792 -0.00431891552121 
2353.49619792 -0.00167983838751 
2356.49619792 -0.000170587150676 
2359.49619792 -0.00031394235804 
2362.49619792 -0.000510663043416 
2365.49619792 0.000238715943455 
2368.49619792 0.00165447265081 
2371.49619792 0.000809184124205 
2374.49619792 -0.00112235154351 
2377.49619792 0.00137780096745 
2380.49619792 0.00333526451319 
2383.49619792 0.00486853872613 
2386.49619792 0.0037731549366 
2389.49619792 0.00419273573627 
2392.49619792 0.00468051541832 
2395.49619792 0.00527795026681 
2398.49619792 0.00492256184609 
2401.49619792 0.00349391657809 
2404.49619792 0.00338574013108 
2407.49619792 0.00468907518095 
2410.49619792 0.00462633929791 
2413.49619792 0.0069512424004 
2416.49619792 0.0102207925078 
2419.49619792 0.0138089328605 
2422.49619792 0.0113512259368 
2425.49619792 0.0083747779662 
2428.49619792 0.00270823761109 
2431.49619792 0.000416031873021 
2434.49619792 0.00270378036891 
2437.49619792 0.00719105650316 
2440.49619792 0.00798804753141 
2443.49619792 0.00838699976755 
2446.49619792 0.00878635943506 
2449.49619792 0.00783599756416 
2452.49619792 0.0101381004654 
2455.49619792 0.0110316458897 
2458.49619792 0.0111948828396 
2461.49619792 0.00884527572026 
2464.49619792 0.00711206952199 
2467.49619792 0.0076332711125 
2470.49619792 0.00813483565077 
2473.49619792 0.00701572026623 
2476.49619792 0.00649539735987 
2479.49619792 0.00276118830331 
2482.49619792 0.001438534596 
2485.49619792 -0.00115082900166 
2488.49619792 0.000821334981212 
2491.49619792 0.00289911692731 
2494.49619792 0.00228079737486 
2497.49619792 -0.00450330414234 
2500.49619792 -0.00754144178066 
2503.49619792 -0.00825192230837 
2506.49619792 -0.00758581533031 
2509.49619792 -0.00623783349535 
2512.49619792 -0.00713318472383 
2515.49619792 -0.00665667863922 
2518.49619792 -0.0061271198621 
2521.49619792 -0.00538021155115 
2524.49619792 -0.00452011738179 
2527.49619792 -0.00438500687224 
2530.49619792 -0.00903650462969 
2533.49619792 -0.0117671592286 
2536.49619792 -0.0100116406071 
2539.49619792 -0.00587948877542 
2542.49619792 -0.00350167800318 
2545.49619792 -0.00200267731574 
2548.49619792 -0.00255411857629 
2551.49619792 0.000360459160508 
2554.49619792 0.0048342780219 
2557.49619792 0.0108409816859 
2560.49619792 0.0137978860571 
2563.49619792 0.0137485441241 
2566.49619792 0.0107953129034 
2569.49619792 0.0100806463745 
2572.49619792 0.00875473706262 
2575.49619792 0.00934021821669 
2578.49619792 0.0106064402578 
2581.49619792 0.00760225333402 
2584.49619792 0.000326529351806 
2587.49619792 -0.00770718600052 
2590.49619792 -0.0124643831362 
2593.49619792 -0.0168048116035 
2596.49619792 -0.0204564918751 
2599.49619792 -0.0228363651618 
2602.49619792 -0.0262322320993 
2605.49619792 -0.0267779713151 
2608.49619792 -0.0252141733698 
2611.49619792 -0.0176694789762 
2614.49619792 -0.00783917324949 
2617.49619792 -0.00107936162224 
2620.49619792 0.00142658731222 
2623.49619792 0.00232689239327 
2626.49619792 0.00430909927443 
2629.49619792 0.00865378012849 
2632.49619792 0.0141103796476 
2635.49619792 0.0135061629188 
2638.49619792 0.012091024428 
2641.49619792 0.00891282442195 
2644.49619792 0.00705235945791 
2647.49619792 0.00478273538969 
2650.49619792 0.00315802673993 
2653.49619792 0.00177151600102 
2656.49619792 0.000274029024387 
2659.49619792 6.11351389815e-05 
2662.49619792 0.00247228983255 
2665.49619792 0.00731120658878 
2668.49619792 0.00596851623309 
2671.49619792 0.00140588922893 
2674.49619792 -0.00409940147263 
2677.49619792 -0.00549369628753 
2680.49619792 -0.0060464872001 
2683.49619792 -0.00890433902266 
2686.49619792 -0.011116326653 
2689.49619792 -0.010912821808 
2692.49619792 -0.0098999052613 
2695.49619792 -0.0129337634457 
2698.49619792 -0.0148935972163 
2701.49619792 -0.0141874428689 
2704.49619792 -0.0121887065257 
2707.49619792 -0.0105931312131 
2710.49619792 -0.00941876699546 
2713.49619792 -0.00895167115086 
2716.49619792 -0.0102282778483 
2719.49619792 -0.0103399379759 
2722.49619792 -0.0081270745106 
2725.49619792 -0.00357952303686 
2728.49619792 -0.00161572507303 
2731.49619792 0.00049249071407 
2734.49619792 0.00383055090448 
2737.49619792 0.00986475447624 
2740.49619792 0.0147455303892 
2743.49619792 0.0164976106319 
2746.49619792 0.0158958658434 
2749.49619792 0.0129826506511 
2752.49619792 0.0105601321215 
2755.49619792 0.00697831692705 
2758.49619792 0.0070228209687 
2761.49619792 0.00810561455914 
2764.49619792 0.00618999763383 
2767.49619792 0.00641561602999 
2770.49619792 0.00739797294482 
2773.49619792 0.00612301135838 
2776.49619792 0.00451153568054 
2779.49619792 0.0052639032869 
2782.49619792 0.00766426495795 
2785.49619792 0.00828827202434 
2788.49619792 0.00959384965623 
2791.49619792 0.00739599562056 
2794.49619792 0.00552151558732 
2797.49619792 0.00526410329866 
2800.49619792 0.00605964295951 
2803.49619792 0.00409914419254 
2806.49619792 -0.000595113914282 
2809.49619792 -0.00603549908953 
2812.49619792 -0.0129624694073 
2815.49619792 -0.0163230852689 
2818.49619792 -0.0159636601435 
2821.49619792 -0.013797611397 
2824.49619792 -0.0101613861653 
2827.49619792 -0.0109758067085 
2830.49619792 -0.013111279298 
2833.49619792 -0.0130057859147 
2836.49619792 -0.0128377543809 
2839.49619792 -0.0149591087611 
2842.49619792 -0.016223490808 
2845.49619792 -0.0175310902112 
2848.49619792 -0.0191317119744 
2851.49619792 -0.0218202484269 
2854.49619792 -0.0222470062869 
2857.49619792 -0.0174578824873 
2860.49619792 -0.013362899793 
2863.49619792 -0.0043679864981 
2866.49619792 0.0010016067648 
2869.49619792 0.00394275636336 
2872.49619792 0.00583380403756 
2875.49619792 0.00674502514516 
2878.49619792 0.00700935977823 
2881.49619792 0.00850006168705 
2884.49619792 0.0122629160179 
2887.49619792 0.0143194358162 
2890.49619792 0.0163452153452 
2893.49619792 0.0175350687928 
2896.49619792 0.0160420180279 
2899.49619792 0.0116366763416 
2902.49619792 0.00513782293801 
2905.49619792 -0.000618536801685 
2908.49619792 -0.00590144277303 
2911.49619792 -0.00738503201286 
2914.49619792 -0.00593767111434 
2917.49619792 -0.00560338307977 
2920.49619792 -0.00517975816763 
2923.49619792 -0.00378214435413 
2926.49619792 -0.00317314386824 
2929.49619792 -0.00420601201559 
2932.49619792 -0.00810084789706 
2935.49619792 -0.0117144609728 
2938.49619792 -0.0121998695753 
2941.49619792 -0.0111663238952 
2944.49619792 -0.0081357958212 
2947.49619792 -0.00471698109552 
2950.49619792 -0.00481938312888 
2953.49619792 -0.00507476452888 
2956.49619792 -0.00437664569678 
2959.49619792 0.000379907490817 
2962.49619792 0.00520640474888 
2965.49619792 0.00656922221412 
2968.49619792 0.00706902710475 
2971.49619792 0.00980751464289 
2974.49619792 0.0114814569572 
2977.49619792 0.0127321686845 
2980.49619792 0.0131237221949 
2983.49619792 0.0119174985539 
2986.49619792 0.0103859441002 
2989.49619792 0.00895685208231 
2992.49619792 0.00522839692537 
2995.49619792 0.00150622504391 
2998.49619792 0.0019368892589 
3001.49619792 0.00376953677511 
3004.49619792 0.00980757276597 
3007.49619792 0.0143755610541 
3010.49619792 0.0152233841314 
3013.49619792 0.0131656403295 
3016.49619792 0.0083164788113 
3019.49619792 0.00492297212663 
3022.49619792 -0.000234984278138 
3025.49619792 -0.0050831034808 
3028.49619792 -0.00683214821733 
3031.49619792 -0.00574079628884 
3034.49619792 -0.00520692956607 
3037.49619792 -0.0075024269507 
3040.49619792 -0.0121050902124 
3043.49619792 -0.0192810586488 
3046.49619792 -0.0252335112592 
3049.49619792 -0.028129556211 
3052.49619792 -0.027959643085 
3055.49619792 -0.0247225022909 
3058.49619792 -0.0181826601521 
3061.49619792 -0.00976153814998 
3064.49619792 -0.00212101262227 
3067.49619792 0.00650758041251 
3070.49619792 0.0119868952275 
3073.49619792 0.0166412965745 
3076.49619792 0.0161217891007 
3079.49619792 0.0130416524114 
3082.49619792 0.0111136586899 
3085.49619792 0.00987552775936 
3088.49619792 0.00777740494471 
3091.49619792 0.00502858859403 
3094.49619792 0.00191355697511 
3097.49619792 -0.00308947854926 
3100.49619792 -0.0104502806472 
3103.49619792 -0.0190690439016 
3106.49619792 -0.0230171735155 
3109.49619792 -0.0232978646659 
3112.49619792 -0.0197295317458 
3115.49619792 -0.0139964299266 
3118.49619792 -0.00936228618111 
3121.49619792 -0.00729555210693 
3124.49619792 -0.00305232080857 
3127.49619792 0.00210511752798 
3130.49619792 0.00844416039396 
3133.49619792 0.0163113170554 
3136.49619792 0.0240825968536 
3139.49619792 0.0293526571978 
3142.49619792 0.0358505435929 
3145.49619792 0.038326880672 
3148.49619792 0.0370560139133 
3151.49619792 0.0330134217643 
3154.49619792 0.0297505951292 
3157.49619792 0.0264370281883 
3160.49619792 0.0205676573868 
3163.49619792 0.0156351656121 
3166.49619792 0.00937412049529 
3169.49619792 0.00215199606824 
3172.49619792 -0.00735919174683 
3175.49619792 -0.016570965373 
3178.49619792 -0.0239703395399 
3181.49619792 -0.0270951546401 
3184.49619792 -0.0291533178399 
3187.49619792 -0.0301548604983 
3190.49619792 -0.0306392445391 
3193.49619792 -0.0311588990301 
3196.49619792 -0.0280755769682 
3199.49619792 -0.0233978112843 
3202.49619792 -0.0181253428213 
3205.49619792 -0.0130478271335 
3208.49619792 -0.00778920791801 
3211.49619792 -0.00257013461786 
3214.49619792 0.000212646123328 
3217.49619792 0.00052937397281 
3220.49619792 -0.000343979523298 
3223.49619792 -0.000918168239794 
3226.49619792 0.000102314243296 
3229.49619792 0.0014352248572 
3232.49619792 0.000850880023512 
3235.49619792 -0.000968083924477 
3238.49619792 -0.0016735455673 
3241.49619792 -0.00071178031925 
3244.49619792 0.00136001915252 
3247.49619792 0.00678870748607 
3250.49619792 0.0116607199208 
3253.49619792 0.0128544562177 
3256.49619792 0.0126937231188 
3259.49619792 0.0130084094308 
3262.49619792 0.0127591047415 
3265.49619792 0.0121079188688 
3268.49619792 0.0105006551196 
3271.49619792 0.0094454819568 
3274.49619792 0.0114003695676 
3277.49619792 0.0111383268072 
3280.49619792 0.00877894703334 
3283.49619792 0.00497349874467 
3286.49619792 0.00227455142351 
3289.49619792 0.00131177728422 
3292.49619792 0.00246135927523 
3295.49619792 0.00551582465436 
3298.49619792 0.00606421986684 
3301.49619792 0.00598921317671 
3304.49619792 0.00668921160652 
3307.49619792 0.00659223667294 
3310.49619792 0.00729653905956 
3313.49619792 0.0123041549103 
3316.49619792 0.0184401191671 
3319.49619792 0.0191551048031 
3322.49619792 0.0155976739486 
3325.49619792 0.00929506171502 
3328.49619792 0.00113481502574 
3331.49619792 -0.00721758170976 
3334.49619792 -0.00977525747529 
3337.49619792 -0.0103553109598 
3340.49619792 -0.0127752025542 
3343.49619792 -0.013864207906 
3346.49619792 -0.0154804146313 
3349.49619792 -0.0146915864762 
3352.49619792 -0.0128614480819 
3355.49619792 -0.00940189648769 
3358.49619792 -0.00835589081562 
3361.49619792 -0.00816125657773 
3364.49619792 -0.00586190654488 
3367.49619792 -0.00191226715567 
3370.49619792 -0.000899112418322 
3373.49619792 -0.00118781066363 
3376.49619792 -0.00218731267502 
3379.49619792 -0.00505989470856 
3382.49619792 -0.0114086674915 
3385.49619792 -0.0179795143025 
3388.49619792 -0.0216416100015 
3391.49619792 -0.0232283563049 
3394.49619792 -0.0213789438426 
3397.49619792 -0.0195214123844 
3400.49619792 -0.0176950850405 
3403.49619792 -0.0164317514883 
3406.49619792 -0.014909386179 
3409.49619792 -0.00995949736973 
3412.49619792 -0.000714635686596 
3415.49619792 0.00622068034987 
3418.49619792 0.00964308332075 
3421.49619792 0.0117469312584 
3424.49619792 0.0150634932472 
3427.49619792 0.0174478796199 
3430.49619792 0.0186902888646 
3433.49619792 0.015180534888 
3436.49619792 0.0117396339632 
3439.49619792 0.0120732148336 
3442.49619792 0.0140255347721 
3445.49619792 0.0146600735119 
3448.49619792 0.012249765387 
3451.49619792 0.00991564521826 
3454.49619792 0.00789030617099 
3457.49619792 0.00655591715818 
3460.49619792 0.005393836284 
3463.49619792 0.00596695374804 
3466.49619792 0.00587709148345 
3469.49619792 0.00523342286196 
3472.49619792 0.004528671731 
3475.49619792 0.000788681066629 
3478.49619792 -0.0039921626876 
3481.49619792 -0.00693796013783 
3484.49619792 -0.00544694994877 
3487.49619792 -0.00390474558105 
3490.49619792 -0.00123120046596 
3493.49619792 0.00043787607072 
3496.49619792 -0.000295271726599 
3499.49619792 -0.00278881984277 
3502.49619792 -0.00424561434449 
3505.49619792 -0.00310987462049 
3508.49619792 -0.00191904177059 
3511.49619792 8.52981340104e-05 
3514.49619792 0.00195002051544 
3517.49619792 0.00311779616896 
3520.49619792 0.0016198711858 
3523.49619792 -0.000566221118315 
3526.49619792 -0.00559241206423 
3529.49619792 -0.0114878755683 
3532.49619792 -0.0136233732304 
3535.49619792 -0.00985477896083 
3538.49619792 -0.00385464348939 
3541.49619792 0.00251304294138 
3544.49619792 0.00603103614902 
3547.49619792 0.00724559646264 
3550.49619792 0.00601124410192 
3553.49619792 0.00490585032202 
3556.49619792 0.00115905249096 
3559.49619792 -0.00666532587139 
3562.49619792 -0.0148083147082 
3565.49619792 -0.0194027478563 
3568.49619792 -0.0164007525143 
3571.49619792 -0.0113828277953 
3574.49619792 -0.00438865181593 
3577.49619792 0.00232809189401 
3580.49619792 0.00866148656459 
3583.49619792 0.0135133154761 
3586.49619792 0.0172382946452 
3589.49619792 0.0180232923756 
3592.49619792 0.0146111281834 
3595.49619792 0.00685588636544 
3598.49619792 0.000809485352746 
3601.49619792 -0.00402888763931 
3604.49619792 -0.00610774835255 
3607.49619792 -0.00691998415194 
3610.49619792 -0.00750734347914 
3613.49619792 -0.0047461144327 
3616.49619792 -0.00231627225306 
3619.49619792 0.000624547055415 
3622.49619792 0.00292787474382 
3625.49619792 0.00754241847627 
3628.49619792 0.0106774826123 
3631.49619792 0.0139961187972 
3634.49619792 0.013575763593 
3637.49619792 0.0143186642608 
3640.49619792 0.0184271531625 
3643.49619792 0.0235668468658 
3646.49619792 0.0312793368819 
3649.49619792 0.0357111257075 
3652.49619792 0.0367912028989 
3655.49619792 0.031792689008 
3658.49619792 0.0229394344709 
3661.49619792 0.0161297918506 
3664.49619792 0.0113036265565 
3667.49619792 0.00851219972279 
3670.49619792 0.00614864876348 
3673.49619792 3.63459096541e-05 
3676.49619792 -0.00820622047548 
3679.49619792 -0.0157241360863 
3682.49619792 -0.0201072451261 
3685.49619792 -0.0205507720634 
3688.49619792 -0.0202423345518 
3691.49619792 -0.0187941844331 
3694.49619792 -0.019003164244 
3697.49619792 -0.0195685878083 
3700.49619792 -0.0200536716053 
3703.49619792 -0.0196660522293 
3706.49619792 -0.0198473688749 
3709.49619792 -0.0173437128103 
3712.49619792 -0.0142971496053 
3715.49619792 -0.0101330847859 
3718.49619792 -0.00534470917846 
3721.49619792 -9.12386186806e-05 
3724.49619792 0.00095919330193 
3727.49619792 -0.00261900900199 
3730.49619792 -0.00911277236264 
3733.49619792 -0.0160716060927 
3736.49619792 -0.0222363275962 
3739.49619792 -0.0235786492692 
3742.49619792 -0.02321545982 
3745.49619792 -0.0221302130938 
3748.49619792 -0.0195889217676 
3751.49619792 -0.0140939912194 
3754.49619792 -0.00796416236611 
3757.49619792 -0.00320325931445 
3760.49619792 0.000304204285373 
3763.49619792 0.00314251443168 
3766.49619792 0.00559047690769 
3769.49619792 0.00665471954966 
3772.49619792 0.00653134420315 
3775.49619792 0.00688032540947 
3778.49619792 0.00977935230299 
3781.49619792 0.0127706096915 
3784.49619792 0.0173639145682 
3787.49619792 0.0228715467179 
3790.49619792 0.0296387777274 
3793.49619792 0.0350964798754 
3796.49619792 0.037661738423 
3799.49619792 0.0368295755259 
3802.49619792 0.0321291874289 
3805.49619792 0.0265865913997 
3808.49619792 0.0211931505805 
3811.49619792 0.0164512671658 
3814.49619792 0.0127581987053 
3817.49619792 0.0105822200301 
3820.49619792 0.00156191193693 
3823.49619792 -0.00803743903997 
3826.49619792 -0.0113952786699 
3829.49619792 -0.00929062498687 
3832.49619792 -0.00277761633492 
3835.49619792 0.0027844463662 
3838.49619792 0.00846753954659 
3841.49619792 0.00977568257151 
3844.49619792 0.00947687924478 
3847.49619792 0.00911638795988 
3850.49619792 0.00888589748233 
3853.49619792 0.00890664969986 
3856.49619792 0.00414462179572 
3859.49619792 -0.00613439892264 
3862.49619792 -0.0162868631957 
3865.49619792 -0.0213715337203 
3868.49619792 -0.0265969053965 
3871.49619792 -0.0269427217443 
3874.49619792 -0.0235274075094 
3877.49619792 -0.0182672360659 
3880.49619792 -0.0126055128032 
3883.49619792 -0.00484406834123 
3886.49619792 0.00569674697478 
3889.49619792 0.0168798929419 
3892.49619792 0.0230863308587 
3895.49619792 0.0253068169946 
3898.49619792 0.0224799293861 
3901.49619792 0.0186904119488 
3904.49619792 0.0146835278827 
3907.49619792 0.01232630778 
3910.49619792 0.0104871739849 
3913.49619792 0.0106585470258 
3916.49619792 0.00869266959495 
3919.49619792 0.0023886824942 
3922.49619792 -0.00530198472864 
3925.49619792 -0.00767828857466 
3928.49619792 -0.00755006166079 
3931.49619792 -0.00936486581999 
3934.49619792 -0.0109838949335 
3937.49619792 -0.00984977923661 
3940.49619792 -0.010194250776 
3943.49619792 -0.00823573275232 
3946.49619792 -0.00387705164475 
3949.49619792 0.0035478770163 
3952.49619792 0.0132420277276 
3955.49619792 0.0189657819887 
3958.49619792 0.0197209956313 
3961.49619792 0.0182441577857 
3964.49619792 0.0136274190523 
3967.49619792 0.00398371062361 
3970.49619792 -0.00441754297362 
3973.49619792 -0.00979041962049 
3976.49619792 -0.00874192263383 
3979.49619792 -0.0048495923128 
3982.49619792 0.00132996980706 
3985.49619792 0.00747926604451 
3988.49619792 0.0129648763864 
3991.49619792 0.0158735386044 
3994.49619792 0.0174752248177 
3997.49619792 0.017119640374 
4000.49619792 0.0156964364517 
4003.49619792 0.0126890390826 
4006.49619792 0.00870525836945 
4009.49619792 0.00555704018354 
4012.49619792 0.00517845096825 
4015.49619792 0.00579982995987 
4018.49619792 0.0102221350369 
4021.49619792 0.0172654119094 
4024.49619792 0.0182440586345 
4027.49619792 0.0148807668321 
4030.49619792 0.0095544006127 
4033.49619792 0.00427437501017 
4036.49619792 -0.000695170510567 
4039.49619792 -0.00457291165456 
4042.49619792 -0.0109746784371 
4045.49619792 -0.0139818729452 
4048.49619792 -0.0130935631564 
4051.49619792 -0.00911166460519 
4054.49619792 -0.00180343041342 
4057.49619792 0.0050654984569 
4060.49619792 0.0100448254645 
4063.49619792 0.0150234088387 
4066.49619792 0.0232876213285 
4069.49619792 0.0286012739798 
4072.49619792 0.0297482747649 
4075.49619792 0.0235159834758 
4078.49619792 0.0132858377114 
4081.49619792 0.00262704879102 
4084.49619792 -0.00201285583453 
4087.49619792 -0.00418736505007 
4090.49619792 -0.00456821508207 
4093.49619792 -0.0050074033026 
4096.49619792 -0.00516447293827 
4099.49619792 -0.00715892925773 
4102.49619792 -0.00678748576181 
4105.49619792 -0.00570084864049 
4108.49619792 -0.00476979759182 
4111.49619792 -0.0061782242919 
4114.49619792 -0.00634675044175 
4117.49619792 -0.00609605079855 
4120.49619792 -0.00690122407435 
4123.49619792 -0.00632010500016 
4126.49619792 -0.00485239475681 
4129.49619792 -0.000797648759235 
4132.49619792 0.00249530941989 
4135.49619792 0.00377362391005 
4138.49619792 0.00361374242812 
4141.49619792 0.00136383618611 
4144.49619792 -0.00121555538638 
4147.49619792 -0.00394707684535 
4150.49619792 -0.00365918527142 
4153.49619792 0.00259391835269 
4156.49619792 0.0126499119954 
4159.49619792 0.0243018211416 
4162.49619792 0.0325117033709 
4165.49619792 0.0374800456869 
4168.49619792 0.0406065452167 
4171.49619792 0.0415880183189 
4174.49619792 0.0353687716716 
4177.49619792 0.0211624114509 
4180.49619792 0.0011817181401 
4183.49619792 -0.0225293750289 
4186.49619792 -0.0405469223373 
4189.49619792 -0.0492947780835 
4192.49619792 -0.0526875063748 
4195.49619792 -0.0485296550262 
4198.49619792 -0.0334739821819 
4201.49619792 -0.0108057830347 
4204.49619792 0.0126828324498 
4207.49619792 0.0290428064977 
4210.49619792 0.0329044740469 
4213.49619792 0.0224763872974 
4216.49619792 0.00799481659045 
4219.49619792 -0.00708437672537 
4222.49619792 -0.0170036392504 
4225.49619792 -0.0216626915831 
4228.49619792 -0.0211792033216 
4231.49619792 -0.0149135436884 
4234.49619792 -0.00418965692274 
4237.49619792 0.0150274409847 
4240.49619792 0.040342958206 
4243.49619792 0.0589092192641 
4246.49619792 0.0619408778889 
4249.49619792 0.0560186105294 
4252.49619792 0.0435490088527 
4255.49619792 0.0287183019445 
4258.49619792 0.0157715918685 
4261.49619792 0.00561864323643 
4264.49619792 0.00280949969137 
4267.49619792 0.00144786149776 
4270.49619792 -0.00308349500651 
4273.49619792 -0.0084661183804 
4276.49619792 -0.012154361486 
4279.49619792 -0.0120461078265 
4282.49619792 -0.0107745595462 
4285.49619792 -0.00872017776533 
4288.49619792 -0.00654819362706 
4291.49619792 -0.00398619424545 
4294.49619792 -0.00235897348214 
4297.49619792 0.000210622802776 
4300.49619792 -0.000239819427151 
4303.49619792 0.00240129249502 
4306.49619792 0.00427491920172 
4309.49619792 0.00716781126154 
4312.49619792 0.0105230746716 
4315.49619792 0.017033375472 
4318.49619792 0.0186940645852 
4321.49619792 0.01439583803 
4324.49619792 0.00660836639641 
4327.49619792 0.00359801443767 
4330.49619792 -0.00135419473593 
4333.49619792 -0.00494544695258 
4336.49619792 -0.0068434189656 
4339.49619792 -0.00677162727936 
4342.49619792 -0.00379805469148 
4345.49619792 -0.00223611155614 
4348.49619792 -0.00133724445139 
4351.49619792 -0.000621844973437 
4354.49619792 0.000654605090846 
4357.49619792 0.00496123192643 
4360.49619792 0.0120164103535 
4363.49619792 0.0193257450374 
4366.49619792 0.0275990133304 
4369.49619792 0.0380186596974 
4372.49619792 0.0475860417003 
4375.49619792 0.0550796424909 
4378.49619792 0.0598090191872 
4381.49619792 0.0575447173693 
4384.49619792 0.0424843901202 
4387.49619792 0.0139609737104 
4390.49619792 -0.0197508458198 
4393.49619792 -0.0493941525884 
4396.49619792 -0.0656975250171 
4399.49619792 -0.0686312405603 
4402.49619792 -0.0606341571698 
4405.49619792 -0.0429769638164 
4408.49619792 -0.0169739600121 
4411.49619792 0.0109697094839 
4414.49619792 0.0365842893064 
4417.49619792 0.0571471646457 
4420.49619792 0.0671678701733 
4423.49619792 0.0660412854036 
4426.49619792 0.058648659212 
4429.49619792 0.0496046037109 
4432.49619792 0.0345758110798 
4435.49619792 0.0196848613126 
4438.49619792 0.0079681215733 
4441.49619792 -0.0041739189602 
4444.49619792 -0.0160863294656 
4447.49619792 -0.0279413833217 
4450.49619792 -0.0343047204938 
4453.49619792 -0.0395165893817 
4456.49619792 -0.0407266434474 
4459.49619792 -0.0414744800181 
4462.49619792 -0.0327953713346 
4465.49619792 -0.0196096500521 
4468.49619792 -0.00209363879027 
4471.49619792 0.0148320961637 
4474.49619792 0.0271389931155 
4477.49619792 0.0317182732358 
4480.49619792 0.0321052863083 
4483.49619792 0.0366141736849 
4486.49619792 0.0410440638234 
4489.49619792 0.0430392991061 
4492.49619792 0.0421225637141 
4495.49619792 0.0409172461092 
4498.49619792 0.0405046862352 
4501.49619792 0.0364554201896 
4504.49619792 0.0319511598656 
4507.49619792 0.0282543316398 
4510.49619792 0.0214798135922 
4513.49619792 0.0112811340657 
4516.49619792 0.000946851051902 
4519.49619792 -0.00238705661511 
4522.49619792 -0.000648493905254 
4525.49619792 0.00301792305924 
4528.49619792 0.00463497883731 
4531.49619792 0.00587876052747 
4534.49619792 0.006952844204 
4537.49619792 0.00885406427128 
4540.49619792 0.0120927065782 
4543.49619792 0.0125494012413 
4546.49619792 0.00912015399331 
4549.49619792 0.000737509467634 
4552.49619792 -0.0060167749115 
4555.49619792 -0.00985451683715 
4558.49619792 -0.00845968381397 
4561.49619792 -0.00786808093237 
4564.49619792 -0.00554765615591 
4567.49619792 0.00148966879963 
4570.49619792 0.0134204553145 
4573.49619792 0.0272193214861 
4576.49619792 0.0375709205467 
4579.49619792 0.0431787352261 
4582.49619792 0.0396854107056 
4585.49619792 0.0337262545671 
4588.49619792 0.0272289516821 
4591.49619792 0.0228393943998 
4594.49619792 0.0212256128884 
4597.49619792 0.0215768859674 
4600.49619792 0.0242604990534 
4603.49619792 0.0285958833494 
4606.49619792 0.0335312573449 
4609.49619792 0.0340862620629 
4612.49619792 0.0278644215308 
4615.49619792 0.0177499452467 
4618.49619792 0.0024528898313 
4621.49619792 -0.0154521782129 
4624.49619792 -0.0314033122637 
4627.49619792 -0.0409217500778 
4630.49619792 -0.0392572647299 
4633.49619792 -0.0330720212218 
4636.49619792 -0.0191488457455 
4639.49619792 -0.0069711045371 
4642.49619792 -0.00172906193747 
4645.49619792 0.00319471921109 
4648.49619792 0.00912126459993 
4651.49619792 0.0140887168352 
4654.49619792 0.0127208529193 
4657.49619792 0.0056444339269 
4660.49619792 -0.00657523339383 
4663.49619792 -0.0185948063265 
4666.49619792 -0.0212863663187 
4669.49619792 -0.0171800188535 
4672.49619792 -0.00903095387592 
4675.49619792 0.00398845591691 
4678.49619792 0.0227932537947 
4681.49619792 0.0441931948835 
4684.49619792 0.064379831573 
4687.49619792 0.0769293239878 
4690.49619792 0.0838343727885 
4693.49619792 0.0872786414327 
4696.49619792 0.0838071483955 
4699.49619792 0.0686515995923 
4702.49619792 0.0411056286974 
4705.49619792 0.00847613720319 
4708.49619792 -0.0230129385086 
4711.49619792 -0.049594770654 
4714.49619792 -0.0708077651365 
4717.49619792 -0.0835419886427 
4720.49619792 -0.0877494246736 
4723.49619792 -0.0781538199284 
4726.49619792 -0.0518788571112 
4729.49619792 -0.0134568574552 
4732.49619792 0.0305444173102 
4735.49619792 0.0680070671023 
4738.49619792 0.0935631728309 
4741.49619792 0.104421411372 
4744.49619792 0.101458575028 
4747.49619792 0.0833426470054 
4750.49619792 0.0627070220889 
4753.49619792 0.0449368055646 
4756.49619792 0.0340562728349 
4759.49619792 0.0254239543674 
4762.49619792 0.0230934948128 
4765.49619792 0.0258079701126 
4768.49619792 0.0273320665779 
4771.49619792 0.0220988927334 
4774.49619792 0.0106067821583 
4777.49619792 -0.00380080015208 
4780.49619792 -0.0119904293385 
4783.49619792 -0.0169897284608 
4786.49619792 -0.0200191806881 
4789.49619792 -0.0222446585704 
4792.49619792 -0.019361086147 
4795.49619792 -0.011338092401 
4798.49619792 -0.00621344345705 
4801.49619792 -0.00495375057479 
4804.49619792 -0.00506407900021 
4807.49619792 0.000538048378938 
4810.49619792 0.00963092420115 
4813.49619792 0.0145964937046 
4816.49619792 0.0212270921776 
4819.49619792 0.0283391252303 
4822.49619792 0.0328083088475 
4825.49619792 0.0312301032174 
4828.49619792 0.0200096165929 
4831.49619792 0.00159190315931 
4834.49619792 -0.021228368606 
4837.49619792 -0.043683594545 
4840.49619792 -0.0548514262212 
4843.49619792 -0.0496011391197 
4846.49619792 -0.0288983421617 
4849.49619792 0.00270640075093 
4852.49619792 0.0332940308587 
4855.49619792 0.0650825509606 
4858.49619792 0.085716521079 
4861.49619792 0.0848987316766 
4864.49619792 0.0571518372851 
4867.49619792 0.00807106893787 
4870.49619792 -0.0410915743097 
4873.49619792 -0.0700102435927 
4876.49619792 -0.0778494100042 
4879.49619792 -0.0649051319801 
4882.49619792 -0.0345275917199 
4885.49619792 0.00307381608974 
4888.49619792 0.0394746404761 
4891.49619792 0.0604932394812 
4894.49619792 0.0604850293118 
4897.49619792 0.0481232448016 
4900.49619792 0.0297947732258 
4903.49619792 0.0205783702675 
4906.49619792 0.020553074193 
4909.49619792 0.023788295786 
4912.49619792 0.0286575188828 
4915.49619792 0.0258605316082 
4918.49619792 0.0172431917993 
4921.49619792 0.00428068250361 
4924.49619792 -0.00259841719275 
4927.49619792 -0.00286629505413 
4930.49619792 0.0039059470762 
4933.49619792 0.0146800792468 
4936.49619792 0.0251043298732 
4939.49619792 0.0311217686414 
4942.49619792 0.0308699771961 
4945.49619792 0.0217250998116 
4948.49619792 0.0128906349835 
4951.49619792 0.00430134012868 
4954.49619792 0.0015565073456 
4957.49619792 0.00121833532194 
4960.49619792 0.00134030132631 
4963.49619792 0.000167753900015 
4966.49619792 -0.000693651831515 
4969.49619792 -0.00263414351024 
4972.49619792 -0.00426260651184 
4975.49619792 -0.00286760852168 
4978.49619792 0.00973121499924 
4981.49619792 0.0271281571507 
4984.49619792 0.0497651692786 
4987.49619792 0.0717018439255 
4990.49619792 0.0793229279965 
4993.49619792 0.0756049475296 
4996.49619792 0.0605071160807 
4999.49619792 0.0340466722704 
5002.49619792 0.00674660130623 
5005.49619792 -0.0235979894379 
5008.49619792 -0.0508960528766 
5011.49619792 -0.0728050974085 
5014.49619792 -0.0863268544068 
5017.49619792 -0.0962702676397 
5020.49619792 -0.103680262374 
5023.49619792 -0.103908369236 
5026.49619792 -0.0948507425662 
5029.49619792 -0.0784056410051 
5032.49619792 -0.047297062883 
5035.49619792 -0.00364726576705 
5038.49619792 0.0481165435528 
5041.49619792 0.0909731720875 
5044.49619792 0.119059847144 
5047.49619792 0.130984049226 
5050.49619792 0.130716847188 
5053.49619792 0.116077043814 
5056.49619792 0.0977551367269 
5059.49619792 0.0749914276896 
5062.49619792 0.0495921813279 
5065.49619792 0.024855114078 
5068.49619792 -0.000875904856973 
5071.49619792 -0.0242050200074 
5074.49619792 -0.0438306937938 
5077.49619792 -0.0563171716767 
5080.49619792 -0.0627207345762 
5083.49619792 -0.0602670563794 
5086.49619792 -0.0540690713813 
5089.49619792 -0.0307554610601 
5092.49619792 0.000547274740602 
5095.49619792 0.0330922959184 
5098.49619792 0.0547380110046 
5101.49619792 0.0612596936709 
5104.49619792 0.0563638616018 
5107.49619792 0.0447846826586 
5110.49619792 0.0243820150313 
5113.49619792 0.00016454304524 
5116.49619792 -0.0172915741317 
5119.49619792 -0.0244648939793 
5122.49619792 -0.0188651059827 
5125.49619792 -0.00539674699648 
5128.49619792 0.00909117907001 
5131.49619792 0.0256272757259 
5134.49619792 0.0514228029415 
5137.49619792 0.0754678408913 
5140.49619792 0.0952635850779 
5143.49619792 0.106842075662 
5146.49619792 0.105988619204 
5149.49619792 0.0867742881264 
5152.49619792 0.0387402656657 
5155.49619792 -0.0338187181243 
5158.49619792 -0.108817913792 
5161.49619792 -0.164720123174 
5164.49619792 -0.182508045583 
5167.49619792 -0.152543242985 
5170.49619792 -0.0875938736458 
5173.49619792 -0.00636274454471 
5176.49619792 0.0662928420773 
5179.49619792 0.107611278731 
5182.49619792 0.108886211826 
5185.49619792 0.0840696002967 
5188.49619792 0.0469276827562 
5191.49619792 0.00925898153057 
5194.49619792 -0.00443622583869 
5197.49619792 0.00766843101491 
5200.49619792 0.0349842955004 
5203.49619792 0.0633016735828 
5206.49619792 0.0754591885306 
5209.49619792 0.0613257442788 
5212.49619792 0.0358973839543 
5215.49619792 0.00643544568614 
5218.49619792 -0.0212414816278 
5221.49619792 -0.0451538348517 
5224.49619792 -0.0571686086418 
5227.49619792 -0.0583454345426 
5230.49619792 -0.0454685337001 
5233.49619792 -0.0239797418022 
5236.49619792 0.0016470554055 
5239.49619792 0.0279005239388 
5242.49619792 0.04334041311 
5245.49619792 0.0485128927869 
5248.49619792 0.0448869291273 
5251.49619792 0.0378137245689 
5254.49619792 0.0369571590971 
5257.49619792 0.043624842372 
5260.49619792 0.0560843739409 
5263.49619792 0.0701639301234 
5266.49619792 0.0772137851606 
5269.49619792 0.0743709421978 
5272.49619792 0.0628035884514 
5275.49619792 0.0472207096749 
5278.49619792 0.0240473560348 
5281.49619792 -0.00153665988213 
5284.49619792 -0.028569680099 
5287.49619792 -0.0650379808182 
5290.49619792 -0.106677945212 
5293.49619792 -0.14639099515 
5296.49619792 -0.168541439633 
5299.49619792 -0.161975145796 
5302.49619792 -0.13436704931 
5305.49619792 -0.111159348351 
5308.49619792 -0.0952283465384 
5311.49619792 -0.0774847070756 
5314.49619792 -0.0441698225689 
5317.49619792 0.00156491496253 
5320.49619792 0.0584963174897 
5323.49619792 0.125977824341 
5326.49619792 0.193968895061 
5329.49619792 0.242137161313 
5332.49619792 0.246261538329 
5335.49619792 0.208744847752 
5338.49619792 0.146209404984 
5341.49619792 0.0828683991733 
5344.49619792 0.0259155798597 
5347.49619792 -0.0182767192447 
5350.49619792 -0.043692256023 
5353.49619792 -0.0503636409402 
5356.49619792 -0.0422884902808 
5359.49619792 -0.0273681849412 
5362.49619792 -0.0134625124886 
5365.49619792 0.000726313011482 
5368.49619792 0.00223216018417 
5371.49619792 -0.0020345667979 
5374.49619792 -0.0168344532327 
5377.49619792 -0.0417153238111 
5380.49619792 -0.0682247573969 
5383.49619792 -0.0841919003664 
5386.49619792 -0.0820848818719 
5389.49619792 -0.0607399183751 
5392.49619792 -0.0162179417638 
5395.49619792 0.043365394636 
5398.49619792 0.113096993922 
5401.49619792 0.177615477524 
5404.49619792 0.223272334549 
5407.49619792 0.233017481992 
5410.49619792 0.204910858183 
5413.49619792 0.136385893958 
5416.49619792 0.04856560016 
5419.49619792 -0.0452869617688 
5422.49619792 -0.122493266148 
5425.49619792 -0.181098084605 
5428.49619792 -0.222681840565 
5431.49619792 -0.255757362847 
5434.49619792 -0.277044741191 
5437.49619792 -0.266472996991 
5440.49619792 -0.207870895502 
5443.49619792 -0.111192179911 
5446.49619792 0.009522449446 
5449.49619792 0.118627621157 
5452.49619792 0.194767136875 
5455.49619792 0.231707538291 
5458.49619792 0.222036150172 
5461.49619792 0.18640193611 
5464.49619792 0.141055898502 
5467.49619792 0.0913866528134 
5470.49619792 0.0390847007358 
5473.49619792 -0.012809873539 
5476.49619792 -0.0552555343161 
5479.49619792 -0.0810543209827 
5482.49619792 -0.0831887553344 
5485.49619792 -0.0607496967279 
5488.49619792 -0.0331775636108 
5491.49619792 -0.00501719989011 
5494.49619792 0.0124043340209 
5497.49619792 0.0288087642444 
5500.49619792 0.0474970746451 
5503.49619792 0.0571254471292 
5506.49619792 0.0615225057073 
5509.49619792 0.0523210301226 
5512.49619792 0.0338552490475 
5515.49619792 -0.00103547777375 
5518.49619792 -0.0304897360318 
5521.49619792 -0.0435170024121 
5524.49619792 -0.02689513604 
5527.49619792 0.0164453841988 
5530.49619792 0.0638869980325 
5533.49619792 0.0978166970423 
5536.49619792 0.108845284063 
5539.49619792 0.079719341052 
5542.49619792 0.0248990779169 
5545.49619792 -0.0428186411156 
5548.49619792 -0.110203267056 
5551.49619792 -0.171136582559 
5554.49619792 -0.214829435768 
5557.49619792 -0.224505801958 
5560.49619792 -0.186658097043 
5563.49619792 -0.0966839033605 
5566.49619792 0.004665075479 
5569.49619792 0.0805319426848 
5572.49619792 0.114873709232 
5575.49619792 0.117918674622 
5578.49619792 0.100969994729 
5581.49619792 0.0828670862756 
5584.49619792 0.0700441874692 
5587.49619792 0.0697608933166 
5590.49619792 0.0737355452879 
5593.49619792 0.0772236683629 
5596.49619792 0.0879139471692 
5599.49619792 0.0914217181233 
5602.49619792 0.0796225695492 
5605.49619792 0.0472853607703 
5608.49619792 -0.00811073166918 
5611.49619792 -0.0708002342093 
5614.49619792 -0.114746513148 
5617.49619792 -0.124960985056 
5620.49619792 -0.0899218145338 
5623.49619792 -0.0247614014445 
5626.49619792 0.0391636341525 
5629.49619792 0.0756579740098 
5632.49619792 0.0866086168453 
5635.49619792 0.094337016629 
5638.49619792 0.123138755959 
5641.49619792 0.178268315915 
5644.49619792 0.215981120589 
5647.49619792 0.202698935514 
5650.49619792 0.116039835928 
5653.49619792 -0.0135876298179 
5656.49619792 -0.134095671528 
5659.49619792 -0.196509552731 
5662.49619792 -0.176254804914 
5665.49619792 -0.0948872392994 
5668.49619792 -0.00321585549679 
5671.49619792 0.0309859840182 
5674.49619792 -0.0120387752015 
5677.49619792 -0.100729315048 
5680.49619792 -0.186550877062 
5683.49619792 -0.231657575239 
5686.49619792 -0.190274856742 
5689.49619792 -0.0741046199835 
5692.49619792 0.0764620554835 
5695.49619792 0.198573829111 
5698.49619792 0.256467403463 
5701.49619792 0.248712973658 
5704.49619792 0.191014692843 
5707.49619792 0.104299466879 
5710.49619792 0.0205406654861 
5713.49619792 -0.0475301842845 
5716.49619792 -0.0876921677453 
5719.49619792 -0.0948747211843 
5722.49619792 -0.0752329461661 
5725.49619792 -0.0245429726449 
5728.49619792 0.0270845466089 
5731.49619792 0.0671274210709 
5734.49619792 0.076107404428 
5737.49619792 0.0431468381936 
5740.49619792 -0.00963174704156 
5743.49619792 -0.0674035079621 
5746.49619792 -0.106932601783 
5749.49619792 -0.109548058154 
5752.49619792 -0.0917699368916 
5755.49619792 -0.0566668856896 
5758.49619792 -0.0113849783491 
5761.49619792 0.0325559566855 
5764.49619792 0.0850610751267 
5767.49619792 0.135037785051 
5770.49619792 0.159256864004 
5773.49619792 0.143675494148 
5776.49619792 0.0751541449509 
5779.49619792 -0.0371793054942 
5782.49619792 -0.154931613638 
5785.49619792 -0.246263343563 
5788.49619792 -0.287903134727 
5791.49619792 -0.257385100735 
5794.49619792 -0.17041583818 
5797.49619792 -0.0721936016192 
5800.49619792 0.0311232410927 
5803.49619792 0.108875781583 
5806.49619792 0.164325013899 
5809.49619792 0.16439510805 
5812.49619792 0.14277907676 
5815.49619792 0.109199976146 
5818.49619792 0.0735807920277 
5821.49619792 0.0411313897565 
5824.49619792 0.0249856949764 
5827.49619792 0.00490497505688 
5830.49619792 -0.0165210034606 
5833.49619792 -0.0639192688761 
5836.49619792 -0.115485492218 
5839.49619792 -0.131794134472 
5842.49619792 -0.105724507946 
5845.49619792 -0.0532262275141 
5848.49619792 -0.00951196107992 
5851.49619792 0.0481500953835 
5854.49619792 0.0759516163492 
5857.49619792 0.0885884483731 
5860.49619792 0.0698155791536 
5863.49619792 0.0570015743175 
5866.49619792 0.044196600212 
5869.49619792 0.0235892436245 
5872.49619792 0.00582753814201 
5875.49619792 -0.0236106192405 
5878.49619792 -0.030721296088 
5881.49619792 -0.0289668498942 
5884.49619792 -0.0323246861051 
5887.49619792 -0.0677225101974 
5890.49619792 -0.12433038387 
5893.49619792 -0.163328123366 
5896.49619792 -0.181428880126 
5899.49619792 -0.186768854553 
5902.49619792 -0.200191118521 
5905.49619792 -0.247985464209 
5908.49619792 -0.266125699074 
5911.49619792 -0.226868817273 
5914.49619792 -0.112012595109 
5917.49619792 0.00355974723003 
5920.49619792 0.145990342529 
5923.49619792 0.223804969861 
5926.49619792 0.219354884802 
5929.49619792 0.176133598926 
5932.49619792 0.0920094313175 
5935.49619792 0.0317288037696 
5938.49619792 -0.0233099291931 
5941.49619792 -0.0405420491162 
5944.49619792 -0.0372405672165 
5947.49619792 -0.00668946518269 
5950.49619792 -0.0260173818577 
5953.49619792 -0.0725735213971 
5956.49619792 -0.124035720388 
5959.49619792 -0.227298098358 
5962.49619792 -0.256491983826 
5965.49619792 -0.232977292734 
5968.49619792 -0.222535343061 
5971.49619792 -0.204741840837 
5974.49619792 -0.171930794506 
5977.49619792 -0.115592502499 
5980.49619792 -0.0665415313458 
5983.49619792 -0.0110986401428 
5986.49619792 -0.072883032476 
5989.49619792 -0.217753714859 
5992.49619792 -0.372553582857 
5995.49619792 -0.630557496051 
5998.49619792 -0.871524044934 
