1.49619792281 nan 
4.49619792281 nan 
7.49619792281 nan 
10.4961979228 nan 
13.4961979228 nan 
16.4961979228 nan 
19.4961979228 nan 
22.4961979228 nan 
25.4961979228 nan 
28.4961979228 nan 
31.4961979228 nan 
34.4961979228 nan 
37.4961979228 nan 
40.4961979228 nan 
43.4961979228 nan 
46.4961979228 nan 
49.4961979228 nan 
52.4961979228 nan 
55.4961979228 nan 
58.4961979228 nan 
61.4961979228 nan 
64.4961979228 nan 
67.4961979228 nan 
70.4961979228 nan 
73.4961979228 nan 
76.4961979228 nan 
79.4961979228 nan 
82.4961979228 nan 
85.4961979228 nan 
88.4961979228 nan 
91.4961979228 nan 
94.4961979228 nan 
97.4961979228 nan 
100.496197923 nan 
103.496197923 nan 
106.496197923 nan 
109.496197923 nan 
112.496197923 nan 
115.496197923 nan 
118.496197923 nan 
121.496197923 nan 
124.496197923 nan 
127.496197923 nan 
130.496197923 nan 
133.496197923 nan 
136.496197923 nan 
139.496197923 nan 
142.496197923 nan 
145.496197923 nan 
148.496197923 nan 
151.496197923 nan 
154.496197923 nan 
157.496197923 nan 
160.496197923 nan 
163.496197923 nan 
166.496197923 nan 
169.496197923 nan 
172.496197923 nan 
175.496197923 nan 
178.496197923 nan 
181.496197923 nan 
184.496197923 nan 
187.496197923 nan 
190.496197923 nan 
193.496197923 nan 
196.496197923 nan 
199.496197923 nan 
202.496197923 nan 
205.496197923 nan 
208.496197923 nan 
211.496197923 nan 
214.496197923 nan 
217.496197923 nan 
220.496197923 nan 
223.496197923 nan 
226.496197923 nan 
229.496197923 nan 
232.496197923 nan 
235.496197923 nan 
238.496197923 nan 
241.496197923 nan 
244.496197923 nan 
247.496197923 nan 
250.496197923 nan 
253.496197923 nan 
256.496197923 nan 
259.496197923 nan 
262.496197923 nan 
265.496197923 nan 
268.496197923 nan 
271.496197923 nan 
274.496197923 nan 
277.496197923 nan 
280.496197923 nan 
283.496197923 nan 
286.496197923 nan 
289.496197923 nan 
292.496197923 nan 
295.496197923 nan 
298.496197923 nan 
301.496197923 nan 
304.496197923 nan 
307.496197923 nan 
310.496197923 nan 
313.496197923 nan 
316.496197923 nan 
319.496197923 -0.907174852241 
322.496197923 -0.977580680309 
325.496197923 -0.906494234372 
328.496197923 -0.748043860448 
331.496197923 -0.594824935329 
334.496197923 -0.537112304594 
337.496197923 -0.48792036067 
340.496197923 -0.415009766562 
343.496197923 -0.367971806445 
346.496197923 -0.328503806726 
349.496197923 -0.297545379671 
352.496197923 -0.24211012357 
355.496197923 -0.202898353444 
358.496197923 -0.15067945255 
361.496197923 -0.106813931197 
364.496197923 -0.104147607218 
367.496197923 -0.139732604362 
370.496197923 -0.0999289006639 
373.496197923 -0.098742360264 
376.496197923 -0.0911901971481 
379.496197923 -0.10031033377 
382.496197923 -0.103398281221 
385.496197923 -0.117573807218 
388.496197923 -0.0978121043877 
391.496197923 -0.0710879290437 
394.496197923 -0.0656460118154 
397.496197923 -0.07089506107 
400.496197923 -0.0922159944007 
403.496197923 -0.0995839959293 
406.496197923 -0.104542388286 
409.496197923 -0.109906199798 
412.496197923 -0.114560417929 
415.496197923 -0.097754272376 
418.496197923 -0.0723793077025 
421.496197923 -0.0708231578533 
424.496197923 -0.0538620322133 
427.496197923 -0.0386542409696 
430.496197923 -0.0327506655407 
433.496197923 -0.0382076358456 
436.496197923 -0.0569547906059 
439.496197923 -0.0598189354034 
442.496197923 -0.0365985267231 
445.496197923 -0.00981709727562 
448.496197923 -0.0019499689292 
451.496197923 -0.00355927845996 
454.496197923 -0.0134043356181 
457.496197923 -0.0201511465451 
460.496197923 -0.00932690528964 
463.496197923 -0.0115252369663 
466.496197923 -0.0130731198682 
469.496197923 -0.0219439091535 
472.496197923 -0.0354305938211 
475.496197923 -0.0300858338231 
478.496197923 -0.0236562727234 
481.496197923 -0.0160471347308 
484.496197923 -0.00592271620428 
487.496197923 0.000805642859565 
490.496197923 0.00164589669501 
493.496197923 -0.00306061554221 
496.496197923 -0.00486602375349 
499.496197923 -0.00543798688072 
502.496197923 -0.0102127137358 
505.496197923 -0.0216747000864 
508.496197923 -0.0182154998677 
511.496197923 -0.0118832882528 
514.496197923 -0.00944643729225 
517.496197923 -0.00355740226115 
520.496197923 -0.0085325756972 
523.496197923 -0.0165994341044 
526.496197923 -0.0212083041834 
529.496197923 -0.0197012639382 
532.496197923 -0.0137502782986 
535.496197923 -0.0067144108789 
538.496197923 -0.00481939343261 
541.496197923 -0.0119669109889 
544.496197923 -0.0158413055935 
547.496197923 -0.0167771700397 
550.496197923 -0.0118742831852 
553.496197923 -0.00915323016029 
556.496197923 -0.00964573435103 
559.496197923 -0.0115731587117 
562.496197923 -0.00865974467009 
565.496197923 -0.00812019074594 
568.496197923 -0.00266313489916 
571.496197923 -0.0034219116971 
574.496197923 -0.00995643264538 
577.496197923 -0.0188663606167 
580.496197923 -0.0175457409502 
583.496197923 -0.0131067358121 
586.496197923 -0.0190439031531 
589.496197923 -0.020555915697 
592.496197923 -0.0157817993647 
595.496197923 -0.0158329036101 
598.496197923 -0.0170422799644 
601.496197923 -0.0163189323687 
604.496197923 -0.0262230751988 
607.496197923 -0.0249513042194 
610.496197923 -0.0264901442893 
613.496197923 -0.0211114742436 
616.496197923 -0.016758777684 
619.496197923 -0.0154289572621 
622.496197923 -0.0160477973225 
625.496197923 -0.0123186659376 
628.496197923 -0.0186778343924 
631.496197923 -0.0203030917561 
634.496197923 -0.0228834344476 
637.496197923 -0.0160549736829 
640.496197923 -0.00932728979882 
643.496197923 -0.00476214018735 
646.496197923 -0.00960206166103 
649.496197923 -0.0183833987765 
652.496197923 -0.0124184002949 
655.496197923 0.00461216100841 
658.496197923 0.0128975628182 
661.496197923 0.00713861948746 
664.496197923 -0.00439877271812 
667.496197923 -0.0182783716961 
670.496197923 -0.0284828379388 
673.496197923 -0.0337846427684 
676.496197923 -0.0271869275647 
679.496197923 -0.0207150040815 
682.496197923 -0.0138053889923 
685.496197923 -0.0150215079897 
688.496197923 -0.0134450890137 
691.496197923 -0.012337892541 
694.496197923 -0.00891651097444 
697.496197923 -0.00908250049768 
700.496197923 -0.00783230322982 
703.496197923 -0.00343410555891 
706.496197923 -0.00153933215006 
709.496197923 -0.00107714110102 
712.496197923 0.00160021534508 
715.496197923 0.000712523476295 
718.496197923 -0.0115275772082 
721.496197923 -0.0212711210819 
724.496197923 -0.0217558338121 
727.496197923 -0.0178098197952 
730.496197923 -0.0191743421706 
733.496197923 -0.0170776696858 
736.496197923 -0.0151256630582 
739.496197923 -0.0198534654887 
742.496197923 -0.0223853165373 
745.496197923 -0.0190097253222 
748.496197923 -0.00682992098415 
751.496197923 0.00344245032361 
754.496197923 0.0069933745778 
757.496197923 0.00798365851676 
760.496197923 0.011283282276 
763.496197923 0.011747586266 
766.496197923 0.00749336525382 
769.496197923 0.00514136894635 
772.496197923 0.00541773434734 
775.496197923 0.00854240414093 
778.496197923 0.0111600253407 
781.496197923 0.0124821040822 
784.496197923 0.0027357067155 
787.496197923 -0.00932622038266 
790.496197923 -0.0166658408996 
793.496197923 -0.0173072926174 
796.496197923 -0.0184135278173 
799.496197923 -0.0162717567543 
802.496197923 -0.0171510296888 
805.496197923 -0.01690218702 
808.496197923 -0.0217061382893 
811.496197923 -0.0265858618989 
814.496197923 -0.0287091284575 
817.496197923 -0.0328468042795 
820.496197923 -0.0336789805612 
823.496197923 -0.0352164519615 
826.496197923 -0.029326190163 
829.496197923 -0.0257983230132 
832.496197923 -0.024309952062 
835.496197923 -0.0217879082862 
838.496197923 -0.0215162227968 
841.496197923 -0.020118515906 
844.496197923 -0.0239403952538 
847.496197923 -0.0328950670478 
850.496197923 -0.0364252092102 
853.496197923 -0.0328200259616 
856.496197923 -0.0277610180805 
859.496197923 -0.0200109952378 
862.496197923 -0.012230934904 
865.496197923 -0.015368193368 
868.496197923 -0.0186047856588 
871.496197923 -0.0229164564622 
874.496197923 -0.0217178086007 
877.496197923 -0.0264064517465 
880.496197923 -0.0277769477466 
883.496197923 -0.0269636742108 
886.496197923 -0.0229288637495 
889.496197923 -0.0219245189049 
892.496197923 -0.0166250909372 
895.496197923 -0.0121812405256 
898.496197923 -0.00906280412937 
901.496197923 -0.010605338806 
904.496197923 -0.00969277836259 
907.496197923 -0.00979682242698 
910.496197923 -0.00402945336722 
913.496197923 -0.00572845381259 
916.496197923 -0.00263006453483 
919.496197923 -0.000859908076547 
922.496197923 -0.00410657950025 
925.496197923 -0.00582258989935 
928.496197923 -0.0060052855454 
931.496197923 -0.00330942073275 
934.496197923 -0.00691399174207 
937.496197923 -0.00607586243428 
940.496197923 -0.0118211316573 
943.496197923 -0.0183326447091 
946.496197923 -0.0219964038116 
949.496197923 -0.0205046684051 
952.496197923 -0.0148791560539 
955.496197923 -0.0100091882204 
958.496197923 -0.00679944348196 
961.496197923 -0.00887449304717 
964.496197923 -0.00991609694576 
967.496197923 -0.00838352346004 
970.496197923 -0.00704544410145 
973.496197923 -0.00325303921329 
976.496197923 -0.00547422343783 
979.496197923 -0.00574347656336 
982.496197923 -0.00689552957956 
985.496197923 -0.0127488104066 
988.496197923 -0.0166116640139 
991.496197923 -0.0157236492175 
994.496197923 -0.0134924523052 
997.496197923 -0.00876209105779 
1000.49619792 -0.00199220786342 
1003.49619792 0.00639785282486 
1006.49619792 0.0106981737412 
1009.49619792 0.00995747745752 
1012.49619792 0.00806752958167 
1015.49619792 0.00144351841312 
1018.49619792 -0.00490609052555 
1021.49619792 -0.00600160009357 
1024.49619792 -0.00474905628978 
1027.49619792 -0.00509652956852 
1030.49619792 -0.00344379925277 
1033.49619792 -0.00572976411917 
1036.49619792 -0.00635517802774 
1039.49619792 -0.00314720134492 
1042.49619792 -0.00155120372795 
1045.49619792 -0.00126722925076 
1048.49619792 -0.00239982335595 
1051.49619792 -0.00660022595708 
1054.49619792 -0.00488730164468 
1057.49619792 -0.00395120775172 
1060.49619792 -0.00517421529974 
1063.49619792 -0.00923580922858 
1066.49619792 -0.0089039182988 
1069.49619792 -0.00448399414265 
1072.49619792 -0.00364999258668 
1075.49619792 -0.00463995953445 
1078.49619792 -0.00173338140237 
1081.49619792 -0.000719478114434 
1084.49619792 -0.00617637324839 
1087.49619792 -0.00378746520401 
1090.49619792 -0.00920940454832 
1093.49619792 -0.01095462191 
1096.49619792 -0.0134691883555 
1099.49619792 -0.0130620411974 
1102.49619792 -0.0123134624755 
1105.49619792 -0.0127132215644 
1108.49619792 -0.0174974655938 
1111.49619792 -0.0203707562169 
1114.49619792 -0.019856003707 
1117.49619792 -0.0194222727744 
1120.49619792 -0.0154396136594 
1123.49619792 -0.00968508474587 
1126.49619792 -0.00711612684479 
1129.49619792 -0.00365959330027 
1132.49619792 0.00106409317966 
1135.49619792 0.00444423005713 
1138.49619792 0.00646734656511 
1141.49619792 0.00384946988413 
1144.49619792 -0.00204327620414 
1147.49619792 -0.00769606968189 
1150.49619792 -0.0132386556477 
1153.49619792 -0.0170992124993 
1156.49619792 -0.0136891699483 
1159.49619792 -0.00939632807879 
1162.49619792 -0.0120431502332 
1165.49619792 -0.0185689290334 
1168.49619792 -0.0215846310997 
1171.49619792 -0.0167470936401 
1174.49619792 -0.0118554388022 
1177.49619792 -0.00593888275543 
1180.49619792 -0.00270821058992 
1183.49619792 -0.00431880882723 
1186.49619792 -0.0113125072625 
1189.49619792 -0.0168802905955 
1192.49619792 -0.0210018387749 
1195.49619792 -0.0201083836313 
1198.49619792 -0.0191986063019 
1201.49619792 -0.0190022434144 
1204.49619792 -0.0195925622775 
1207.49619792 -0.0156251301838 
1210.49619792 -0.00942302972373 
1213.49619792 -0.00640478200071 
1216.49619792 -0.00253274480361 
1219.49619792 0.00144111422942 
1222.49619792 0.00544389870936 
1225.49619792 0.0037387506946 
1228.49619792 0.0036685874964 
1231.49619792 0.00422241660996 
1234.49619792 0.00910101415695 
1237.49619792 0.0110398891094 
1240.49619792 0.00832713793527 
1243.49619792 0.00699297919708 
1246.49619792 0.00558489341934 
1249.49619792 0.00428127455164 
1252.49619792 0.0079970104836 
1255.49619792 0.0110604019875 
1258.49619792 0.0167719848877 
1261.49619792 0.0230078574986 
1264.49619792 0.0279827471302 
1267.49619792 0.0266123358137 
1270.49619792 0.023806039049 
1273.49619792 0.0212186287126 
1276.49619792 0.0212485883862 
1279.49619792 0.0217867639136 
1282.49619792 0.0214664265692 
1285.49619792 0.0189694044994 
1288.49619792 0.0129938240048 
1291.49619792 0.00676878001922 
1294.49619792 -0.00183979245835 
1297.49619792 -0.00886389787382 
1300.49619792 -0.00944845081577 
1303.49619792 -0.0123963196264 
1306.49619792 -0.0201629427375 
1309.49619792 -0.0266723055133 
1312.49619792 -0.0308529204824 
1315.49619792 -0.0346402054478 
1318.49619792 -0.0305927725572 
1321.49619792 -0.0264857796523 
1324.49619792 -0.0241650012561 
1327.49619792 -0.0244078966206 
1330.49619792 -0.0244755175952 
1333.49619792 -0.0220977082481 
1336.49619792 -0.0205301490045 
1339.49619792 -0.0226992431066 
1342.49619792 -0.0230882817133 
1345.49619792 -0.0159692601781 
1348.49619792 -0.0108340748489 
1351.49619792 -0.0070548004915 
1354.49619792 -0.00940112128326 
1357.49619792 -0.0085484149578 
1360.49619792 -0.00476115946007 
1363.49619792 0.00105788460091 
1366.49619792 0.00302122824135 
1369.49619792 0.00240360321852 
1372.49619792 0.000729953557799 
1375.49619792 0.0020879197512 
1378.49619792 0.00365812678684 
1381.49619792 0.00559697913794 
1384.49619792 0.00682838237525 
1387.49619792 0.00649242320101 
1390.49619792 0.00149803903976 
1393.49619792 -0.00511869892594 
1396.49619792 -0.0114023416528 
1399.49619792 -0.0121967582175 
1402.49619792 -0.0164961705021 
1405.49619792 -0.0192888755538 
1408.49619792 -0.0241939744806 
1411.49619792 -0.0317399305197 
1414.49619792 -0.0413516689951 
1417.49619792 -0.0474206428788 
1420.49619792 -0.0500571673967 
1423.49619792 -0.0487940410077 
1426.49619792 -0.0397765591814 
1429.49619792 -0.0369213587997 
1432.49619792 -0.0326096765526 
1435.49619792 -0.0301992480101 
1438.49619792 -0.0258076565158 
1441.49619792 -0.0217675476096 
1444.49619792 -0.0183896825263 
1447.49619792 -0.0092550632969 
1450.49619792 -0.000384246403532 
1453.49619792 0.0062445635483 
1456.49619792 0.0110155620375 
1459.49619792 0.00957560948931 
1462.49619792 0.00969129525575 
1465.49619792 0.00663219057142 
1468.49619792 0.00312462859617 
1471.49619792 0.00146568891491 
1474.49619792 0.00393886083008 
1477.49619792 0.00870784436534 
1480.49619792 0.00760136369758 
1483.49619792 0.00864382072592 
1486.49619792 0.00882176837022 
1489.49619792 0.00838118092941 
1492.49619792 0.0114990468559 
1495.49619792 0.014245324713 
1498.49619792 0.0194914500956 
1501.49619792 0.0217150140429 
1504.49619792 0.0212639481547 
1507.49619792 0.0176846414584 
1510.49619792 0.0132163918795 
1513.49619792 0.0114177689393 
1516.49619792 0.00979033383456 
1519.49619792 0.00987984780056 
1522.49619792 0.00989511945237 
1525.49619792 0.00801406277912 
1528.49619792 0.00958266054084 
1531.49619792 0.0133090391376 
1534.49619792 0.0149247192474 
1537.49619792 0.0108341480888 
1540.49619792 0.00632040741188 
1543.49619792 0.00357726427739 
1546.49619792 0.00567152928835 
1549.49619792 0.00747217662369 
1552.49619792 0.00756860889399 
1555.49619792 0.00994819774044 
1558.49619792 0.0107306075483 
1561.49619792 0.00945511163626 
1564.49619792 0.00847425789937 
1567.49619792 0.00553159655611 
1570.49619792 0.00180711146679 
1573.49619792 -0.00482889973546 
1576.49619792 -0.00750056621815 
1579.49619792 -0.00897946233677 
1582.49619792 -0.0154566865536 
1585.49619792 -0.0196647401436 
1588.49619792 -0.018659501544 
1591.49619792 -0.0177129555243 
1594.49619792 -0.0172614067109 
1597.49619792 -0.0170913952903 
1600.49619792 -0.0193883535717 
1603.49619792 -0.0231886889617 
1606.49619792 -0.0240099570842 
1609.49619792 -0.0219298471035 
1612.49619792 -0.0184195414951 
1615.49619792 -0.0156054217996 
1618.49619792 -0.0162655759982 
1621.49619792 -0.016507633682 
1624.49619792 -0.012017501411 
1627.49619792 -0.00597508727011 
1630.49619792 -0.000404180622529 
1633.49619792 0.00339769620155 
1636.49619792 0.00499900728335 
1639.49619792 0.00632855076702 
1642.49619792 0.00657825057081 
1645.49619792 0.00751280699923 
1648.49619792 0.00558234833476 
1651.49619792 0.00134144810531 
1654.49619792 -0.00304398723673 
1657.49619792 -0.0052850374828 
1660.49619792 -0.00931649950996 
1663.49619792 -0.0101551712503 
1666.49619792 -0.00721541146371 
1669.49619792 -0.0068509837333 
1672.49619792 -0.00850995488481 
1675.49619792 -0.00846908819633 
1678.49619792 -0.00492032365926 
1681.49619792 -0.00167348108033 
1684.49619792 -0.000674420519068 
1687.49619792 -0.00066659215248 
1690.49619792 -0.000116108415411 
1693.49619792 0.00407299044907 
1696.49619792 0.00883653878685 
1699.49619792 0.010894924571 
1702.49619792 0.0109232626687 
1705.49619792 0.0101988599616 
1708.49619792 0.0054849799677 
1711.49619792 0.00220952950525 
1714.49619792 0.000240400185355 
1717.49619792 0.00253405482409 
1720.49619792 0.00498336485483 
1723.49619792 0.011525208357 
1726.49619792 0.0139072392945 
1729.49619792 0.0119605894749 
1732.49619792 0.0083902643866 
1735.49619792 0.00436947735278 
1738.49619792 0.00334247164274 
1741.49619792 0.001765325418 
1744.49619792 0.00100110655636 
1747.49619792 -0.00275878212989 
1750.49619792 -0.00466589416368 
1753.49619792 -0.00507562588716 
1756.49619792 -0.00631394857315 
1759.49619792 -0.00938376744558 
1762.49619792 -0.0147880662869 
1765.49619792 -0.0145543442128 
1768.49619792 -0.011363354024 
1771.49619792 -0.00904891430742 
1774.49619792 -0.00657681896074 
1777.49619792 -0.00629357073098 
1780.49619792 -0.00617961468367 
1783.49619792 -0.00533223312373 
1786.49619792 -0.00160560033321 
1789.49619792 -0.0021429695071 
1792.49619792 0.00400784217752 
1795.49619792 0.00619912909674 
1798.49619792 0.00802744964932 
1801.49619792 0.00663932630651 
1804.49619792 0.0111562248795 
1807.49619792 0.0152186307406 
1810.49619792 0.0186139967136 
1813.49619792 0.0182768302263 
1816.49619792 0.0165286569503 
1819.49619792 0.015506847836 
1822.49619792 0.00743616722453 
1825.49619792 0.000267454761941 
1828.49619792 -0.00412101232698 
1831.49619792 -0.00980547388353 
1834.49619792 -0.0125813703911 
1837.49619792 -0.0170837382935 
1840.49619792 -0.0218737865806 
1843.49619792 -0.0254022510928 
1846.49619792 -0.0270015048788 
1849.49619792 -0.0267771483498 
1852.49619792 -0.0219194973981 
1855.49619792 -0.0167862254598 
1858.49619792 -0.0162629725506 
1861.49619792 -0.0176684382873 
1864.49619792 -0.0179310511911 
1867.49619792 -0.0178369482911 
1870.49619792 -0.0186428738107 
1873.49619792 -0.0186366987764 
1876.49619792 -0.0191079845833 
1879.49619792 -0.0212015157654 
1882.49619792 -0.0240819724494 
1885.49619792 -0.0245709262243 
1888.49619792 -0.027502641644 
1891.49619792 -0.0282387341169 
1894.49619792 -0.0239326043654 
1897.49619792 -0.0166091635599 
1900.49619792 -0.00938471555824 
1903.49619792 -0.00431626259829 
1906.49619792 -0.00038999959353 
1909.49619792 0.000903540498935 
1912.49619792 0.00138214914586 
1915.49619792 0.00112852922234 
1918.49619792 0.00109825277209 
1921.49619792 0.000670702095005 
1924.49619792 -1.39577433612e-05 
1927.49619792 0.00225095979721 
1930.49619792 0.00436094977456 
1933.49619792 0.00273103109532 
1936.49619792 -0.00182098340791 
1939.49619792 -0.00614672999379 
1942.49619792 -0.00673462107049 
1945.49619792 -0.00810951432214 
1948.49619792 -0.00743108964349 
1951.49619792 -0.0113070360173 
1954.49619792 -0.0129252417573 
1957.49619792 -0.0142899003129 
1960.49619792 -0.0138299186181 
1963.49619792 -0.0110176882818 
1966.49619792 -0.00788392072632 
1969.49619792 -0.00354759184129 
1972.49619792 -0.0011186669481 
1975.49619792 5.6602168795e-05 
1978.49619792 0.00267654637337 
1981.49619792 0.00501986347326 
1984.49619792 0.00503066520585 
1987.49619792 0.00566810875876 
1990.49619792 0.00430497307689 
1993.49619792 0.00329750266473 
1996.49619792 0.00408110605317 
1999.49619792 0.00157687214751 
2002.49619792 -0.00159863639704 
2005.49619792 -0.00443692123568 
2008.49619792 -0.005350571694 
2011.49619792 -0.00054023965365 
2014.49619792 0.00246512897873 
2017.49619792 0.00468573100372 
2020.49619792 0.000790831889234 
2023.49619792 -0.0042963691118 
2026.49619792 -0.00864525348037 
2029.49619792 -0.0109366953138 
2032.49619792 -0.0142273134332 
2035.49619792 -0.01245967438 
2038.49619792 -0.0159605125943 
2041.49619792 -0.0173914989835 
2044.49619792 -0.0168010794156 
2047.49619792 -0.0153426120638 
2050.49619792 -0.0137968302299 
2053.49619792 -0.0142284257634 
2056.49619792 -0.015629209872 
2059.49619792 -0.0188646566459 
2062.49619792 -0.0217710333684 
2065.49619792 -0.0238453711339 
2068.49619792 -0.0236139423824 
2071.49619792 -0.0222565860681 
2074.49619792 -0.0219761278186 
2077.49619792 -0.0234087083188 
2080.49619792 -0.0244296946292 
2083.49619792 -0.0224113052381 
2086.49619792 -0.0191891904045 
2089.49619792 -0.0159255222589 
2092.49619792 -0.0127694663313 
2095.49619792 -0.00963185311188 
2098.49619792 -0.00947268691003 
2101.49619792 -0.0144517100154 
2104.49619792 -0.0174214266147 
2107.49619792 -0.014780931124 
2110.49619792 -0.00871508938801 
2113.49619792 -0.00123939381871 
2116.49619792 0.00587584041549 
2119.49619792 0.0130748009515 
2122.49619792 0.0112649917694 
2125.49619792 0.00915820589218 
2128.49619792 0.00650208284979 
2131.49619792 0.00943379826952 
2134.49619792 0.011734488922 
2137.49619792 0.0122702097703 
2140.49619792 0.00857990923502 
2143.49619792 0.00584570736943 
2146.49619792 0.00611854810295 
2149.49619792 0.00688451442149 
2152.49619792 0.00492045640648 
2155.49619792 0.00467675254271 
2158.49619792 0.00116448955652 
2161.49619792 -0.00161035748994 
2164.49619792 -0.00442968880111 
2167.49619792 -0.00546983877436 
2170.49619792 -0.00482163068096 
2173.49619792 -0.00220569170882 
2176.49619792 0.000938607507284 
2179.49619792 0.00436345480609 
2182.49619792 0.00429034227371 
2185.49619792 0.00126900917923 
2188.49619792 0.00172632663163 
2191.49619792 0.00346012572999 
2194.49619792 0.0043798067456 
2197.49619792 0.00601341688462 
2200.49619792 -0.000675898547753 
2203.49619792 -0.00817886787675 
2206.49619792 -0.0119684455925 
2209.49619792 -0.0125095724567 
2212.49619792 -0.0118045188008 
2215.49619792 -0.00991359878046 
2218.49619792 -0.0089886567981 
2221.49619792 -0.00999514676907 
2224.49619792 -0.00981955996537 
2227.49619792 -0.00466620428864 
2230.49619792 -2.37742617005e-05 
2233.49619792 0.0034306529869 
2236.49619792 0.00420371041001 
2239.49619792 0.00625090909414 
2242.49619792 0.0109953444075 
2245.49619792 0.0195551527385 
2248.49619792 0.0252513426834 
2251.49619792 0.0308811452872 
2254.49619792 0.0357507480659 
2257.49619792 0.0376259535623 
2260.49619792 0.0417518057269 
2263.49619792 0.0469136537924 
2266.49619792 0.0529629810879 
2269.49619792 0.0540692643514 
2272.49619792 0.053317722849 
2275.49619792 0.0501718060623 
2278.49619792 0.0473708718274 
2281.49619792 0.0438722731502 
2284.49619792 0.0384977640432 
2287.49619792 0.0292767761559 
2290.49619792 0.020370216073 
2293.49619792 0.0152641859235 
2296.49619792 0.0132362181341 
2299.49619792 0.00968329723593 
2302.49619792 0.00285080827975 
2305.49619792 -0.00359494254469 
2308.49619792 -0.0113275248636 
2311.49619792 -0.0155678303054 
2314.49619792 -0.0140597498256 
2317.49619792 -0.0143573255998 
2320.49619792 -0.0165817707139 
2323.49619792 -0.0194721811505 
2326.49619792 -0.0199032937587 
2329.49619792 -0.0199750985593 
2332.49619792 -0.0172919156834 
2335.49619792 -0.0116848906709 
2338.49619792 -0.0046950610732 
2341.49619792 -0.00151394767794 
2344.49619792 -0.00441306707577 
2347.49619792 -0.00835582220567 
2350.49619792 -0.00599363869367 
2353.49619792 -0.0020956728753 
2356.49619792 0.00384442663426 
2359.49619792 0.00798683529499 
2362.49619792 0.00686781344835 
2365.49619792 0.00393380785304 
2368.49619792 0.000873505511302 
2371.49619792 0.000447558886925 
2374.49619792 -0.000146601491804 
2377.49619792 0.000375501394524 
2380.49619792 0.000543864990157 
2383.49619792 0.00240293976853 
2386.49619792 6.25687798048e-05 
2389.49619792 0.00294494551089 
2392.49619792 0.00716417218234 
2395.49619792 0.00941058409996 
2398.49619792 0.0111025343521 
2401.49619792 0.0104731889516 
2404.49619792 0.00935676196973 
2407.49619792 0.0130189040738 
2410.49619792 0.0137240366914 
2413.49619792 0.016785190947 
2416.49619792 0.0179279316315 
2419.49619792 0.0192201193617 
2422.49619792 0.0157671857272 
2425.49619792 0.0156503979299 
2428.49619792 0.0133093195089 
2431.49619792 0.0108129096784 
2434.49619792 0.00708493868724 
2437.49619792 0.00647802871077 
2440.49619792 0.00593365697814 
2443.49619792 0.00865527131776 
2446.49619792 0.011217757792 
2449.49619792 0.0140382356214 
2452.49619792 0.0132651364287 
2455.49619792 0.0119176743595 
2458.49619792 0.00931118389942 
2461.49619792 0.00626024202455 
2464.49619792 0.00438760593069 
2467.49619792 0.00290905598476 
2470.49619792 0.00414553365609 
2473.49619792 0.00406107180886 
2476.49619792 0.00454128658267 
2479.49619792 0.00398541161707 
2482.49619792 0.00459417776582 
2485.49619792 0.00450453391354 
2488.49619792 0.00702280211817 
2491.49619792 0.00730528132957 
2494.49619792 0.00863691500971 
2497.49619792 0.00646579479592 
2500.49619792 0.00709275017433 
2503.49619792 0.00293457234582 
2506.49619792 -0.000822868956661 
2509.49619792 -0.00145636685604 
2512.49619792 -0.00267984760212 
2515.49619792 -0.00275432251003 
2518.49619792 -0.00307995343581 
2521.49619792 -0.00558759928825 
2524.49619792 -0.00654862619836 
2527.49619792 -0.00682254950831 
2530.49619792 -0.00932786026854 
2533.49619792 -0.00990599213606 
2536.49619792 -0.00988933464908 
2539.49619792 -0.00757645814538 
2542.49619792 -0.00266073543599 
2545.49619792 0.000329016051343 
2548.49619792 0.00398048824022 
2551.49619792 0.0068497243513 
2554.49619792 0.00976144300492 
2557.49619792 0.0128506469763 
2560.49619792 0.0155885114063 
2563.49619792 0.0168508744988 
2566.49619792 0.0177076044382 
2569.49619792 0.0197310222023 
2572.49619792 0.0169717957697 
2575.49619792 0.0142390512626 
2578.49619792 0.0105525935304 
2581.49619792 0.000802590889472 
2584.49619792 -0.009305954689 
2587.49619792 -0.0163414879519 
2590.49619792 -0.0211951530539 
2593.49619792 -0.0246849171749 
2596.49619792 -0.0238489278438 
2599.49619792 -0.0212300220858 
2602.49619792 -0.0188913605796 
2605.49619792 -0.0165408090425 
2608.49619792 -0.0149255317519 
2611.49619792 -0.0116741392907 
2614.49619792 -0.00595181073224 
2617.49619792 -0.000265433621193 
2620.49619792 0.00482249925974 
2623.49619792 0.00805647208181 
2626.49619792 0.0113367839819 
2629.49619792 0.0123073240611 
2632.49619792 0.0133138237593 
2635.49619792 0.0130238145764 
2638.49619792 0.0143974736223 
2641.49619792 0.0176299839362 
2644.49619792 0.0197666922949 
2647.49619792 0.0165096226015 
2650.49619792 0.00895982433146 
2653.49619792 0.002408712842 
2656.49619792 -0.00190510165729 
2659.49619792 -0.00414850902475 
2662.49619792 -0.00478540184837 
2665.49619792 -0.00222804974466 
2668.49619792 0.000226546750882 
2671.49619792 -0.00158257956261 
2674.49619792 -0.0035344796205 
2677.49619792 -0.00527099259838 
2680.49619792 -0.00673707346089 
2683.49619792 -0.00954283752013 
2686.49619792 -0.0107270393947 
2689.49619792 -0.0104157471709 
2692.49619792 -0.0119329322789 
2695.49619792 -0.0139106026055 
2698.49619792 -0.0155641671688 
2701.49619792 -0.0146710633476 
2704.49619792 -0.0107971654007 
2707.49619792 -0.00903430009765 
2710.49619792 -0.00783427612812 
2713.49619792 -0.00790574734415 
2716.49619792 -0.0054365238004 
2719.49619792 -0.00353719607486 
2722.49619792 0.000745146677042 
2725.49619792 0.00480906833119 
2728.49619792 0.00795103016634 
2731.49619792 0.00954943368356 
2734.49619792 0.0111170736055 
2737.49619792 0.0135797953965 
2740.49619792 0.0139713218691 
2743.49619792 0.0123559541731 
2746.49619792 0.0123590725883 
2749.49619792 0.0137047494363 
2752.49619792 0.0160393037894 
2755.49619792 0.0131460965063 
2758.49619792 0.0119202892508 
2761.49619792 0.0111849268876 
2764.49619792 0.00936570581347 
2767.49619792 0.00943611333521 
2770.49619792 0.00818418692041 
2773.49619792 0.00552592161259 
2776.49619792 0.0018813759532 
2779.49619792 0.00129362291643 
2782.49619792 0.00249819190463 
2785.49619792 0.00491625427044 
2788.49619792 0.0105463647105 
2791.49619792 0.009657471036 
2794.49619792 0.00769762259545 
2797.49619792 0.00564503763577 
2800.49619792 0.00320979194379 
2803.49619792 -0.000383165650934 
2806.49619792 -0.00898190728874 
2809.49619792 -0.0129550824161 
2812.49619792 -0.018425616969 
2815.49619792 -0.0205359280859 
2818.49619792 -0.0198651243563 
2821.49619792 -0.0171311336275 
2824.49619792 -0.0143569090481 
2827.49619792 -0.0180133521769 
2830.49619792 -0.0205887797882 
2833.49619792 -0.0213071939938 
2836.49619792 -0.0218676550324 
2839.49619792 -0.0229294084708 
2842.49619792 -0.0205324240171 
2845.49619792 -0.0178612959617 
2848.49619792 -0.0152011744816 
2851.49619792 -0.0137577315971 
2854.49619792 -0.012233978935 
2857.49619792 -0.00908243984593 
2860.49619792 -0.00949682058294 
2863.49619792 -0.00812741459772 
2866.49619792 -0.00742229514036 
2869.49619792 -0.000562475956858 
2872.49619792 0.0091129270753 
2875.49619792 0.016127249965 
2878.49619792 0.0195612133356 
2881.49619792 0.0210980072673 
2884.49619792 0.0232888581806 
2887.49619792 0.0213115975394 
2890.49619792 0.0189470411709 
2893.49619792 0.0177364437711 
2896.49619792 0.0165823509108 
2899.49619792 0.014698964295 
2902.49619792 0.0127593294792 
2905.49619792 0.0107880252971 
2908.49619792 0.00736172693389 
2911.49619792 0.0012421797937 
2914.49619792 -0.00507093395967 
2917.49619792 -0.0111482737789 
2920.49619792 -0.0150589415605 
2923.49619792 -0.0115315127055 
2926.49619792 -0.00821595413048 
2929.49619792 -0.00730928205604 
2932.49619792 -0.0107011731417 
2935.49619792 -0.0132656674176 
2938.49619792 -0.012061785196 
2941.49619792 -0.010313068343 
2944.49619792 -0.00703512357752 
2947.49619792 -0.00400901630376 
2950.49619792 -0.00335656287426 
2953.49619792 -0.00148862600327 
2956.49619792 0.00292958688676 
2959.49619792 0.00945630235591 
2962.49619792 0.0131250869705 
2965.49619792 0.0138305468787 
2968.49619792 0.0131016959954 
2971.49619792 0.0125238027295 
2974.49619792 0.00973036642368 
2977.49619792 0.00697366161608 
2980.49619792 0.00558707974311 
2983.49619792 0.00612299856783 
2986.49619792 0.00651293550696 
2989.49619792 0.00606704904901 
2992.49619792 0.00175368042588 
2995.49619792 -0.000168323792926 
2998.49619792 0.00131736278214 
3001.49619792 0.00553327477847 
3004.49619792 0.00926115765296 
3007.49619792 0.0111546422122 
3010.49619792 0.0105720776176 
3013.49619792 0.00848948434846 
3016.49619792 0.00599365986457 
3019.49619792 0.00218139281712 
3022.49619792 0.00106801287025 
3025.49619792 0.0008724473243 
3028.49619792 0.000792929595659 
3031.49619792 0.000212840994111 
3034.49619792 -0.00472577574661 
3037.49619792 -0.0126392138465 
3040.49619792 -0.0179483861466 
3043.49619792 -0.0242671593945 
3046.49619792 -0.0275124557831 
3049.49619792 -0.0260120460325 
3052.49619792 -0.0235042474063 
3055.49619792 -0.0187766097656 
3058.49619792 -0.0129470271777 
3061.49619792 -0.00620407393057 
3064.49619792 0.00166087295566 
3067.49619792 0.00991887090485 
3070.49619792 0.0144956802422 
3073.49619792 0.0178384737398 
3076.49619792 0.0178362410689 
3079.49619792 0.0157552647982 
3082.49619792 0.0135053882927 
3085.49619792 0.0113408922794 
3088.49619792 0.0082330939705 
3091.49619792 0.00392978223647 
3094.49619792 0.000634069155855 
3097.49619792 -0.00356046488821 
3100.49619792 -0.0097039920693 
3103.49619792 -0.0178338081328 
3106.49619792 -0.0221296774399 
3109.49619792 -0.0249424010009 
3112.49619792 -0.0229534517383 
3115.49619792 -0.0180606765597 
3118.49619792 -0.0145550869106 
3121.49619792 -0.0107367047653 
3124.49619792 -0.00398817842382 
3127.49619792 0.00207284450233 
3130.49619792 0.00855222228531 
3133.49619792 0.0173510293923 
3136.49619792 0.0276358923848 
3139.49619792 0.0360498229682 
3142.49619792 0.043517380332 
3145.49619792 0.0475789416462 
3148.49619792 0.0458694824939 
3151.49619792 0.0417300397608 
3154.49619792 0.0367697179918 
3157.49619792 0.0303292418666 
3160.49619792 0.0253830096126 
3163.49619792 0.0218728619275 
3166.49619792 0.0156978390388 
3169.49619792 0.00784707192989 
3172.49619792 -0.00222059301306 
3175.49619792 -0.0124568889772 
3178.49619792 -0.0204769494129 
3181.49619792 -0.0265853331988 
3184.49619792 -0.0280625304963 
3187.49619792 -0.0288015456967 
3190.49619792 -0.0287410129658 
3193.49619792 -0.0289437797622 
3196.49619792 -0.0284746236326 
3199.49619792 -0.024722271784 
3202.49619792 -0.0196009207747 
3205.49619792 -0.0153295971146 
3208.49619792 -0.0103235473625 
3211.49619792 -0.00324271182313 
3214.49619792 -0.000366291376878 
3217.49619792 -0.00024963979576 
3220.49619792 -0.00241621019882 
3223.49619792 -0.00327911717518 
3226.49619792 -0.00316907345156 
3229.49619792 -0.00346178135099 
3232.49619792 -0.00329322414182 
3235.49619792 -0.00311991006202 
3238.49619792 -0.00263897204475 
3241.49619792 -0.000311425578872 
3244.49619792 0.00311558891123 
3247.49619792 0.00823210523261 
3250.49619792 0.0139359493133 
3253.49619792 0.0164725552299 
3256.49619792 0.0174596715456 
3259.49619792 0.0176158005827 
3262.49619792 0.016783390849 
3265.49619792 0.0131898092493 
3268.49619792 0.0104989052917 
3271.49619792 0.0100478565692 
3274.49619792 0.0112792975708 
3277.49619792 0.00997635273852 
3280.49619792 0.00666739490447 
3283.49619792 0.000514600665919 
3286.49619792 -0.00298545172201 
3289.49619792 -0.00575311961874 
3292.49619792 -0.00575521668145 
3295.49619792 -0.00227454102427 
3298.49619792 0.00262975955955 
3301.49619792 0.00634617467662 
3304.49619792 0.00709286747252 
3307.49619792 0.00622580670985 
3310.49619792 0.00425096870533 
3313.49619792 0.00711397370782 
3316.49619792 0.0146198172 
3319.49619792 0.0173518716505 
3322.49619792 0.0148999779126 
3325.49619792 0.00901505518431 
3328.49619792 0.00248796579144 
3331.49619792 0.000719107194678 
3334.49619792 0.0010187560713 
3337.49619792 -0.0016024792001 
3340.49619792 -0.00599479622652 
3343.49619792 -0.0100232342492 
3346.49619792 -0.0122894180637 
3349.49619792 -0.0126312101049 
3352.49619792 -0.0118668047105 
3355.49619792 -0.0118916982468 
3358.49619792 -0.0116695366243 
3361.49619792 -0.0106079651411 
3364.49619792 -0.00761887831961 
3367.49619792 -0.00221587061665 
3370.49619792 -0.00231924651051 
3373.49619792 -0.00331545071786 
3376.49619792 -0.00783203029697 
3379.49619792 -0.0106240447199 
3382.49619792 -0.0119909176365 
3385.49619792 -0.0128107507158 
3388.49619792 -0.0154037536009 
3391.49619792 -0.0173969530631 
3394.49619792 -0.0187942456911 
3397.49619792 -0.0187773341534 
3400.49619792 -0.0193722385173 
3403.49619792 -0.0196183106601 
3406.49619792 -0.0166288296023 
3409.49619792 -0.0105824799642 
3412.49619792 0.0017586298372 
3415.49619792 0.0133003922585 
3418.49619792 0.019712597804 
3421.49619792 0.02241513202 
3424.49619792 0.0222826068113 
3427.49619792 0.0204484362262 
3430.49619792 0.0176705141792 
3433.49619792 0.0132037763164 
3436.49619792 0.0114368902604 
3439.49619792 0.0150548710273 
3442.49619792 0.0190689466022 
3445.49619792 0.0228223226642 
3448.49619792 0.019454702004 
3451.49619792 0.0138254841745 
3454.49619792 0.00867171709581 
3457.49619792 0.00624871361538 
3460.49619792 0.00463593162913 
3463.49619792 0.00431495858575 
3466.49619792 0.00463833710025 
3469.49619792 0.00435587391007 
3472.49619792 0.00170103471064 
3475.49619792 -0.00423221901922 
3478.49619792 -0.00931735378407 
3481.49619792 -0.00889208548653 
3484.49619792 -0.00414307153853 
3487.49619792 -0.000912078448034 
3490.49619792 0.00109266508698 
3493.49619792 0.0029473721529 
3496.49619792 0.0061732073417 
3499.49619792 0.00570930559873 
3502.49619792 0.00407245459661 
3505.49619792 0.0023085577847 
3508.49619792 -0.000325011105 
3511.49619792 -0.000653699436652 
3514.49619792 -0.000609418011975 
3517.49619792 -0.00238965188655 
3520.49619792 -0.00562580016086 
3523.49619792 -0.00687591617826 
3526.49619792 -0.00793660134492 
3529.49619792 -0.0108810124338 
3532.49619792 -0.011094246806 
3535.49619792 -0.00896996404452 
3538.49619792 -0.00371765819177 
3541.49619792 0.00142797325627 
3544.49619792 0.00380284442684 
3547.49619792 0.00402087572269 
3550.49619792 0.00421762569424 
3553.49619792 0.00569577053228 
3556.49619792 0.00351697558392 
3559.49619792 -0.00421208263966 
3562.49619792 -0.0133778353828 
3565.49619792 -0.0182844631912 
3568.49619792 -0.0148864560065 
3571.49619792 -0.0114077980211 
3574.49619792 -0.00636075226647 
3577.49619792 -0.00154184161604 
3580.49619792 0.00274128810657 
3583.49619792 0.00740171016676 
3586.49619792 0.0105568288532 
3589.49619792 0.0118652506526 
3592.49619792 0.0102843388699 
3595.49619792 0.00411904829757 
3598.49619792 -0.00377082946011 
3601.49619792 -0.0100852008789 
3604.49619792 -0.0127759709449 
3607.49619792 -0.0118049891379 
3610.49619792 -0.0112599141884 
3613.49619792 -0.00853538913714 
3616.49619792 -0.00472726343094 
3619.49619792 0.000624604479553 
3622.49619792 0.0072297996599 
3625.49619792 0.0132034467371 
3628.49619792 0.0156122125064 
3631.49619792 0.0151200647877 
3634.49619792 0.0126180475317 
3637.49619792 0.0138715737793 
3640.49619792 0.0223194098328 
3643.49619792 0.03028134072 
3646.49619792 0.0389872625394 
3649.49619792 0.0428702376495 
3652.49619792 0.0439968266597 
3655.49619792 0.0407575244946 
3658.49619792 0.0349848721528 
3661.49619792 0.0274717023875 
3664.49619792 0.0193172193734 
3667.49619792 0.0118043528668 
3670.49619792 0.00483369236774 
3673.49619792 -0.00277857920299 
3676.49619792 -0.0103266451791 
3679.49619792 -0.0170608153668 
3682.49619792 -0.0238687140454 
3685.49619792 -0.0265242122604 
3688.49619792 -0.0254365868471 
3691.49619792 -0.0229919667412 
3694.49619792 -0.0212314365303 
3697.49619792 -0.0215536460682 
3700.49619792 -0.0252709114541 
3703.49619792 -0.0256402485428 
3706.49619792 -0.024513009529 
3709.49619792 -0.0222817714193 
3712.49619792 -0.0192376145294 
3715.49619792 -0.0152391069988 
3718.49619792 -0.00944624160455 
3721.49619792 -0.00641532911041 
3724.49619792 -0.00573815408659 
3727.49619792 -0.00815659781455 
3730.49619792 -0.0111629835438 
3733.49619792 -0.0131298738809 
3736.49619792 -0.0170689793206 
3739.49619792 -0.0187464280837 
3742.49619792 -0.0205132557767 
3745.49619792 -0.0203694035685 
3748.49619792 -0.0182433069765 
3751.49619792 -0.0140772907682 
3754.49619792 -0.0103465515397 
3757.49619792 -0.0053140427497 
3760.49619792 0.000337062170573 
3763.49619792 0.00337906924939 
3766.49619792 0.00565291492429 
3769.49619792 0.00717524856435 
3772.49619792 0.00749137919524 
3775.49619792 0.0072978022827 
3778.49619792 0.00895828457818 
3781.49619792 0.0113770315649 
3784.49619792 0.0162773733349 
3787.49619792 0.0247193559227 
3790.49619792 0.0340699897774 
3793.49619792 0.0394779328731 
3796.49619792 0.0414481075595 
3799.49619792 0.0419830879987 
3802.49619792 0.0385303374638 
3805.49619792 0.0324293234372 
3808.49619792 0.0265997133844 
3811.49619792 0.0189832308087 
3814.49619792 0.0117262654608 
3817.49619792 0.00444324017487 
3820.49619792 -0.00590468833116 
3823.49619792 -0.0125335951255 
3826.49619792 -0.0123129246204 
3829.49619792 -0.00790761267142 
3832.49619792 -3.662716141e-05 
3835.49619792 0.00614258049889 
3838.49619792 0.0123173270217 
3841.49619792 0.0148036560743 
3844.49619792 0.0161174507028 
3847.49619792 0.015209499792 
3850.49619792 0.0137090843196 
3853.49619792 0.0124626383049 
3856.49619792 0.00791380887665 
3859.49619792 -0.00128694478731 
3862.49619792 -0.0111457870573 
3865.49619792 -0.0162710037572 
3868.49619792 -0.0218497753555 
3871.49619792 -0.0233702230696 
3874.49619792 -0.0218819345132 
3877.49619792 -0.0198068277294 
3880.49619792 -0.015346206538 
3883.49619792 -0.006680601536 
3886.49619792 0.004058863742 
3889.49619792 0.0135815256878 
3892.49619792 0.0216805226539 
3895.49619792 0.0256171528158 
3898.49619792 0.0254226186356 
3901.49619792 0.0225790084593 
3904.49619792 0.0188301549576 
3907.49619792 0.0156551470761 
3910.49619792 0.0130918521026 
3913.49619792 0.0125638180048 
3916.49619792 0.00965322770255 
3919.49619792 0.00584085065229 
3922.49619792 0.000137320594583 
3925.49619792 -0.000874367796026 
3928.49619792 -0.00322322401671 
3931.49619792 -0.00797032085458 
3934.49619792 -0.013408902809 
3937.49619792 -0.0157521269286 
3940.49619792 -0.0135189994599 
3943.49619792 -0.00977508392583 
3946.49619792 -0.00340184026068 
3949.49619792 0.00727683165555 
3952.49619792 0.0189694537075 
3955.49619792 0.0263347934255 
3958.49619792 0.0276791771325 
3961.49619792 0.0254023357764 
3964.49619792 0.0167640589633 
3967.49619792 0.00591302050777 
3970.49619792 -0.00442113747715 
3973.49619792 -0.0110771945105 
3976.49619792 -0.0121617896252 
3979.49619792 -0.00767857966387 
3982.49619792 0.000630333208587 
3985.49619792 0.00877902548293 
3988.49619792 0.0135146462667 
3991.49619792 0.0161224092691 
3994.49619792 0.0200633365499 
3997.49619792 0.0229197591214 
4000.49619792 0.0243053150644 
4003.49619792 0.0209141729706 
4006.49619792 0.0156042785714 
4009.49619792 0.0116518743782 
4012.49619792 0.0105764250889 
4015.49619792 0.0110666639942 
4018.49619792 0.0128521701362 
4021.49619792 0.0171299732337 
4024.49619792 0.0166570647065 
4027.49619792 0.0128289565388 
4030.49619792 0.00723650053342 
4033.49619792 0.00318545628912 
4036.49619792 -0.000198383760067 
4039.49619792 -0.00448885372073 
4042.49619792 -0.0120986168268 
4045.49619792 -0.0171966375128 
4048.49619792 -0.0164870223878 
4051.49619792 -0.011818421783 
4054.49619792 -0.00490496617951 
4057.49619792 0.00204710098332 
4060.49619792 0.00931938161225 
4063.49619792 0.0168761376675 
4066.49619792 0.0271044595006 
4069.49619792 0.0341330881916 
4072.49619792 0.0381444527479 
4075.49619792 0.0342796090767 
4078.49619792 0.0226305441331 
4081.49619792 0.0113455681857 
4084.49619792 0.00473398232833 
4087.49619792 0.00182897627806 
4090.49619792 2.80872945934e-05 
4093.49619792 -0.00316351780887 
4096.49619792 -0.00800635829086 
4099.49619792 -0.0118996310374 
4102.49619792 -0.0107782992747 
4105.49619792 -0.00813912324557 
4108.49619792 -0.00572992719226 
4111.49619792 -0.00557326659413 
4114.49619792 -0.00503606549996 
4117.49619792 -0.00760848283928 
4120.49619792 -0.00861771415472 
4123.49619792 -0.00558109295806 
4126.49619792 -0.000898324162715 
4129.49619792 0.00327702383168 
4132.49619792 0.00395895658442 
4135.49619792 0.00302752028778 
4138.49619792 0.0014678974109 
4141.49619792 -0.000326505440994 
4144.49619792 -0.00213143051249 
4147.49619792 -0.00304163097363 
4150.49619792 -0.00240001160524 
4153.49619792 0.00334117936003 
4156.49619792 0.014101200144 
4159.49619792 0.0267370930214 
4162.49619792 0.0366023077301 
4165.49619792 0.0453339802208 
4168.49619792 0.0505451644761 
4171.49619792 0.0536856798244 
4174.49619792 0.048346975846 
4177.49619792 0.0347295786559 
4180.49619792 0.011319923941 
4183.49619792 -0.0155361678054 
4186.49619792 -0.0399551453855 
4189.49619792 -0.0549095588121 
4192.49619792 -0.0597457962644 
4195.49619792 -0.0537489041195 
4198.49619792 -0.0351247282121 
4201.49619792 -0.00801717833341 
4204.49619792 0.0189499455884 
4207.49619792 0.0344732689562 
4210.49619792 0.0370361897199 
4213.49619792 0.0273609751873 
4216.49619792 0.0136958771158 
4219.49619792 -0.000904645676735 
4222.49619792 -0.0136756377428 
4225.49619792 -0.0242728377711 
4228.49619792 -0.0308895564256 
4231.49619792 -0.0252632578904 
4234.49619792 -0.00999282941464 
4237.49619792 0.0167175917155 
4240.49619792 0.0434212255721 
4243.49619792 0.0616789207448 
4246.49619792 0.0646636045928 
4249.49619792 0.059352040554 
4252.49619792 0.0470984241859 
4255.49619792 0.0319715423708 
4258.49619792 0.0187093721558 
4261.49619792 0.0102724946139 
4264.49619792 0.00666524062313 
4267.49619792 0.00283203570619 
4270.49619792 -0.00453073718423 
4273.49619792 -0.0114601095796 
4276.49619792 -0.0181292794059 
4279.49619792 -0.0198049624021 
4282.49619792 -0.0188855826426 
4285.49619792 -0.0149815831199 
4288.49619792 -0.0113838920784 
4291.49619792 -0.00693353247572 
4294.49619792 -0.00401629708808 
4297.49619792 -4.66657696072e-05 
4300.49619792 0.00189816675958 
4303.49619792 0.00561978705524 
4306.49619792 0.00680318157492 
4309.49619792 0.00820829713369 
4312.49619792 0.0115304701821 
4315.49619792 0.0175819134225 
4318.49619792 0.0209796356585 
4321.49619792 0.0163630547972 
4324.49619792 0.00781675349548 
4327.49619792 0.00169252544238 
4330.49619792 -0.00492537377537 
4333.49619792 -0.008350245106 
4336.49619792 -0.00823821446552 
4339.49619792 -0.00657316097385 
4342.49619792 -0.0058192140003 
4345.49619792 -0.00808406290423 
4348.49619792 -0.00999244147234 
4351.49619792 -0.00969016804878 
4354.49619792 -0.00566858081245 
4357.49619792 0.00122971915004 
4360.49619792 0.0104481786893 
4363.49619792 0.0180310315885 
4366.49619792 0.0258292485373 
4369.49619792 0.0369837568579 
4372.49619792 0.0489231216549 
4375.49619792 0.0598766163579 
4378.49619792 0.0639474882873 
4381.49619792 0.0593486852537 
4384.49619792 0.0436473307024 
4387.49619792 0.0128455762615 
4390.49619792 -0.0243236982652 
4393.49619792 -0.0561626788075 
4396.49619792 -0.074754571965 
4399.49619792 -0.0795832016286 
4402.49619792 -0.0707847801751 
4405.49619792 -0.0503028367204 
4408.49619792 -0.0192954236536 
4411.49619792 0.0127595675087 
4414.49619792 0.0415100867773 
4417.49619792 0.0614807749248 
4420.49619792 0.0716787960612 
4423.49619792 0.0695436211617 
4426.49619792 0.0604871665835 
4429.49619792 0.0493073653406 
4432.49619792 0.0328939112315 
4435.49619792 0.016541738273 
4438.49619792 0.00233970574618 
4441.49619792 -0.0113354874078 
4444.49619792 -0.0257223023441 
4447.49619792 -0.0376994978092 
4450.49619792 -0.0444930449115 
4453.49619792 -0.0485648186065 
4456.49619792 -0.0491538408955 
4459.49619792 -0.047440925738 
4462.49619792 -0.0372223768466 
4465.49619792 -0.0190610515759 
4468.49619792 -0.000400197490788 
4471.49619792 0.0163488565668 
4474.49619792 0.0267140522243 
4477.49619792 0.0346164093647 
4480.49619792 0.0382025662752 
4483.49619792 0.0424794252653 
4486.49619792 0.0458048941067 
4489.49619792 0.0479948890293 
4492.49619792 0.0497465984165 
4495.49619792 0.0493258721336 
4498.49619792 0.0454707647842 
4501.49619792 0.0400978074463 
4504.49619792 0.0347324006787 
4507.49619792 0.0294337978035 
4510.49619792 0.0200113019296 
4513.49619792 0.00777277754675 
4516.49619792 -0.00290315273891 
4519.49619792 -0.00805698590509 
4522.49619792 -0.00687851848146 
4525.49619792 -0.00549556312513 
4528.49619792 -0.00596719739349 
4531.49619792 -0.00778667881242 
4534.49619792 -0.00500861772411 
4537.49619792 0.000220815178797 
4540.49619792 0.00724634099306 
4543.49619792 0.0129603121987 
4546.49619792 0.0119920333997 
4549.49619792 0.00512055910353 
4552.49619792 -0.00174721200303 
4555.49619792 -0.00835500855678 
4558.49619792 -0.0128008541819 
4561.49619792 -0.0165558174886 
4564.49619792 -0.0127203727485 
4567.49619792 -0.00220689015298 
4570.49619792 0.0139677628705 
4573.49619792 0.0314966300473 
4576.49619792 0.0469957053049 
4579.49619792 0.0535845767974 
4582.49619792 0.0524546599519 
4585.49619792 0.0453782170865 
4588.49619792 0.0347089479074 
4591.49619792 0.0251628002897 
4594.49619792 0.0212236570856 
4597.49619792 0.0204978822758 
4600.49619792 0.0233493932003 
4603.49619792 0.0283087788725 
4606.49619792 0.0301304345993 
4609.49619792 0.0261935892954 
4612.49619792 0.0169285556526 
4615.49619792 0.00666763465052 
4618.49619792 -0.00925722673322 
4621.49619792 -0.0296058656616 
4624.49619792 -0.0463730796601 
4627.49619792 -0.0548617560815 
4630.49619792 -0.0519718857888 
4633.49619792 -0.0433341845952 
4636.49619792 -0.0290833337071 
4639.49619792 -0.0158555793524 
4642.49619792 -0.00451894671374 
4645.49619792 0.00726955230169 
4648.49619792 0.0192412673666 
4651.49619792 0.0275119522591 
4654.49619792 0.0236006951257 
4657.49619792 0.0116989332666 
4660.49619792 -0.00242825472001 
4663.49619792 -0.0137725924191 
4666.49619792 -0.019790936972 
4669.49619792 -0.0178174504715 
4672.49619792 -0.0121180906147 
4675.49619792 0.00142234837905 
4678.49619792 0.0206749807956 
4681.49619792 0.0442261909631 
4684.49619792 0.0665522312905 
4687.49619792 0.0851847496739 
4690.49619792 0.0958453490865 
4693.49619792 0.101122719273 
4696.49619792 0.0952812191895 
4699.49619792 0.07515556011 
4702.49619792 0.0424201879641 
4705.49619792 0.00562540420795 
4708.49619792 -0.0312542542279 
4711.49619792 -0.063435038255 
4714.49619792 -0.0886445449664 
4717.49619792 -0.104973285752 
4720.49619792 -0.108970084735 
4723.49619792 -0.0957450379654 
4726.49619792 -0.0674344967592 
4729.49619792 -0.0234829025693 
4732.49619792 0.0249552156848 
4735.49619792 0.0649306233309 
4738.49619792 0.0942345211164 
4741.49619792 0.108383818095 
4744.49619792 0.105816459454 
4747.49619792 0.0844925141351 
4750.49619792 0.0593649811189 
4753.49619792 0.0400998123871 
4756.49619792 0.0292310332959 
4759.49619792 0.0227557064487 
4762.49619792 0.0234592941634 
4765.49619792 0.0278199601336 
4768.49619792 0.031539196129 
4771.49619792 0.0258100482545 
4774.49619792 0.0111291799228 
4777.49619792 -0.00561897226198 
4780.49619792 -0.0187895961054 
4783.49619792 -0.0259379776629 
4786.49619792 -0.0271046357339 
4789.49619792 -0.0261322371937 
4792.49619792 -0.0181806422795 
4795.49619792 -0.00705984831886 
4798.49619792 -0.00162151068795 
4801.49619792 -0.00306031857753 
4804.49619792 -0.00428711542919 
4807.49619792 -0.00409408495455 
4810.49619792 0.00327343879854 
4813.49619792 0.0100142360477 
4816.49619792 0.0223069018408 
4819.49619792 0.0339708871137 
4822.49619792 0.040978905655 
4825.49619792 0.0398449972379 
4828.49619792 0.0258084072242 
4831.49619792 -0.000464656456677 
4834.49619792 -0.0306896848918 
4837.49619792 -0.0562523106438 
4840.49619792 -0.070872988412 
4843.49619792 -0.0661017513211 
4846.49619792 -0.0458226868112 
4849.49619792 -0.0126862441256 
4852.49619792 0.0263948523862 
4855.49619792 0.0698767892113 
4858.49619792 0.0974465826371 
4861.49619792 0.0970743594408 
4864.49619792 0.0646338142863 
4867.49619792 0.00546005038367 
4870.49619792 -0.0533407522024 
4873.49619792 -0.0854739371973 
4876.49619792 -0.0919129828568 
4879.49619792 -0.0793920090163 
4882.49619792 -0.0503990738751 
4885.49619792 -0.0126715618257 
4888.49619792 0.0295062732065 
4891.49619792 0.0585865651713 
4894.49619792 0.0610327256027 
4897.49619792 0.0462159023777 
4900.49619792 0.0271793678396 
4903.49619792 0.0190169703449 
4906.49619792 0.0202041332834 
4909.49619792 0.0250532105958 
4912.49619792 0.0284422172905 
4915.49619792 0.025390926382 
4918.49619792 0.0176012132657 
4921.49619792 0.00833610638302 
4924.49619792 0.00347360014469 
4927.49619792 0.00229561364363 
4930.49619792 0.00663851151325 
4933.49619792 0.0143710409049 
4936.49619792 0.0226196794601 
4939.49619792 0.0282739945242 
4942.49619792 0.0308185297983 
4945.49619792 0.0262672411133 
4948.49619792 0.017359180758 
4951.49619792 0.00449117508046 
4954.49619792 -0.00280642979798 
4957.49619792 -0.00884322478353 
4960.49619792 -0.00849623557438 
4963.49619792 -0.00634577185748 
4966.49619792 -0.0049762182482 
4969.49619792 -0.00640838791865 
4972.49619792 -0.00768743481874 
4975.49619792 -0.00708327248079 
4978.49619792 0.00484576378169 
4981.49619792 0.0204429295055 
4984.49619792 0.0471969500858 
4987.49619792 0.0756844433322 
4990.49619792 0.0900910501919 
4993.49619792 0.0858601858237 
4996.49619792 0.0648909456455 
4999.49619792 0.0335759389672 
5002.49619792 -0.00101569544689 
5005.49619792 -0.0383410811298 
5008.49619792 -0.0709158978055 
5011.49619792 -0.0927932250748 
5014.49619792 -0.105377761945 
5017.49619792 -0.117536226023 
5020.49619792 -0.126421610636 
5023.49619792 -0.128155829433 
5026.49619792 -0.118948812046 
5029.49619792 -0.0972321272194 
5032.49619792 -0.0595798073134 
5035.49619792 -0.00678799117356 
5038.49619792 0.0529858227642 
5041.49619792 0.100958982447 
5044.49619792 0.135606756775 
5047.49619792 0.148436097823 
5050.49619792 0.150979946474 
5053.49619792 0.137929823917 
5056.49619792 0.115824491858 
5059.49619792 0.0905325582804 
5062.49619792 0.0605656568087 
5065.49619792 0.0276695094732 
5068.49619792 -0.00707301604172 
5071.49619792 -0.0383157401439 
5074.49619792 -0.0584942783906 
5077.49619792 -0.0712035381372 
5080.49619792 -0.0744506311906 
5083.49619792 -0.066705609256 
5086.49619792 -0.0567650948329 
5089.49619792 -0.0351457045611 
5092.49619792 -0.00315452876242 
5095.49619792 0.0290250691226 
5098.49619792 0.0542028629815 
5101.49619792 0.0638036910089 
5104.49619792 0.0607943070236 
5107.49619792 0.0482968523279 
5110.49619792 0.0281962160988 
5113.49619792 0.00240002247678 
5116.49619792 -0.0159544497085 
5119.49619792 -0.0268076939421 
5122.49619792 -0.0268356212101 
5125.49619792 -0.0178908173406 
5128.49619792 -0.00530043844871 
5131.49619792 0.0138857708653 
5134.49619792 0.0431495057515 
5137.49619792 0.072897287343 
5140.49619792 0.100191447194 
5143.49619792 0.112985614807 
5146.49619792 0.111581780946 
5149.49619792 0.0903463734424 
5152.49619792 0.0438374933794 
5155.49619792 -0.0326250088562 
5158.49619792 -0.114722616718 
5161.49619792 -0.176960078244 
5164.49619792 -0.199737303475 
5167.49619792 -0.170393320607 
5170.49619792 -0.103929398258 
5173.49619792 -0.0157239627756 
5176.49619792 0.0685549610874 
5179.49619792 0.121679065254 
5182.49619792 0.127156664019 
5185.49619792 0.0961340880158 
5188.49619792 0.0455061075863 
5191.49619792 -0.000678089663588 
5194.49619792 -0.020989589411 
5197.49619792 -0.0115414115281 
5200.49619792 0.0241417201407 
5203.49619792 0.0600985513947 
5206.49619792 0.0771297584102 
5209.49619792 0.0641977122137 
5212.49619792 0.0337074365293 
5215.49619792 0.000118138648557 
5218.49619792 -0.0331937047997 
5221.49619792 -0.061596979092 
5224.49619792 -0.0776682085871 
5227.49619792 -0.0812251016024 
5230.49619792 -0.0694105626755 
5233.49619792 -0.0439473211027 
5236.49619792 -0.010359677493 
5239.49619792 0.0231229882443 
5242.49619792 0.048357778723 
5245.49619792 0.0593460898167 
5248.49619792 0.0529463831083 
5251.49619792 0.0391131206336 
5254.49619792 0.03643817724 
5257.49619792 0.0432129360337 
5260.49619792 0.0608864107047 
5263.49619792 0.0800345696311 
5266.49619792 0.0894568389192 
5269.49619792 0.0873454074616 
5272.49619792 0.0725967476438 
5275.49619792 0.05131596348 
5278.49619792 0.0294041379555 
5281.49619792 0.000665000044156 
5284.49619792 -0.0342506724721 
5287.49619792 -0.0738878379207 
5290.49619792 -0.115873013255 
5293.49619792 -0.158226736061 
5296.49619792 -0.186256228521 
5299.49619792 -0.187852582467 
5302.49619792 -0.173361017389 
5305.49619792 -0.14963088686 
5308.49619792 -0.128923776661 
5311.49619792 -0.0985892157506 
5314.49619792 -0.0563501682302 
5317.49619792 -0.0059836826524 
5320.49619792 0.0542185179981 
5323.49619792 0.12917032944 
5326.49619792 0.21273428137 
5329.49619792 0.267799200201 
5332.49619792 0.275182966606 
5335.49619792 0.23599025715 
5338.49619792 0.168681375878 
5341.49619792 0.100023306823 
5344.49619792 0.0367044498473 
5347.49619792 -0.0155307549232 
5350.49619792 -0.0506159736726 
5353.49619792 -0.0624785716696 
5356.49619792 -0.0566807637302 
5359.49619792 -0.0416583745736 
5362.49619792 -0.0243495061552 
5365.49619792 -0.00307089887403 
5368.49619792 0.00215365193885 
5371.49619792 -0.00254644752064 
5374.49619792 -0.0213802919354 
5377.49619792 -0.0472152234268 
5380.49619792 -0.076301429509 
5383.49619792 -0.0971745698571 
5386.49619792 -0.100006223629 
5389.49619792 -0.0749967532411 
5392.49619792 -0.0274906051334 
5395.49619792 0.0390807257351 
5398.49619792 0.121595049998 
5401.49619792 0.201151509929 
5404.49619792 0.258335678571 
5407.49619792 0.275064812428 
5410.49619792 0.244216922607 
5413.49619792 0.166619106665 
5416.49619792 0.0606070968278 
5419.49619792 -0.0552969014586 
5422.49619792 -0.151594090029 
5425.49619792 -0.220600423697 
5428.49619792 -0.261153398462 
5431.49619792 -0.293357671881 
5434.49619792 -0.314351818183 
5437.49619792 -0.303710215355 
5440.49619792 -0.240850984175 
5443.49619792 -0.13643451349 
5446.49619792 -0.00525347625979 
5449.49619792 0.12265203827 
5452.49619792 0.222864248959 
5455.49619792 0.270555069044 
5458.49619792 0.26249575663 
5461.49619792 0.212597689061 
5464.49619792 0.153170953022 
5467.49619792 0.0968243826989 
5470.49619792 0.0453639536269 
5473.49619792 -0.00518145975023 
5476.49619792 -0.0466315293365 
5479.49619792 -0.0748495274225 
5482.49619792 -0.081281560367 
5485.49619792 -0.0649897965472 
5488.49619792 -0.0410521409213 
5491.49619792 -0.0134910424383 
5494.49619792 0.00933151711106 
5497.49619792 0.0272742225923 
5500.49619792 0.048146234589 
5503.49619792 0.0682818130899 
5506.49619792 0.0803309621241 
5509.49619792 0.0697571977013 
5512.49619792 0.0448740477341 
5515.49619792 0.00588410049663 
5518.49619792 -0.0314593029031 
5521.49619792 -0.0509754073612 
5524.49619792 -0.0343930278411 
5527.49619792 0.00920714441252 
5530.49619792 0.0675103686599 
5533.49619792 0.113008950852 
5536.49619792 0.1258524455 
5539.49619792 0.0970595466824 
5542.49619792 0.0403179618394 
5545.49619792 -0.0320063862265 
5548.49619792 -0.109839542386 
5551.49619792 -0.179045143358 
5554.49619792 -0.229717777205 
5557.49619792 -0.242050835916 
5560.49619792 -0.20314874216 
5563.49619792 -0.11025740316 
5566.49619792 -0.000128256412915 
5569.49619792 0.0903657270711 
5572.49619792 0.137380799737 
5575.49619792 0.140828226651 
5578.49619792 0.118000832128 
5581.49619792 0.0965933018366 
5584.49619792 0.0846128014236 
5587.49619792 0.0859954689702 
5590.49619792 0.0934725887111 
5593.49619792 0.104706592016 
5596.49619792 0.117596017201 
5599.49619792 0.120804636449 
5602.49619792 0.101610460013 
5605.49619792 0.0550715287267 
5608.49619792 -0.00896097328151 
5611.49619792 -0.0753462400434 
5614.49619792 -0.122000258589 
5617.49619792 -0.126199611515 
5620.49619792 -0.087053986123 
5623.49619792 -0.0165557316607 
5626.49619792 0.0483154003183 
5629.49619792 0.0807509468535 
5632.49619792 0.0897145241548 
5635.49619792 0.100782529354 
5638.49619792 0.134323384147 
5641.49619792 0.185504879274 
5644.49619792 0.219730187872 
5647.49619792 0.203602627782 
5650.49619792 0.116029004967 
5653.49619792 -0.0197185691401 
5656.49619792 -0.15029913635 
5659.49619792 -0.222072874137 
5662.49619792 -0.207338647146 
5665.49619792 -0.120063778809 
5668.49619792 -0.0128022732038 
5671.49619792 0.0370117253233 
5674.49619792 0.00112488031891 
5677.49619792 -0.101007531309 
5680.49619792 -0.207596652806 
5683.49619792 -0.265568058219 
5686.49619792 -0.226236376159 
5689.49619792 -0.102710760497 
5692.49619792 0.0627492661324 
5695.49619792 0.213715054429 
5698.49619792 0.302955588624 
5701.49619792 0.310288215308 
5704.49619792 0.249809608632 
5707.49619792 0.149009886225 
5710.49619792 0.0470972248834 
5713.49619792 -0.0364160267648 
5716.49619792 -0.0815237279106 
5719.49619792 -0.0944939824181 
5722.49619792 -0.0821999971636 
5725.49619792 -0.0407669449695 
5728.49619792 0.0207168648313 
5731.49619792 0.0755391309045 
5734.49619792 0.0979816180062 
5737.49619792 0.0713230335199 
5740.49619792 0.019060870765 
5743.49619792 -0.0386025977247 
5746.49619792 -0.0907174888861 
5749.49619792 -0.112273274931 
5752.49619792 -0.104101630906 
5755.49619792 -0.066055587332 
5758.49619792 -0.0114875276018 
5761.49619792 0.0380818303927 
5764.49619792 0.0934296884726 
5767.49619792 0.146229774993 
5770.49619792 0.175936331707 
5773.49619792 0.157087307191 
5776.49619792 0.0859321897451 
5779.49619792 -0.0343385190873 
5782.49619792 -0.161652767785 
5785.49619792 -0.274293194053 
5788.49619792 -0.328697855692 
5791.49619792 -0.306098346943 
5794.49619792 -0.211229696949 
5797.49619792 -0.101107073412 
5800.49619792 0.0224687687619 
5803.49619792 0.125268632395 
5806.49619792 0.196754903794 
5809.49619792 0.204398854744 
5812.49619792 0.186734466392 
5815.49619792 0.141605621818 
5818.49619792 0.0812448397403 
5821.49619792 0.0316681463178 
5824.49619792 0.0176146722314 
5827.49619792 0.0058463928486 
5830.49619792 -0.00649370547047 
5833.49619792 -0.0545448793197 
5836.49619792 -0.104795843921 
5839.49619792 -0.123772186751 
5842.49619792 -0.0966613324965 
5845.49619792 -0.0364315284355 
5848.49619792 0.0124978254724 
5851.49619792 0.071108660497 
5854.49619792 0.09849802299 
5857.49619792 0.120958522516 
5860.49619792 0.106724908167 
5863.49619792 0.0956039047864 
5866.49619792 0.0823263267392 
5869.49619792 0.0667653271936 
5872.49619792 0.046918748539 
5875.49619792 0.0159833050626 
5878.49619792 -0.00436887255188 
5881.49619792 -0.00632722443922 
5884.49619792 -0.0152528932551 
5887.49619792 -0.0492559189278 
5890.49619792 -0.101818900609 
5893.49619792 -0.133879166184 
5896.49619792 -0.15406750026 
5899.49619792 -0.165732959485 
5902.49619792 -0.18048412319 
5905.49619792 -0.221742361032 
5908.49619792 -0.231441916368 
5911.49619792 -0.193711238984 
5914.49619792 -0.0627531524216 
5917.49619792 0.0917535122519 
5920.49619792 0.247952282812 
5923.49619792 0.333498617595 
5926.49619792 0.305403374065 
5929.49619792 0.227439999752 
5932.49619792 0.130071390084 
5935.49619792 0.0425269991214 
5938.49619792 -0.0023741648066 
5941.49619792 -0.000294453675532 
5944.49619792 0.0164330778097 
5947.49619792 0.0351933539457 
5950.49619792 0.00127179100587 
5953.49619792 -0.03559290247 
5956.49619792 -0.0901496786868 
5959.49619792 -0.17649304607 
5962.49619792 -0.205012897595 
5965.49619792 -0.176732668529 
5968.49619792 -0.158398282085 
5971.49619792 -0.112416257416 
5974.49619792 -0.0665537052424 
5977.49619792 -0.00765576831345 
5980.49619792 0.0393852341183 
5983.49619792 0.0820475301187 
5986.49619792 -0.00699227254702 
5989.49619792 -0.180440179283 
5992.49619792 -0.381033986112 
5995.49619792 -0.651480422158 
5998.49619792 -0.924255702138 
