1.49619792281 nan 
4.49619792281 nan 
7.49619792281 nan 
10.4961979228 nan 
13.4961979228 nan 
16.4961979228 nan 
19.4961979228 nan 
22.4961979228 nan 
25.4961979228 nan 
28.4961979228 nan 
31.4961979228 nan 
34.4961979228 nan 
37.4961979228 nan 
40.4961979228 nan 
43.4961979228 nan 
46.4961979228 nan 
49.4961979228 nan 
52.4961979228 nan 
55.4961979228 nan 
58.4961979228 nan 
61.4961979228 nan 
64.4961979228 nan 
67.4961979228 nan 
70.4961979228 nan 
73.4961979228 nan 
76.4961979228 nan 
79.4961979228 nan 
82.4961979228 nan 
85.4961979228 nan 
88.4961979228 nan 
91.4961979228 nan 
94.4961979228 nan 
97.4961979228 nan 
100.496197923 nan 
103.496197923 nan 
106.496197923 nan 
109.496197923 nan 
112.496197923 nan 
115.496197923 nan 
118.496197923 nan 
121.496197923 nan 
124.496197923 nan 
127.496197923 nan 
130.496197923 nan 
133.496197923 nan 
136.496197923 nan 
139.496197923 nan 
142.496197923 nan 
145.496197923 nan 
148.496197923 nan 
151.496197923 nan 
154.496197923 nan 
157.496197923 nan 
160.496197923 nan 
163.496197923 nan 
166.496197923 nan 
169.496197923 nan 
172.496197923 nan 
175.496197923 nan 
178.496197923 nan 
181.496197923 nan 
184.496197923 nan 
187.496197923 nan 
190.496197923 nan 
193.496197923 nan 
196.496197923 nan 
199.496197923 nan 
202.496197923 nan 
205.496197923 nan 
208.496197923 nan 
211.496197923 nan 
214.496197923 nan 
217.496197923 nan 
220.496197923 nan 
223.496197923 nan 
226.496197923 nan 
229.496197923 nan 
232.496197923 nan 
235.496197923 nan 
238.496197923 nan 
241.496197923 nan 
244.496197923 nan 
247.496197923 nan 
250.496197923 nan 
253.496197923 nan 
256.496197923 nan 
259.496197923 nan 
262.496197923 nan 
265.496197923 nan 
268.496197923 nan 
271.496197923 nan 
274.496197923 nan 
277.496197923 nan 
280.496197923 nan 
283.496197923 nan 
286.496197923 nan 
289.496197923 nan 
292.496197923 nan 
295.496197923 nan 
298.496197923 nan 
301.496197923 nan 
304.496197923 nan 
307.496197923 nan 
310.496197923 nan 
313.496197923 nan 
316.496197923 nan 
319.496197923 -1.00252302378 
322.496197923 -1.12197974127 
325.496197923 -1.0608618893 
328.496197923 -0.897809803577 
331.496197923 -0.717990336147 
334.496197923 -0.580827504992 
337.496197923 -0.48421912479 
340.496197923 -0.406736748925 
343.496197923 -0.338106074824 
346.496197923 -0.300736251515 
349.496197923 -0.261889752888 
352.496197923 -0.226879760783 
355.496197923 -0.213342181732 
358.496197923 -0.206690065322 
361.496197923 -0.174558876846 
364.496197923 -0.170194956198 
367.496197923 -0.19006740113 
370.496197923 -0.148472313507 
373.496197923 -0.136349305579 
376.496197923 -0.110304062634 
379.496197923 -0.0899486186501 
382.496197923 -0.0842080870715 
385.496197923 -0.0982870063108 
388.496197923 -0.0923224216965 
391.496197923 -0.0779593595162 
394.496197923 -0.0768762121918 
397.496197923 -0.0947082646981 
400.496197923 -0.123288527062 
403.496197923 -0.121578450577 
406.496197923 -0.10954899722 
409.496197923 -0.109007290798 
412.496197923 -0.118217920561 
415.496197923 -0.10538678931 
418.496197923 -0.0956882346427 
421.496197923 -0.0722529701374 
424.496197923 -0.0557696901708 
427.496197923 -0.0574983622072 
430.496197923 -0.0631050717446 
433.496197923 -0.0683750104611 
436.496197923 -0.0784616591194 
439.496197923 -0.0722117779259 
442.496197923 -0.056460467718 
445.496197923 -0.0311647737814 
448.496197923 -0.0148336893769 
451.496197923 -0.00834828800595 
454.496197923 -0.00884056079864 
457.496197923 -0.0169188837119 
460.496197923 -0.0284937532267 
463.496197923 -0.041287803247 
466.496197923 -0.0466845414606 
469.496197923 -0.0544773543485 
472.496197923 -0.0567744084034 
475.496197923 -0.0365654879268 
478.496197923 -0.0149045454284 
481.496197923 -0.00419507000578 
484.496197923 -0.00444859432231 
487.496197923 -0.00873696167714 
490.496197923 -0.0174338664694 
493.496197923 -0.0278675359332 
496.496197923 -0.0238379048679 
499.496197923 -0.0189238429619 
502.496197923 -0.00957206418071 
505.496197923 -0.00599884698468 
508.496197923 -0.00598734379181 
511.496197923 -0.00741561780327 
514.496197923 -0.00710038213594 
517.496197923 -0.00367935020162 
520.496197923 -0.00240834180935 
523.496197923 -0.00133568538316 
526.496197923 -0.00641966001138 
529.496197923 -0.0145598193101 
532.496197923 -0.0201487252789 
535.496197923 -0.027666569397 
538.496197923 -0.0304713845253 
541.496197923 -0.0266513196371 
544.496197923 -0.0164056874915 
547.496197923 -0.0126008957212 
550.496197923 -0.0138278873194 
553.496197923 -0.0124472054651 
556.496197923 -0.0151403511541 
559.496197923 -0.00727437665477 
562.496197923 -0.00194829392223 
565.496197923 -0.00642903446693 
568.496197923 -0.0102300271277 
571.496197923 -0.00845041990097 
574.496197923 -0.00821118988383 
577.496197923 -0.00824619674005 
580.496197923 -0.00223675470931 
583.496197923 -0.0024877500058 
586.496197923 -0.0210071786574 
589.496197923 -0.0301453924399 
592.496197923 -0.0379209076205 
595.496197923 -0.0456414830666 
598.496197923 -0.0398620848648 
601.496197923 -0.0310383130512 
604.496197923 -0.0348314963361 
607.496197923 -0.022017243912 
610.496197923 -0.0131051729901 
613.496197923 -0.00486009612611 
616.496197923 -0.00657115457794 
619.496197923 -0.0143752886861 
622.496197923 -0.0194125712925 
625.496197923 -0.011623436771 
628.496197923 -0.00722026438116 
631.496197923 -0.0087793155383 
634.496197923 -0.0093067851713 
637.496197923 -0.00132334228325 
640.496197923 -0.00298406997447 
643.496197923 -0.00649476152045 
646.496197923 -0.018574271105 
649.496197923 -0.0231377150972 
652.496197923 -0.012075150251 
655.496197923 0.00457537751044 
658.496197923 0.0093251020403 
661.496197923 0.00121215996425 
664.496197923 -0.0180333120299 
667.496197923 -0.0262960722919 
670.496197923 -0.0196586601928 
673.496197923 -0.0111836053076 
676.496197923 -0.0070018336154 
679.496197923 -0.0103010342509 
682.496197923 -0.0168616252561 
685.496197923 -0.0212666328235 
688.496197923 -0.0172218041761 
691.496197923 -0.0133838693392 
694.496197923 -0.00994425101031 
697.496197923 -0.00678032934208 
700.496197923 -0.00352217556877 
703.496197923 0.00137486087356 
706.496197923 0.00308037101765 
709.496197923 0.000813579724704 
712.496197923 0.00186313541689 
715.496197923 0.0011242964747 
718.496197923 -0.00668171673052 
721.496197923 -0.0220685419033 
724.496197923 -0.0266966090957 
727.496197923 -0.0245070906096 
730.496197923 -0.0174485513234 
733.496197923 -0.0054081263859 
736.496197923 -0.00147721451205 
739.496197923 -0.0095908502875 
742.496197923 -0.0161327467444 
745.496197923 -0.0171392732593 
748.496197923 -0.0116464179782 
751.496197923 -0.00357595594248 
754.496197923 -0.000942895151732 
757.496197923 1.81914629487e-06 
760.496197923 0.00314464057279 
763.496197923 0.00361066694999 
766.496197923 0.00025016542155 
769.496197923 -0.000110493984342 
772.496197923 -0.00458949527341 
775.496197923 -0.00237636826074 
778.496197923 0.00211208309126 
781.496197923 0.00754944270565 
784.496197923 0.00498365273216 
787.496197923 0.00437122158786 
790.496197923 -0.00511924242644 
793.496197923 -0.00897795133602 
796.496197923 -0.0116153086569 
799.496197923 -0.012447119629 
802.496197923 -0.0129870372251 
805.496197923 -0.0144213895827 
808.496197923 -0.0155548197425 
811.496197923 -0.0183844117708 
814.496197923 -0.019339921837 
817.496197923 -0.0220075066555 
820.496197923 -0.0245197462962 
823.496197923 -0.0260298382119 
826.496197923 -0.0228868193707 
829.496197923 -0.0217469011401 
832.496197923 -0.0263383860962 
835.496197923 -0.0299878681677 
838.496197923 -0.0298649187095 
841.496197923 -0.0252549984305 
844.496197923 -0.0275651110299 
847.496197923 -0.0338799232895 
850.496197923 -0.035299369908 
853.496197923 -0.0359968083429 
856.496197923 -0.0321811039327 
859.496197923 -0.0247417301077 
862.496197923 -0.0152523971281 
865.496197923 -0.0154875733885 
868.496197923 -0.0213712202056 
871.496197923 -0.0300825763774 
874.496197923 -0.0282468082535 
877.496197923 -0.0273826576415 
880.496197923 -0.0190643545028 
883.496197923 -0.0134735589936 
886.496197923 -0.0107979765319 
889.496197923 -0.0167931405722 
892.496197923 -0.0189744988986 
895.496197923 -0.0156638820508 
898.496197923 -0.00951101977704 
901.496197923 -0.00776232044268 
904.496197923 -0.00823777392163 
907.496197923 -0.00760993317983 
910.496197923 -0.000777159861865 
913.496197923 0.0068916085129 
916.496197923 0.0148089204882 
919.496197923 0.0149001574828 
922.496197923 0.00903353770299 
925.496197923 0.00400315203379 
928.496197923 -0.00143102076929 
931.496197923 -0.00164614083351 
934.496197923 -0.000686263422354 
937.496197923 0.00228583641041 
940.496197923 -0.000799440931866 
943.496197923 0.000741517388715 
946.496197923 0.00456968742994 
949.496197923 0.00395707087949 
952.496197923 -0.00197557123026 
955.496197923 -0.00903208535479 
958.496197923 -0.00941891125911 
961.496197923 -0.0154835139094 
964.496197923 -0.0183758991105 
967.496197923 -0.0154374748148 
970.496197923 -0.0144187584176 
973.496197923 -0.0134024877794 
976.496197923 -0.0163074245193 
979.496197923 -0.012945815257 
982.496197923 -0.00553028672338 
985.496197923 -0.00138331058731 
988.496197923 -0.00145717934575 
991.496197923 -0.00419855981882 
994.496197923 -0.00801325336488 
997.496197923 -0.0141582581946 
1000.49619792 -0.0162978246007 
1003.49619792 -0.0134009690512 
1006.49619792 -0.0076730937315 
1009.49619792 -0.00263476277918 
1012.49619792 0.00192904544453 
1015.49619792 0.00512196858358 
1018.49619792 0.00343482151696 
1021.49619792 0.00339971165732 
1024.49619792 0.00450803816731 
1027.49619792 0.00227238244725 
1030.49619792 0.00409403366656 
1033.49619792 0.00145223317882 
1036.49619792 0.000294470464304 
1039.49619792 -0.00355248918868 
1042.49619792 -0.00660053229735 
1045.49619792 -0.00966334581009 
1048.49619792 -0.0112000137522 
1051.49619792 -0.0146377310958 
1054.49619792 -0.0054584034989 
1057.49619792 0.0031460222492 
1060.49619792 0.0116169120767 
1063.49619792 0.00942672750184 
1066.49619792 0.00693049344782 
1069.49619792 0.00205475868466 
1072.49619792 -0.00321902964155 
1075.49619792 -0.00639265938197 
1078.49619792 -0.00261996662424 
1081.49619792 0.00174636730836 
1084.49619792 0.0017821464041 
1087.49619792 0.00429542251675 
1090.49619792 0.00213658560165 
1093.49619792 -4.8787443943e-05 
1096.49619792 -0.000638500880307 
1099.49619792 0.00343443496802 
1102.49619792 0.00237026888471 
1105.49619792 -0.000241851346845 
1108.49619792 -0.00196673754265 
1111.49619792 -0.00652776209898 
1114.49619792 -0.00565436921911 
1117.49619792 -0.00723159761839 
1120.49619792 -0.00468462694167 
1123.49619792 -0.00341542082311 
1126.49619792 -0.00406436753758 
1129.49619792 -0.00325273321841 
1132.49619792 -0.00495670761015 
1135.49619792 -0.00949442249289 
1138.49619792 -0.00871421508892 
1141.49619792 -0.00665471095094 
1144.49619792 -0.00257540276752 
1147.49619792 -0.000152624063423 
1150.49619792 -0.000635861989952 
1153.49619792 -0.00319143788697 
1156.49619792 -0.000778906771229 
1159.49619792 -0.000149593983609 
1162.49619792 -0.00653246134382 
1165.49619792 -0.016133912972 
1168.49619792 -0.0251678827172 
1171.49619792 -0.0312596651083 
1174.49619792 -0.0313023680366 
1177.49619792 -0.0254940212963 
1180.49619792 -0.0195142265106 
1183.49619792 -0.0129682688578 
1186.49619792 -0.0107592930259 
1189.49619792 -0.0110728274201 
1192.49619792 -0.0134823989758 
1195.49619792 -0.012231388125 
1198.49619792 -0.0106200987842 
1201.49619792 -0.00704492337876 
1204.49619792 -0.00751809762096 
1207.49619792 -0.00771654400683 
1210.49619792 -0.0102322760357 
1213.49619792 -0.0126466898966 
1216.49619792 -0.0146515118087 
1219.49619792 -0.011987947557 
1222.49619792 -0.00366059871542 
1225.49619792 0.00854504742472 
1228.49619792 0.0146969855289 
1231.49619792 0.0170755942571 
1234.49619792 0.0164156112986 
1237.49619792 0.0145450097075 
1240.49619792 0.0106014059527 
1243.49619792 0.0106735999042 
1246.49619792 0.0129648136653 
1249.49619792 0.0119842863577 
1252.49619792 0.0107694628967 
1255.49619792 0.00947225501277 
1258.49619792 0.0108206475843 
1261.49619792 0.0153798707253 
1264.49619792 0.0203834059784 
1267.49619792 0.0199907752592 
1270.49619792 0.018478928852 
1273.49619792 0.0181264866332 
1276.49619792 0.0209638416859 
1279.49619792 0.0212461053867 
1282.49619792 0.02239021929 
1285.49619792 0.0218448390792 
1288.49619792 0.0153820154854 
1291.49619792 0.00709797872285 
1294.49619792 -0.000106381313566 
1297.49619792 -0.00515898000077 
1300.49619792 -0.00612473375695 
1303.49619792 -0.00739072244929 
1306.49619792 -0.0113988858855 
1309.49619792 -0.0166158041646 
1312.49619792 -0.0222857349113 
1315.49619792 -0.027618311151 
1318.49619792 -0.0263993252074 
1321.49619792 -0.0223724660786 
1324.49619792 -0.0212582208777 
1327.49619792 -0.0233531982485 
1330.49619792 -0.0229946387711 
1333.49619792 -0.0174477581971 
1336.49619792 -0.0119551535576 
1339.49619792 -0.00906508192763 
1342.49619792 -0.00176228891869 
1345.49619792 0.00561259618278 
1348.49619792 -0.00032201969421 
1351.49619792 -0.00769767721402 
1354.49619792 -0.0117319794844 
1357.49619792 -0.00782181235594 
1360.49619792 -0.00204618722658 
1363.49619792 0.00183782947984 
1366.49619792 0.0015357712401 
1369.49619792 0.00012083553649 
1372.49619792 0.00298177929289 
1375.49619792 0.00934597453855 
1378.49619792 0.019261252404 
1381.49619792 0.0275774897518 
1384.49619792 0.0296273813819 
1387.49619792 0.0242638308698 
1390.49619792 0.0168230275862 
1393.49619792 0.00910047848012 
1396.49619792 -0.00161931588216 
1399.49619792 -0.0102229885608 
1402.49619792 -0.0224877818389 
1405.49619792 -0.0291380922549 
1408.49619792 -0.0339468709335 
1411.49619792 -0.0393260642314 
1414.49619792 -0.0471670415178 
1417.49619792 -0.0522719870698 
1420.49619792 -0.056923250632 
1423.49619792 -0.0576563557172 
1426.49619792 -0.0501063699546 
1429.49619792 -0.049741124411 
1432.49619792 -0.0435480461692 
1435.49619792 -0.0391538013145 
1438.49619792 -0.031143632902 
1441.49619792 -0.0280216267581 
1444.49619792 -0.0267745712386 
1447.49619792 -0.0189167586157 
1450.49619792 -0.00724132056885 
1453.49619792 0.00465178287112 
1456.49619792 0.0136738937754 
1459.49619792 0.0156530781367 
1462.49619792 0.0169774331439 
1465.49619792 0.0154100301262 
1468.49619792 0.0139897423131 
1471.49619792 0.0106761131876 
1474.49619792 0.0112533054319 
1477.49619792 0.0131291624862 
1480.49619792 0.0164939579876 
1483.49619792 0.0220191368859 
1486.49619792 0.0251566141432 
1489.49619792 0.0224030123145 
1492.49619792 0.0180956760218 
1495.49619792 0.0211990923376 
1498.49619792 0.0234938230932 
1501.49619792 0.0257120978448 
1504.49619792 0.0251925280017 
1507.49619792 0.0226368117625 
1510.49619792 0.0203197796224 
1513.49619792 0.0217100030266 
1516.49619792 0.0222357988541 
1519.49619792 0.0177459267702 
1522.49619792 0.0134611287699 
1525.49619792 0.00904926975843 
1528.49619792 0.0060222808346 
1531.49619792 0.000444640328224 
1534.49619792 0.00182009443709 
1537.49619792 0.00577143832652 
1540.49619792 0.00789086298642 
1543.49619792 0.00778058867118 
1546.49619792 0.00858005656991 
1549.49619792 0.0111403244157 
1552.49619792 0.01667087437 
1555.49619792 0.0190755051951 
1558.49619792 0.0166395716312 
1561.49619792 0.0127136581413 
1564.49619792 0.0117127098338 
1567.49619792 0.0094557212474 
1570.49619792 0.00805681007707 
1573.49619792 0.00438149160092 
1576.49619792 0.00230021554456 
1579.49619792 -0.00321849688498 
1582.49619792 -0.0105435077313 
1585.49619792 -0.0162032411395 
1588.49619792 -0.015581554852 
1591.49619792 -0.0166898041094 
1594.49619792 -0.0225936647751 
1597.49619792 -0.032144549164 
1600.49619792 -0.0387459947583 
1603.49619792 -0.0366122011215 
1606.49619792 -0.02981929964 
1609.49619792 -0.0236352422087 
1612.49619792 -0.0208257621701 
1615.49619792 -0.0230750844409 
1618.49619792 -0.0272506736391 
1621.49619792 -0.0282860594228 
1624.49619792 -0.0223197947083 
1627.49619792 -0.0114122431399 
1630.49619792 0.000616168237067 
1633.49619792 0.00898789002141 
1636.49619792 0.0089314882107 
1639.49619792 0.00395298307438 
1642.49619792 -0.000342176354472 
1645.49619792 -0.00345782446925 
1648.49619792 -0.00665973980672 
1651.49619792 -0.0105294443312 
1654.49619792 -0.0139000641036 
1657.49619792 -0.013216153451 
1660.49619792 -0.0110666998612 
1663.49619792 -0.00473335843116 
1666.49619792 -0.000550472227636 
1669.49619792 -0.00132657487386 
1672.49619792 -0.00340508786352 
1675.49619792 -0.00114904275985 
1678.49619792 -0.000583098166996 
1681.49619792 0.00259511046878 
1684.49619792 0.00335613176936 
1687.49619792 0.0019356034719 
1690.49619792 0.00508427333813 
1693.49619792 0.01111835722 
1696.49619792 0.0152170074426 
1699.49619792 0.0153466647122 
1702.49619792 0.0128663492642 
1705.49619792 0.0102898503687 
1708.49619792 0.00860348526966 
1711.49619792 0.0118754025886 
1714.49619792 0.0140657393797 
1717.49619792 0.014745568808 
1720.49619792 0.0118562004625 
1723.49619792 0.0118108434794 
1726.49619792 0.012996808816 
1729.49619792 0.0153588786286 
1732.49619792 0.0170196118992 
1735.49619792 0.013681021612 
1738.49619792 0.00877849036647 
1741.49619792 0.00195190562264 
1744.49619792 -0.00442337107411 
1747.49619792 -0.0105521382733 
1750.49619792 -0.012772354067 
1753.49619792 -0.00956335695841 
1756.49619792 -0.0110333805443 
1759.49619792 -0.0139808393843 
1762.49619792 -0.0182656362401 
1765.49619792 -0.0159437400496 
1768.49619792 -0.0137221405766 
1771.49619792 -0.0121980974202 
1774.49619792 -0.0104818109726 
1777.49619792 -0.0115622275619 
1780.49619792 -0.014293169783 
1783.49619792 -0.0180475093344 
1786.49619792 -0.0160412739865 
1789.49619792 -0.0157917127265 
1792.49619792 -0.00608651605528 
1795.49619792 -0.00261805991652 
1798.49619792 0.000966043381761 
1801.49619792 0.00113008548141 
1804.49619792 0.00323246100119 
1807.49619792 0.0084786468433 
1810.49619792 0.0148568228002 
1813.49619792 0.0173858725988 
1816.49619792 0.0194690789678 
1819.49619792 0.0194393910937 
1822.49619792 0.0105829889415 
1825.49619792 0.0049758610958 
1828.49619792 0.00405425489086 
1831.49619792 0.00251568939691 
1834.49619792 0.00240743366255 
1837.49619792 -0.00325580701209 
1840.49619792 -0.00827370952534 
1843.49619792 -0.0146447879744 
1846.49619792 -0.0190870907907 
1849.49619792 -0.0243997267131 
1852.49619792 -0.0240647733303 
1855.49619792 -0.0217761426661 
1858.49619792 -0.0228495618898 
1861.49619792 -0.0256068809974 
1864.49619792 -0.0268787008277 
1867.49619792 -0.0261935953354 
1870.49619792 -0.0278116371225 
1873.49619792 -0.0226298098191 
1876.49619792 -0.0174484288638 
1879.49619792 -0.0158829817666 
1882.49619792 -0.0159043343752 
1885.49619792 -0.013771543305 
1888.49619792 -0.0143155283917 
1891.49619792 -0.0148444188996 
1894.49619792 -0.0115440692037 
1897.49619792 -0.00996286945043 
1900.49619792 -0.00932540990607 
1903.49619792 -0.00787619930533 
1906.49619792 -0.00414284355309 
1909.49619792 -0.00298422791304 
1912.49619792 -0.00205744392655 
1915.49619792 -0.000770631018803 
1918.49619792 0.00151794950282 
1921.49619792 0.00481691194295 
1924.49619792 0.00746717330314 
1927.49619792 0.00765755337687 
1930.49619792 0.00866453253454 
1933.49619792 0.0070379551975 
1936.49619792 0.00182652471161 
1939.49619792 -0.00221382557613 
1942.49619792 -0.00770176644973 
1945.49619792 -0.0104379280829 
1948.49619792 -0.00886378349156 
1951.49619792 -0.0070825728449 
1954.49619792 -0.00632298729753 
1957.49619792 -0.0070128790153 
1960.49619792 -0.0112167254846 
1963.49619792 -0.0114776720558 
1966.49619792 -0.00866499604992 
1969.49619792 0.000239141981408 
1972.49619792 0.00497259188174 
1975.49619792 0.00780701591489 
1978.49619792 0.0114870064544 
1981.49619792 0.010996900167 
1984.49619792 0.00975348867945 
1987.49619792 0.00866886726173 
1990.49619792 0.00660663238868 
1993.49619792 0.00438707839188 
1996.49619792 0.006118852834 
1999.49619792 0.00426454981717 
2002.49619792 -0.000120800084359 
2005.49619792 -0.00369519613306 
2008.49619792 -0.00686405567072 
2011.49619792 -0.00435838764805 
2014.49619792 -0.00333153483917 
2017.49619792 -0.000869216377376 
2020.49619792 -0.00157340096393 
2023.49619792 -0.00263328754133 
2026.49619792 -0.00587297280172 
2029.49619792 -0.00311728858728 
2032.49619792 -0.00338450949725 
2035.49619792 -0.00133464705148 
2038.49619792 -0.00356457520923 
2041.49619792 -0.00396129430576 
2044.49619792 -0.0058633419821 
2047.49619792 -0.0111909620407 
2050.49619792 -0.0139237079661 
2053.49619792 -0.0171026280765 
2056.49619792 -0.0252064059956 
2059.49619792 -0.0293710470749 
2062.49619792 -0.0323366734289 
2065.49619792 -0.0314395044989 
2068.49619792 -0.0325985790764 
2071.49619792 -0.0339769593765 
2074.49619792 -0.0338970882369 
2077.49619792 -0.0351423171625 
2080.49619792 -0.034844527413 
2083.49619792 -0.0322043598156 
2086.49619792 -0.0268674597213 
2089.49619792 -0.0228857252455 
2092.49619792 -0.0169263537487 
2095.49619792 -0.0110432906176 
2098.49619792 -0.0065913524038 
2101.49619792 -0.00469822911531 
2104.49619792 -0.00370697514619 
2107.49619792 -0.000670001614616 
2110.49619792 0.00285748020387 
2113.49619792 0.00572202186431 
2116.49619792 0.00720997319518 
2119.49619792 0.0100013606834 
2122.49619792 0.00860648781931 
2125.49619792 0.0110480608204 
2128.49619792 0.0107555334011 
2131.49619792 0.0133900873123 
2134.49619792 0.0160254526614 
2137.49619792 0.0157779938157 
2140.49619792 0.0114181200572 
2143.49619792 0.00571284311525 
2146.49619792 0.00403322388179 
2149.49619792 0.00217473406213 
2152.49619792 -0.000510494204699 
2155.49619792 -0.000578790549732 
2158.49619792 0.00111379012603 
2161.49619792 0.00162842939572 
2164.49619792 0.00244112207501 
2167.49619792 0.00370760546989 
2170.49619792 0.00209570268653 
2173.49619792 -0.00275950592738 
2176.49619792 -0.00406669055079 
2179.49619792 -0.00218801349173 
2182.49619792 0.000179455917437 
2185.49619792 0.000400649535308 
2188.49619792 0.0017210898403 
2191.49619792 0.00258487421796 
2194.49619792 0.00576430877324 
2197.49619792 0.00845951166937 
2200.49619792 0.00514766850871 
2203.49619792 -0.000999021285232 
2206.49619792 -0.00447665045064 
2209.49619792 -0.00908098908888 
2212.49619792 -0.0119853049471 
2215.49619792 -0.0134564478368 
2218.49619792 -0.0138514922694 
2221.49619792 -0.0134205912024 
2224.49619792 -0.0124450309485 
2227.49619792 -0.00750525423916 
2230.49619792 -0.00292399008336 
2233.49619792 0.00133522773325 
2236.49619792 0.00192261846041 
2239.49619792 0.00411151735235 
2242.49619792 0.0103735028782 
2245.49619792 0.0191905851921 
2248.49619792 0.0234535190001 
2251.49619792 0.0273791601032 
2254.49619792 0.0328005298675 
2257.49619792 0.0366873569935 
2260.49619792 0.0416773072402 
2263.49619792 0.0480834560643 
2266.49619792 0.052499327059 
2269.49619792 0.0506182923661 
2272.49619792 0.0475906785549 
2275.49619792 0.0413262853242 
2278.49619792 0.0370199435867 
2281.49619792 0.0337360206471 
2284.49619792 0.0311969131369 
2287.49619792 0.0270135162796 
2290.49619792 0.0198347227914 
2293.49619792 0.0125081834888 
2296.49619792 0.00300533331347 
2299.49619792 -0.00354624632317 
2302.49619792 -0.0102571937071 
2305.49619792 -0.0119111379079 
2308.49619792 -0.0167169706887 
2311.49619792 -0.0204296590912 
2314.49619792 -0.0247575262541 
2317.49619792 -0.0280103513173 
2320.49619792 -0.0258594110448 
2323.49619792 -0.0270449391891 
2326.49619792 -0.0252460714676 
2329.49619792 -0.0240874157706 
2332.49619792 -0.0211603561854 
2335.49619792 -0.0157649741836 
2338.49619792 -0.0108215013682 
2341.49619792 -0.00732966831752 
2344.49619792 -0.00498644870272 
2347.49619792 -0.00461335944873 
2350.49619792 -0.000329764943267 
2353.49619792 0.0022848324132 
2356.49619792 0.00461827385627 
2359.49619792 0.00222009047294 
2362.49619792 -0.000139891526543 
2365.49619792 0.000398489432023 
2368.49619792 0.00510956468304 
2371.49619792 0.00804974232584 
2374.49619792 0.00809533678899 
2377.49619792 0.00726274699659 
2380.49619792 0.00634541743637 
2383.49619792 0.00582699436471 
2386.49619792 0.00323376428056 
2389.49619792 0.00173801430337 
2392.49619792 0.00190708683246 
2395.49619792 0.00386044795063 
2398.49619792 0.00608903391662 
2401.49619792 0.0100029961488 
2404.49619792 0.0135995687977 
2407.49619792 0.0188538086488 
2410.49619792 0.0176133487814 
2413.49619792 0.0149350229954 
2416.49619792 0.0102842767392 
2419.49619792 0.0114856021745 
2422.49619792 0.0130385641129 
2425.49619792 0.0173702984819 
2428.49619792 0.0155514274966 
2431.49619792 0.013656629258 
2434.49619792 0.0149513124138 
2437.49619792 0.017405530229 
2440.49619792 0.0181620731698 
2443.49619792 0.0159185740256 
2446.49619792 0.00937231651832 
2449.49619792 0.00614119313096 
2452.49619792 0.00914106239921 
2455.49619792 0.012728069464 
2458.49619792 0.0130967782115 
2461.49619792 0.0107431317896 
2464.49619792 0.00897381975446 
2467.49619792 0.0110779959027 
2470.49619792 0.0130188961824 
2473.49619792 0.00985288812268 
2476.49619792 0.00829140894607 
2479.49619792 0.0063803258671 
2482.49619792 0.00817427689212 
2485.49619792 0.00672116703976 
2488.49619792 0.00751556945927 
2491.49619792 0.00499472502739 
2494.49619792 0.00450699239649 
2497.49619792 -0.000873768341637 
2500.49619792 -0.00333796425532 
2503.49619792 -0.00634910209754 
2506.49619792 -0.00562209882037 
2509.49619792 -0.00507692804992 
2512.49619792 -0.00490297587694 
2515.49619792 -0.00296728098951 
2518.49619792 0.000965939734572 
2521.49619792 0.00245053487073 
2524.49619792 0.00109249180878 
2527.49619792 -0.00391965259879 
2530.49619792 -0.00852498865347 
2533.49619792 -0.0115558550838 
2536.49619792 -0.00946290344687 
2539.49619792 -0.00170311402707 
2542.49619792 0.0039780455228 
2545.49619792 0.00597943312928 
2548.49619792 0.00548883700334 
2551.49619792 0.004385491567 
2554.49619792 0.00369182191274 
2557.49619792 0.00848463305863 
2560.49619792 0.0130197923121 
2563.49619792 0.0170369496635 
2566.49619792 0.0188960125827 
2569.49619792 0.0183419789404 
2572.49619792 0.0131418067281 
2575.49619792 0.00869853281847 
2578.49619792 0.00452300284727 
2581.49619792 -0.00175343663324 
2584.49619792 -0.00945305059766 
2587.49619792 -0.0161604008733 
2590.49619792 -0.0217927307943 
2593.49619792 -0.026155850305 
2596.49619792 -0.0264069978176 
2599.49619792 -0.02641302924 
2602.49619792 -0.0258507267121 
2605.49619792 -0.0236579762076 
2608.49619792 -0.0225552078766 
2611.49619792 -0.0197387487841 
2614.49619792 -0.0122810804075 
2617.49619792 -0.0036346198227 
2620.49619792 0.00595967879035 
2623.49619792 0.0116122929457 
2626.49619792 0.014654421083 
2629.49619792 0.0187775071499 
2632.49619792 0.0234886340099 
2635.49619792 0.0244855514503 
2638.49619792 0.0246456691197 
2641.49619792 0.0234895679075 
2644.49619792 0.0218304964255 
2647.49619792 0.0169921385986 
2650.49619792 0.0114664320938 
2653.49619792 0.00855384277217 
2656.49619792 0.00695471012373 
2659.49619792 0.00290360456238 
2662.49619792 0.00102663042164 
2665.49619792 0.00265415488941 
2668.49619792 0.00449345316938 
2671.49619792 0.00347265524478 
2674.49619792 0.00199357308047 
2677.49619792 0.000507432642678 
2680.49619792 -0.00144836869085 
2683.49619792 -0.00735979109499 
2686.49619792 -0.0116443659212 
2689.49619792 -0.0132122999787 
2692.49619792 -0.0139416729067 
2695.49619792 -0.0160606615188 
2698.49619792 -0.0181419073894 
2701.49619792 -0.0174411923014 
2704.49619792 -0.0132898638417 
2707.49619792 -0.00894715331392 
2710.49619792 -0.00846560317708 
2713.49619792 -0.0121051459909 
2716.49619792 -0.0146529229555 
2719.49619792 -0.0163295210415 
2722.49619792 -0.0126679040228 
2725.49619792 -0.00743714837892 
2728.49619792 -0.000255268239509 
2731.49619792 0.00589985211599 
2734.49619792 0.0115766812305 
2737.49619792 0.0182899610696 
2740.49619792 0.0198393533673 
2743.49619792 0.0180221086914 
2746.49619792 0.0192152693891 
2749.49619792 0.0199963488886 
2752.49619792 0.0212857777256 
2755.49619792 0.0163470304781 
2758.49619792 0.012534775538 
2761.49619792 0.00783678962521 
2764.49619792 0.00163215010809 
2767.49619792 0.000592039650544 
2770.49619792 0.000908092227972 
2773.49619792 -0.000257031636573 
2776.49619792 -0.00187568810014 
2779.49619792 -0.00138880839477 
2782.49619792 0.000317041910956 
2785.49619792 0.00167051873838 
2788.49619792 0.00315069946276 
2791.49619792 0.0024347083955 
2794.49619792 0.00263691326166 
2797.49619792 0.00167382529117 
2800.49619792 -0.000728212351326 
2803.49619792 -0.00646635661111 
2806.49619792 -0.0141063421827 
2809.49619792 -0.0198105627674 
2812.49619792 -0.0220919145234 
2815.49619792 -0.0208855476431 
2818.49619792 -0.0193927671686 
2821.49619792 -0.0166693304632 
2824.49619792 -0.0148157416035 
2827.49619792 -0.0135363269878 
2830.49619792 -0.0149522554673 
2833.49619792 -0.0166157389291 
2836.49619792 -0.0185706648409 
2839.49619792 -0.0218188913736 
2842.49619792 -0.0225774222805 
2845.49619792 -0.0216726974774 
2848.49619792 -0.0237938926517 
2851.49619792 -0.024739628838 
2854.49619792 -0.0203079319403 
2857.49619792 -0.0127966663072 
2860.49619792 -0.00571633321441 
2863.49619792 -0.000167895822332 
2866.49619792 0.00473205085998 
2869.49619792 0.0112508436502 
2872.49619792 0.0187556246459 
2875.49619792 0.0212864415254 
2878.49619792 0.0225640272581 
2881.49619792 0.0247215528825 
2884.49619792 0.0275460141961 
2887.49619792 0.0294784910851 
2890.49619792 0.0275088940531 
2893.49619792 0.0250718491967 
2896.49619792 0.0235166257611 
2899.49619792 0.0206437894642 
2902.49619792 0.0170844067718 
2905.49619792 0.0150855247235 
2908.49619792 0.0102181668564 
2911.49619792 0.00233231670296 
2914.49619792 -0.0046713214751 
2917.49619792 -0.0118977898094 
2920.49619792 -0.0162594317932 
2923.49619792 -0.0136312732499 
2926.49619792 -0.0104845005063 
2929.49619792 -0.0105922523823 
2932.49619792 -0.0149049746093 
2935.49619792 -0.0181848460811 
2938.49619792 -0.0196473733071 
2941.49619792 -0.0170972341308 
2944.49619792 -0.0122283666914 
2947.49619792 -0.00468250879082 
2950.49619792 -0.00110039789338 
2953.49619792 -0.000295564535856 
2956.49619792 0.000931283519153 
2959.49619792 0.00564289292158 
2962.49619792 0.0115032249149 
2965.49619792 0.0157220343474 
2968.49619792 0.0158872495415 
2971.49619792 0.0141169572572 
2974.49619792 0.0110196959679 
2977.49619792 0.00569552480717 
2980.49619792 0.00498226275825 
2983.49619792 0.0055079212478 
2986.49619792 0.00846725409298 
2989.49619792 0.0109010268741 
2992.49619792 0.00955394473493 
2995.49619792 0.00811305108799 
2998.49619792 0.00757929595751 
3001.49619792 0.0089791799379 
3004.49619792 0.0116066277576 
3007.49619792 0.0125956162238 
3010.49619792 0.0109250083589 
3013.49619792 0.00740209345444 
3016.49619792 0.0047164735958 
3019.49619792 0.0023404828712 
3022.49619792 0.000376796876345 
3025.49619792 -0.000313790686738 
3028.49619792 -0.000293010462379 
3031.49619792 -0.00110729998078 
3034.49619792 -0.0044078684874 
3037.49619792 -0.00939094640326 
3040.49619792 -0.0147511206922 
3043.49619792 -0.0219651333381 
3046.49619792 -0.0275469595386 
3049.49619792 -0.0271818192873 
3052.49619792 -0.0273409504129 
3055.49619792 -0.0273433698487 
3058.49619792 -0.0242133088376 
3061.49619792 -0.0160799574925 
3064.49619792 -0.0051720225225 
3067.49619792 0.00610515738504 
3070.49619792 0.010178006968 
3073.49619792 0.0146137152766 
3076.49619792 0.014665590087 
3079.49619792 0.0137301382198 
3082.49619792 0.0121556829014 
3085.49619792 0.00855066225551 
3088.49619792 0.00687117664038 
3091.49619792 0.00607585119579 
3094.49619792 0.00558575120298 
3097.49619792 0.00136474894214 
3100.49619792 -0.00704485413757 
3103.49619792 -0.0167834021712 
3106.49619792 -0.0224891941302 
3109.49619792 -0.0262501144556 
3112.49619792 -0.0252802823363 
3115.49619792 -0.0189357982253 
3118.49619792 -0.0102831036448 
3121.49619792 -0.00464732024801 
3124.49619792 0.00151238116663 
3127.49619792 0.00550839334681 
3130.49619792 0.0133692554431 
3133.49619792 0.0230237132027 
3136.49619792 0.0341304070023 
3139.49619792 0.043380292513 
3142.49619792 0.0547527168204 
3145.49619792 0.0621093811894 
3148.49619792 0.0624098993849 
3151.49619792 0.0574554532721 
3154.49619792 0.0514290070937 
3157.49619792 0.0422077977346 
3160.49619792 0.0326017447148 
3163.49619792 0.0262293214988 
3166.49619792 0.0174365640144 
3169.49619792 0.00575213319695 
3172.49619792 -0.00735210932894 
3175.49619792 -0.0194732631956 
3178.49619792 -0.0274809755488 
3181.49619792 -0.0312965632217 
3184.49619792 -0.033861913714 
3187.49619792 -0.0369288839869 
3190.49619792 -0.0394555555511 
3193.49619792 -0.0422797811013 
3196.49619792 -0.0408881042044 
3199.49619792 -0.0356011401673 
3202.49619792 -0.0254253523507 
3205.49619792 -0.0174477238626 
3208.49619792 -0.00987377492697 
3211.49619792 -0.00479543801918 
3214.49619792 -0.00329337836731 
3217.49619792 -0.00209806575662 
3220.49619792 -0.00119081500935 
3223.49619792 0.000676428455682 
3226.49619792 0.00389705536552 
3229.49619792 0.00637233337407 
3232.49619792 0.00307399567829 
3235.49619792 -0.00139885709353 
3238.49619792 -0.00324829348496 
3241.49619792 -0.00226217423624 
3244.49619792 0.000973182734669 
3247.49619792 0.00721324698716 
3250.49619792 0.0137726420082 
3253.49619792 0.0174437856985 
3256.49619792 0.0180237178337 
3259.49619792 0.0185416808235 
3262.49619792 0.0183664319519 
3265.49619792 0.0155938179812 
3268.49619792 0.0121778446592 
3271.49619792 0.00951724862265 
3274.49619792 0.00706199161743 
3277.49619792 0.00249609356881 
3280.49619792 -0.00183978125155 
3283.49619792 -0.00455059488798 
3286.49619792 -0.00583698741302 
3289.49619792 -0.00844178363658 
3292.49619792 -0.010245511975 
3295.49619792 -0.00797863162699 
3298.49619792 -0.00341485258758 
3301.49619792 0.00241621470396 
3304.49619792 0.00703729940907 
3307.49619792 0.00899710138822 
3310.49619792 0.0102772953964 
3313.49619792 0.011848218842 
3316.49619792 0.0144953563374 
3319.49619792 0.0135087735733 
3322.49619792 0.00834495183967 
3325.49619792 0.00365494268327 
3328.49619792 -0.00192240701728 
3331.49619792 -0.00498388792329 
3334.49619792 -0.00485439431466 
3337.49619792 -0.00426601332408 
3340.49619792 -0.00680930305919 
3343.49619792 -0.00979017849708 
3346.49619792 -0.0132385681393 
3349.49619792 -0.0137679805312 
3352.49619792 -0.0133295007016 
3355.49619792 -0.00982608319977 
3358.49619792 -0.00616384701612 
3361.49619792 -0.00299558604276 
3364.49619792 0.000534151335992 
3367.49619792 0.00136892201119 
3370.49619792 -0.000627947464791 
3373.49619792 -0.00333182582383 
3376.49619792 -0.0067539066763 
3379.49619792 -0.00877107354811 
3382.49619792 -0.0107927325134 
3385.49619792 -0.0138777970535 
3388.49619792 -0.01864626935 
3391.49619792 -0.02417993573 
3394.49619792 -0.0254275451791 
3397.49619792 -0.0225390706744 
3400.49619792 -0.0206701858069 
3403.49619792 -0.0207713168521 
3406.49619792 -0.0187245725487 
3409.49619792 -0.0122304553718 
3412.49619792 0.00113601819219 
3415.49619792 0.012734906602 
3418.49619792 0.0196845506743 
3421.49619792 0.0209212738065 
3424.49619792 0.0207904091079 
3427.49619792 0.0178365720673 
3430.49619792 0.0168088016697 
3433.49619792 0.0159699372524 
3436.49619792 0.0176931363738 
3439.49619792 0.0237309735858 
3442.49619792 0.0289500927046 
3445.49619792 0.0301477477847 
3448.49619792 0.0246708683338 
3451.49619792 0.019186715697 
3454.49619792 0.0130158003574 
3457.49619792 0.00997977688931 
3460.49619792 0.00842967157906 
3463.49619792 0.00880131077382 
3466.49619792 0.00943572313372 
3469.49619792 0.0065965271811 
3472.49619792 0.00147610164595 
3475.49619792 -0.00646087282356 
3478.49619792 -0.0126767714727 
3481.49619792 -0.0157814100957 
3484.49619792 -0.0132533468409 
3487.49619792 -0.00805147221103 
3490.49619792 -0.00393267223088 
3493.49619792 0.000222354659527 
3496.49619792 0.00158471488802 
3499.49619792 0.00089778094202 
3502.49619792 0.00185777022634 
3505.49619792 0.00317123462482 
3508.49619792 0.00390901778197 
3511.49619792 0.00303040749283 
3514.49619792 0.000508222442847 
3517.49619792 -0.00349489625789 
3520.49619792 -0.00790162569916 
3523.49619792 -0.00934414164994 
3526.49619792 -0.00961741544135 
3529.49619792 -0.0111830971574 
3532.49619792 -0.0128278706206 
3535.49619792 -0.00968945488769 
3538.49619792 -0.00324021143618 
3541.49619792 0.00292951278331 
3544.49619792 0.00585827535839 
3547.49619792 0.00721671419667 
3550.49619792 0.00744277751574 
3553.49619792 0.00715957762825 
3556.49619792 0.00235038207194 
3559.49619792 -0.0069683460596 
3562.49619792 -0.0175466288894 
3565.49619792 -0.024117872737 
3568.49619792 -0.0233948665647 
3571.49619792 -0.0187200472652 
3574.49619792 -0.00935894667461 
3577.49619792 -0.000247390606024 
3580.49619792 0.00787103654511 
3583.49619792 0.013391474425 
3586.49619792 0.0165974191989 
3589.49619792 0.0177281083233 
3592.49619792 0.0153389119882 
3595.49619792 0.00697087193231 
3598.49619792 -0.00217522690488 
3601.49619792 -0.0111965574152 
3604.49619792 -0.0171966461634 
3607.49619792 -0.0220945926123 
3610.49619792 -0.0229045336697 
3613.49619792 -0.017733827302 
3616.49619792 -0.0113029759692 
3619.49619792 -0.00441566098212 
3622.49619792 0.00488605985444 
3625.49619792 0.0127685784195 
3628.49619792 0.0183295006485 
3631.49619792 0.0214163837711 
3634.49619792 0.0200380629841 
3637.49619792 0.0190062445521 
3640.49619792 0.0239211087403 
3643.49619792 0.0309842499903 
3646.49619792 0.0423222413993 
3649.49619792 0.0514256560491 
3652.49619792 0.0535120520907 
3655.49619792 0.0489754336221 
3658.49619792 0.0412421383982 
3661.49619792 0.0325266025766 
3664.49619792 0.0231556903382 
3667.49619792 0.0145073413574 
3670.49619792 0.0054496894097 
3673.49619792 -0.00207658539513 
3676.49619792 -0.011480424536 
3679.49619792 -0.0192480748333 
3682.49619792 -0.0253361719911 
3685.49619792 -0.0261498829736 
3688.49619792 -0.0263944153778 
3691.49619792 -0.0256891280825 
3694.49619792 -0.0262095883328 
3697.49619792 -0.0293476973444 
3700.49619792 -0.0317165310482 
3703.49619792 -0.0312770337736 
3706.49619792 -0.028774556568 
3709.49619792 -0.0239669017711 
3712.49619792 -0.0179284831621 
3715.49619792 -0.0107354053887 
3718.49619792 -0.0029220078398 
3721.49619792 0.00131037772938 
3724.49619792 0.003057879649 
3727.49619792 0.000147109142377 
3730.49619792 -0.00531269944117 
3733.49619792 -0.0117465853691 
3736.49619792 -0.0178583149445 
3739.49619792 -0.022706922756 
3742.49619792 -0.0258917358064 
3745.49619792 -0.0263340851312 
3748.49619792 -0.0236617209541 
3751.49619792 -0.0182578560486 
3754.49619792 -0.012739430741 
3757.49619792 -0.00903623067014 
3760.49619792 -0.00527220421947 
3763.49619792 -0.00205102209259 
3766.49619792 0.00189286978563 
3769.49619792 0.00401527868346 
3772.49619792 0.00401684834111 
3775.49619792 0.00262664868489 
3778.49619792 0.00420561498074 
3781.49619792 0.00735618196966 
3784.49619792 0.0136799412206 
3787.49619792 0.0230961909858 
3790.49619792 0.0338173979255 
3793.49619792 0.0403583736464 
3796.49619792 0.0438054265331 
3799.49619792 0.0476279520586 
3802.49619792 0.0449450975556 
3805.49619792 0.0376431074011 
3808.49619792 0.0291918485945 
3811.49619792 0.0193751718958 
3814.49619792 0.0112455950538 
3817.49619792 0.00352598497853 
3820.49619792 -0.00896767846176 
3823.49619792 -0.0182347500929 
3826.49619792 -0.0209429823492 
3829.49619792 -0.0133572349442 
3832.49619792 -0.00299028651689 
3835.49619792 0.00457887962667 
3838.49619792 0.0112685133144 
3841.49619792 0.0133887173668 
3844.49619792 0.0154197422041 
3847.49619792 0.0155756516116 
3850.49619792 0.0145877847382 
3853.49619792 0.01305193739 
3856.49619792 0.00721089507578 
3859.49619792 -0.00579147821381 
3862.49619792 -0.0207580088104 
3865.49619792 -0.0284662238464 
3868.49619792 -0.0333286970625 
3871.49619792 -0.0296364754393 
3874.49619792 -0.0239930692173 
3877.49619792 -0.0183950875029 
3880.49619792 -0.0134737020539 
3883.49619792 -0.00815054719349 
3886.49619792 0.00152653383632 
3889.49619792 0.0134318231529 
3892.49619792 0.0230982396094 
3895.49619792 0.0272366972197 
3898.49619792 0.0244331135545 
3901.49619792 0.0215632712237 
3904.49619792 0.0189393999115 
3907.49619792 0.014965722592 
3910.49619792 0.00932905908829 
3913.49619792 0.00650358547996 
3916.49619792 0.00473889600938 
3919.49619792 0.00148376781842 
3922.49619792 -0.00461733738352 
3925.49619792 -0.00648966685693 
3928.49619792 -0.00725122549201 
3931.49619792 -0.00878188776256 
3934.49619792 -0.0122146569364 
3937.49619792 -0.0128214042949 
3940.49619792 -0.0103871920325 
3943.49619792 -0.00778364100581 
3946.49619792 -0.00380377031966 
3949.49619792 0.00279681605449 
3952.49619792 0.0136833552117 
3955.49619792 0.0216257233407 
3958.49619792 0.0231503135598 
3961.49619792 0.020095905126 
3964.49619792 0.0122862843691 
3967.49619792 0.001347703307 
3970.49619792 -0.00800821535324 
3973.49619792 -0.0162581476839 
3976.49619792 -0.019570340484 
3979.49619792 -0.0158770075683 
3982.49619792 -0.00760223024086 
3985.49619792 0.00340223352435 
3988.49619792 0.0101935856628 
3991.49619792 0.0128404267373 
3994.49619792 0.014536933095 
3997.49619792 0.0154128249523 
4000.49619792 0.0173479616184 
4003.49619792 0.0155685226306 
4006.49619792 0.0121324556306 
4009.49619792 0.00855516293265 
4012.49619792 0.00652576669387 
4015.49619792 0.00826154539387 
4018.49619792 0.0113422397278 
4021.49619792 0.0149791508043 
4024.49619792 0.0147907472517 
4027.49619792 0.011079640524 
4030.49619792 0.00553445263942 
4033.49619792 -0.00284868199521 
4036.49619792 -0.0111850175989 
4039.49619792 -0.0177351423123 
4042.49619792 -0.0220982320664 
4045.49619792 -0.0245746013389 
4048.49619792 -0.0221255600178 
4051.49619792 -0.0164477380648 
4054.49619792 -0.00688816362079 
4057.49619792 0.00298447769633 
4060.49619792 0.0101714387834 
4063.49619792 0.0168394291639 
4066.49619792 0.0285917873024 
4069.49619792 0.03806505976 
4072.49619792 0.0440575056545 
4075.49619792 0.0397273518157 
4078.49619792 0.0275721839313 
4081.49619792 0.0143771725042 
4084.49619792 0.00521596664199 
4087.49619792 0.000865865690482 
4090.49619792 -0.00132962606401 
4093.49619792 -0.00568776521631 
4096.49619792 -0.0117805787861 
4099.49619792 -0.0156776742086 
4102.49619792 -0.0151058278417 
4105.49619792 -0.0113149564112 
4108.49619792 -0.00631722540075 
4111.49619792 -0.00480125141766 
4114.49619792 -0.00448217830076 
4117.49619792 -0.0057189449233 
4120.49619792 -0.0090562825745 
4123.49619792 -0.00870404121239 
4126.49619792 -0.00512630044956 
4129.49619792 -0.00201987400193 
4132.49619792 -0.00106652006907 
4135.49619792 -0.00202903472539 
4138.49619792 -0.00264901931064 
4141.49619792 -0.00433175125018 
4144.49619792 -0.00673897861977 
4147.49619792 -0.00803366807016 
4150.49619792 -0.00696470488876 
4153.49619792 0.000623063028385 
4156.49619792 0.0129967596033 
4159.49619792 0.0285145942517 
4162.49619792 0.041268008279 
4165.49619792 0.0519665063984 
4168.49619792 0.0575098802783 
4171.49619792 0.0570028470958 
4174.49619792 0.0490156553125 
4177.49619792 0.0347496017516 
4180.49619792 0.0122950259258 
4183.49619792 -0.0144214845747 
4186.49619792 -0.0390868765601 
4189.49619792 -0.0558084835471 
4192.49619792 -0.0624054313255 
4195.49619792 -0.0572124796529 
4198.49619792 -0.0361753224228 
4201.49619792 -0.00676932914924 
4204.49619792 0.0221078090953 
4207.49619792 0.0374582093982 
4210.49619792 0.0387433120915 
4213.49619792 0.0284151776412 
4216.49619792 0.0143430749392 
4219.49619792 0.00169662280887 
4222.49619792 -0.00819695252244 
4225.49619792 -0.0190058966295 
4228.49619792 -0.027798125363 
4231.49619792 -0.0294967043784 
4234.49619792 -0.0205886093885 
4237.49619792 0.00459994611469 
4240.49619792 0.03883302578 
4243.49619792 0.0663352406336 
4246.49619792 0.0750688867452 
4249.49619792 0.071143966666 
4252.49619792 0.0577682815206 
4255.49619792 0.0399829193194 
4258.49619792 0.0240873402348 
4261.49619792 0.0123782229314 
4264.49619792 0.00687304672466 
4267.49619792 0.000804660200912 
4270.49619792 -0.0073509299398 
4273.49619792 -0.0165771904721 
4276.49619792 -0.0238543510803 
4279.49619792 -0.026793688673 
4282.49619792 -0.0275792636996 
4285.49619792 -0.026000264786 
4288.49619792 -0.0234380478866 
4291.49619792 -0.0164826699574 
4294.49619792 -0.0103894478074 
4297.49619792 -0.00482627552592 
4300.49619792 -0.00338249864163 
4303.49619792 -0.00129416828171 
4306.49619792 -0.000768829961114 
4309.49619792 0.000459113202634 
4312.49619792 0.00338710232219 
4315.49619792 0.00942557958597 
4318.49619792 0.0125277323932 
4321.49619792 0.00957371280765 
4324.49619792 0.00420506076512 
4327.49619792 0.00215496370045 
4330.49619792 -0.00295936059888 
4333.49619792 -0.00882283848826 
4336.49619792 -0.0145361640029 
4339.49619792 -0.0194242953705 
4342.49619792 -0.0207753477192 
4345.49619792 -0.0185532767194 
4348.49619792 -0.0139040652142 
4351.49619792 -0.00922164082893 
4354.49619792 -0.00189703698921 
4357.49619792 0.00495413996382 
4360.49619792 0.0139824050363 
4363.49619792 0.0218368826374 
4366.49619792 0.0310992842079 
4369.49619792 0.0443281070794 
4372.49619792 0.0600073652516 
4375.49619792 0.0729139957194 
4378.49619792 0.0766882423981 
4381.49619792 0.0723988229778 
4384.49619792 0.052927725143 
4387.49619792 0.0199185332395 
4390.49619792 -0.0197975408463 
4393.49619792 -0.0539804933258 
4396.49619792 -0.0750918679523 
4399.49619792 -0.0822547760244 
4402.49619792 -0.0763818461408 
4405.49619792 -0.0623500017527 
4408.49619792 -0.0343169004137 
4411.49619792 0.00248715430269 
4414.49619792 0.0407780095729 
4417.49619792 0.0731249146747 
4420.49619792 0.0898761042435 
4423.49619792 0.0886236284552 
4426.49619792 0.0764319241138 
4429.49619792 0.0602308002668 
4432.49619792 0.0380212031934 
4435.49619792 0.0197215495022 
4438.49619792 0.00491988045462 
4441.49619792 -0.0094461837031 
4444.49619792 -0.0253579171572 
4447.49619792 -0.0415076171198 
4450.49619792 -0.0508557266903 
4453.49619792 -0.058455396724 
4456.49619792 -0.0607254318378 
4459.49619792 -0.0590403325364 
4462.49619792 -0.0462004437058 
4465.49619792 -0.0251874831232 
4468.49619792 -0.00230601449395 
4471.49619792 0.0165873591984 
4474.49619792 0.029040982921 
4477.49619792 0.0342765734309 
4480.49619792 0.0365642793534 
4483.49619792 0.0417243637797 
4486.49619792 0.0484379388953 
4489.49619792 0.0504052584072 
4492.49619792 0.0478063906027 
4495.49619792 0.0459690247813 
4498.49619792 0.0439637954334 
4501.49619792 0.0420955514761 
4504.49619792 0.0381723000523 
4507.49619792 0.0342770380908 
4510.49619792 0.0255144548856 
4513.49619792 0.011338252351 
4516.49619792 -0.00324014019215 
4519.49619792 -0.0149669334544 
4522.49619792 -0.0183987635804 
4525.49619792 -0.0155089671985 
4528.49619792 -0.00963480814078 
4531.49619792 -0.00543819193924 
4534.49619792 -0.000231090690597 
4537.49619792 0.00377702433759 
4540.49619792 0.00797473809778 
4543.49619792 0.011920513508 
4546.49619792 0.0104944414807 
4549.49619792 0.00284493038182 
4552.49619792 -0.00263616248118 
4555.49619792 -0.00519715936228 
4558.49619792 -0.00916096151516 
4561.49619792 -0.0182356347778 
4564.49619792 -0.0197447733396 
4567.49619792 -0.0109702646275 
4570.49619792 0.00565863642184 
4573.49619792 0.0250787687375 
4576.49619792 0.0432018310793 
4579.49619792 0.0530054263439 
4582.49619792 0.0532491324318 
4585.49619792 0.0446641408536 
4588.49619792 0.0332620469839 
4591.49619792 0.0244784121689 
4594.49619792 0.0220599353954 
4597.49619792 0.0215620328937 
4600.49619792 0.0208991234936 
4603.49619792 0.025759948655 
4606.49619792 0.0329810628144 
4609.49619792 0.0366018870459 
4612.49619792 0.029697838009 
4615.49619792 0.0173183126567 
4618.49619792 -0.00300423461034 
4621.49619792 -0.0288573507157 
4624.49619792 -0.0483903421601 
4627.49619792 -0.0602957473556 
4630.49619792 -0.0593071434355 
4633.49619792 -0.0519613974288 
4636.49619792 -0.0373383431757 
4639.49619792 -0.0254578762523 
4642.49619792 -0.0124193098505 
4645.49619792 0.00172468895141 
4648.49619792 0.0154260277016 
4651.49619792 0.0257499367228 
4654.49619792 0.0245049664502 
4657.49619792 0.0115205180444 
4660.49619792 -0.00367080864315 
4663.49619792 -0.016130591684 
4666.49619792 -0.0216696485763 
4669.49619792 -0.0218881737618 
4672.49619792 -0.0185401643842 
4675.49619792 -0.00634438454098 
4678.49619792 0.0125645801494 
4681.49619792 0.0381684523024 
4684.49619792 0.064407231804 
4687.49619792 0.0851011679103 
4690.49619792 0.100912027828 
4693.49619792 0.112437387033 
4696.49619792 0.111154522947 
4699.49619792 0.0911776188149 
4702.49619792 0.0564388873573 
4705.49619792 0.0126935690413 
4708.49619792 -0.0296543316541 
4711.49619792 -0.0680641690341 
4714.49619792 -0.098659704724 
4717.49619792 -0.120029837671 
4720.49619792 -0.126325553097 
4723.49619792 -0.112017563411 
4726.49619792 -0.0761780733337 
4729.49619792 -0.0260760959026 
4732.49619792 0.0278114219598 
4735.49619792 0.0725944379141 
4738.49619792 0.103943880802 
4741.49619792 0.121821740073 
4744.49619792 0.124343016547 
4747.49619792 0.104408174433 
4750.49619792 0.0753451510692 
4753.49619792 0.0486667712896 
4756.49619792 0.0313022970787 
4759.49619792 0.0170746157246 
4762.49619792 0.0128554515026 
4765.49619792 0.0173416852768 
4768.49619792 0.0255066266258 
4771.49619792 0.0257554439722 
4774.49619792 0.016810861738 
4777.49619792 -0.00157907330495 
4780.49619792 -0.0172721533914 
4783.49619792 -0.0273585708643 
4786.49619792 -0.0308211795562 
4789.49619792 -0.0321305338322 
4792.49619792 -0.0253518033321 
4795.49619792 -0.0118608070042 
4798.49619792 -0.00466333041268 
4801.49619792 -0.0048835877724 
4804.49619792 -0.00784922213781 
4807.49619792 -0.00926079586171 
4810.49619792 -0.00489856847512 
4813.49619792 0.00139920873576 
4816.49619792 0.0133322932387 
4819.49619792 0.0237395800936 
4822.49619792 0.029312689916 
4825.49619792 0.0243394651354 
4828.49619792 0.0113830542601 
4831.49619792 -0.00680106049675 
4834.49619792 -0.0328447915808 
4837.49619792 -0.0601621175874 
4840.49619792 -0.0769318248819 
4843.49619792 -0.0759748544561 
4846.49619792 -0.0541407941124 
4849.49619792 -0.0153881224436 
4852.49619792 0.0292479144996 
4855.49619792 0.0758126080494 
4858.49619792 0.10675785179 
4861.49619792 0.108617837162 
4864.49619792 0.0761513748477 
4867.49619792 0.0160908506763 
4870.49619792 -0.0460646073756 
4873.49619792 -0.0876468264379 
4876.49619792 -0.104098266903 
4879.49619792 -0.0971137653298 
4882.49619792 -0.0660719455845 
4885.49619792 -0.0177012908111 
4888.49619792 0.034529909194 
4891.49619792 0.073500021079 
4894.49619792 0.083977249544 
4897.49619792 0.0679189616817 
4900.49619792 0.0403452120985 
4903.49619792 0.0221971290818 
4906.49619792 0.021335633669 
4909.49619792 0.0270538913306 
4912.49619792 0.0353600801228 
4915.49619792 0.0365591429163 
4918.49619792 0.0283994410078 
4921.49619792 0.0172295706338 
4924.49619792 0.00920786812741 
4927.49619792 0.00667709874393 
4930.49619792 0.00964375112646 
4933.49619792 0.0184328874685 
4936.49619792 0.0286176228487 
4939.49619792 0.0339738898746 
4942.49619792 0.0353972780906 
4945.49619792 0.0324614586369 
4948.49619792 0.0260516955373 
4951.49619792 0.0158902389296 
4954.49619792 0.00712012274108 
4957.49619792 -0.00102232859832 
4960.49619792 -0.00616763696967 
4963.49619792 -0.0109950049041 
4966.49619792 -0.0119185495761 
4969.49619792 -0.0130390333507 
4972.49619792 -0.0124619463988 
4975.49619792 -0.00813449697194 
4978.49619792 0.00846230649545 
4981.49619792 0.0271974162938 
4984.49619792 0.0505380916156 
4987.49619792 0.0752084357764 
4990.49619792 0.0900858558268 
4993.49619792 0.0938937319772 
4996.49619792 0.0816770870748 
4999.49619792 0.0534539947861 
5002.49619792 0.0170611005316 
5005.49619792 -0.0293824026295 
5008.49619792 -0.0698704186672 
5011.49619792 -0.100735008442 
5014.49619792 -0.115986115738 
5017.49619792 -0.126395403149 
5020.49619792 -0.136420236022 
5023.49619792 -0.140649739498 
5026.49619792 -0.135746199964 
5029.49619792 -0.117294048567 
5032.49619792 -0.0790898517896 
5035.49619792 -0.0229320355824 
5038.49619792 0.0422341437201 
5041.49619792 0.100010157364 
5044.49619792 0.143379989308 
5047.49619792 0.166005839217 
5050.49619792 0.172120598238 
5053.49619792 0.16174686303 
5056.49619792 0.139443271904 
5059.49619792 0.110680121247 
5062.49619792 0.0728524591882 
5065.49619792 0.0329653536486 
5068.49619792 -0.00770104771477 
5071.49619792 -0.0415605242534 
5074.49619792 -0.0625700674116 
5077.49619792 -0.075444606592 
5080.49619792 -0.0796613422224 
5083.49619792 -0.0745156027388 
5086.49619792 -0.0630830244351 
5089.49619792 -0.0370419771624 
5092.49619792 -0.00106591599694 
5095.49619792 0.0332507623872 
5098.49619792 0.0602685224076 
5101.49619792 0.0699230969044 
5104.49619792 0.0683494381458 
5107.49619792 0.0593446641474 
5110.49619792 0.0364555397891 
5113.49619792 0.00718109046442 
5116.49619792 -0.0175238926015 
5119.49619792 -0.0327942581038 
5122.49619792 -0.0288276468188 
5125.49619792 -0.0141384128693 
5128.49619792 -0.00268558294909 
5131.49619792 0.0146476514695 
5134.49619792 0.0489884898776 
5137.49619792 0.0892852033888 
5140.49619792 0.118108370703 
5143.49619792 0.131843084564 
5146.49619792 0.126683867655 
5149.49619792 0.102296640979 
5152.49619792 0.052254586359 
5155.49619792 -0.0266712176086 
5158.49619792 -0.111748610041 
5161.49619792 -0.182047381013 
5164.49619792 -0.212413374729 
5167.49619792 -0.189636288334 
5170.49619792 -0.123256197723 
5173.49619792 -0.0308978347002 
5176.49619792 0.0667088134314 
5179.49619792 0.134171758379 
5182.49619792 0.148184846989 
5185.49619792 0.122400829869 
5188.49619792 0.0682872698604 
5191.49619792 0.0148472720943 
5194.49619792 -0.0116555234804 
5197.49619792 -0.00319588706241 
5200.49619792 0.0329915142279 
5203.49619792 0.0732968434028 
5206.49619792 0.0894984982896 
5209.49619792 0.0791548492355 
5212.49619792 0.0490207505482 
5215.49619792 0.00781410140559 
5218.49619792 -0.0287629766948 
5221.49619792 -0.0581191157416 
5224.49619792 -0.0772151254839 
5227.49619792 -0.0816759425924 
5230.49619792 -0.069393521996 
5233.49619792 -0.0449979451761 
5236.49619792 -0.0137481855632 
5239.49619792 0.0217630520761 
5242.49619792 0.0508086518392 
5245.49619792 0.0630972892641 
5248.49619792 0.0582221557834 
5251.49619792 0.0458722931266 
5254.49619792 0.0403483754479 
5257.49619792 0.0463247802767 
5260.49619792 0.0660511205823 
5263.49619792 0.0897282554257 
5266.49619792 0.102342429432 
5269.49619792 0.100723856605 
5272.49619792 0.0867128829985 
5275.49619792 0.0658890984941 
5278.49619792 0.0408297401786 
5281.49619792 0.00829516170395 
5284.49619792 -0.0282278830921 
5287.49619792 -0.0699657174299 
5290.49619792 -0.115014431846 
5293.49619792 -0.163091107997 
5296.49619792 -0.203441603026 
5299.49619792 -0.214984193559 
5302.49619792 -0.198395863839 
5305.49619792 -0.16839760606 
5308.49619792 -0.140370440007 
5311.49619792 -0.102461565475 
5314.49619792 -0.0521584406793 
5317.49619792 0.00449755213319 
5320.49619792 0.0679356024562 
5323.49619792 0.145104532051 
5326.49619792 0.236168819638 
5329.49619792 0.305239213044 
5332.49619792 0.321333529213 
5335.49619792 0.281137841455 
5338.49619792 0.201896460192 
5341.49619792 0.116782840313 
5344.49619792 0.043340766668 
5347.49619792 -0.016860944289 
5350.49619792 -0.0578074457092 
5353.49619792 -0.0710276780956 
5356.49619792 -0.0656356643056 
5359.49619792 -0.0471495263587 
5362.49619792 -0.0266991429798 
5365.49619792 -0.00977296433691 
5368.49619792 -0.0090304859406 
5371.49619792 -0.0119391525488 
5374.49619792 -0.0289987515195 
5377.49619792 -0.0523816971552 
5380.49619792 -0.0814881009807 
5383.49619792 -0.100660049421 
5386.49619792 -0.103673856196 
5389.49619792 -0.0805763971238 
5392.49619792 -0.0243966617892 
5395.49619792 0.0511816615516 
5398.49619792 0.148982679423 
5401.49619792 0.241555120172 
5404.49619792 0.315545048399 
5407.49619792 0.34002378789 
5410.49619792 0.309173046352 
5413.49619792 0.219138335156 
5416.49619792 0.0933993247248 
5419.49619792 -0.0410343141233 
5422.49619792 -0.153966451753 
5425.49619792 -0.236266091489 
5428.49619792 -0.289107669151 
5431.49619792 -0.323132765458 
5434.49619792 -0.349014292481 
5437.49619792 -0.33824388882 
5440.49619792 -0.270644146177 
5443.49619792 -0.157813853749 
5446.49619792 -0.00860422632203 
5449.49619792 0.139467388437 
5452.49619792 0.257342202323 
5455.49619792 0.322652778684 
5458.49619792 0.315060447072 
5461.49619792 0.257954930746 
5464.49619792 0.187866167722 
5467.49619792 0.126997693892 
5470.49619792 0.0707568752418 
5473.49619792 0.0142353585422 
5476.49619792 -0.0399417042183 
5479.49619792 -0.0806871280875 
5482.49619792 -0.0900887490784 
5485.49619792 -0.0673790131846 
5488.49619792 -0.0335368120359 
5491.49619792 -0.000592877018264 
5494.49619792 0.0229901317993 
5497.49619792 0.042335874474 
5500.49619792 0.0609760460216 
5503.49619792 0.0766335590278 
5506.49619792 0.0855537603528 
5509.49619792 0.0758401305628 
5512.49619792 0.054065015642 
5515.49619792 0.0147379545664 
5518.49619792 -0.0213158913472 
5521.49619792 -0.0423164274286 
5524.49619792 -0.026738792429 
5527.49619792 0.014714109275 
5530.49619792 0.0730575733287 
5533.49619792 0.124820668576 
5536.49619792 0.147019480048 
5539.49619792 0.125270770625 
5542.49619792 0.069192994941 
5545.49619792 -0.015995197124 
5548.49619792 -0.112419295055 
5551.49619792 -0.202599556948 
5554.49619792 -0.265971343455 
5557.49619792 -0.277224041167 
5560.49619792 -0.230937784169 
5563.49619792 -0.125363904027 
5566.49619792 0.000467889093881 
5569.49619792 0.111730051114 
5572.49619792 0.177017408216 
5575.49619792 0.194303432734 
5578.49619792 0.17159294606 
5581.49619792 0.133142557379 
5584.49619792 0.10405486813 
5587.49619792 0.101854586931 
5590.49619792 0.117428566454 
5593.49619792 0.130906192938 
5596.49619792 0.139873560673 
5599.49619792 0.142385937651 
5602.49619792 0.129798645248 
5605.49619792 0.0898689535173 
5608.49619792 0.0214931899868 
5611.49619792 -0.0545472822248 
5614.49619792 -0.110969473872 
5617.49619792 -0.124069988819 
5620.49619792 -0.090203005048 
5623.49619792 -0.0152150812786 
5626.49619792 0.0567977787346 
5629.49619792 0.107303092373 
5632.49619792 0.12633516675 
5635.49619792 0.141057642191 
5638.49619792 0.180001723968 
5641.49619792 0.235307308203 
5644.49619792 0.270994321176 
5647.49619792 0.250704735289 
5650.49619792 0.158393877443 
5653.49619792 0.00721926753697 
5656.49619792 -0.151802171394 
5659.49619792 -0.253993062197 
5662.49619792 -0.249471935442 
5665.49619792 -0.152581472368 
5668.49619792 -0.0139846196098 
5671.49619792 0.0631652623644 
5674.49619792 0.0347204998525 
5677.49619792 -0.0781049102133 
5680.49619792 -0.208401350382 
5683.49619792 -0.282213838053 
5686.49619792 -0.243132766308 
5689.49619792 -0.111539078198 
5692.49619792 0.0750721508091 
5695.49619792 0.24484461903 
5698.49619792 0.347696910805 
5701.49619792 0.36246245541 
5704.49619792 0.296403534035 
5707.49619792 0.180723352183 
5710.49619792 0.0613911726874 
5713.49619792 -0.0242151422984 
5716.49619792 -0.0664313908912 
5719.49619792 -0.0791657263965 
5722.49619792 -0.0671001669082 
5725.49619792 -0.0157188698535 
5728.49619792 0.0471103209687 
5731.49619792 0.104655877053 
5734.49619792 0.134906012525 
5737.49619792 0.119130933706 
5740.49619792 0.0638958770559 
5743.49619792 -0.011929433604 
5746.49619792 -0.0799777321002 
5749.49619792 -0.104951235922 
5752.49619792 -0.0926473814588 
5755.49619792 -0.0455642762821 
5758.49619792 0.0138227257036 
5761.49619792 0.0683826006686 
5764.49619792 0.124440663787 
5767.49619792 0.192514689104 
5770.49619792 0.232540407488 
5773.49619792 0.217351276204 
5776.49619792 0.134503145555 
5779.49619792 -0.00315884159686 
5782.49619792 -0.15934735033 
5785.49619792 -0.284124482795 
5788.49619792 -0.347551625628 
5791.49619792 -0.31523536061 
5794.49619792 -0.196281574472 
5797.49619792 -0.0699599034592 
5800.49619792 0.0723626435993 
5803.49619792 0.194421451762 
5806.49619792 0.271141126225 
5809.49619792 0.279478122196 
5812.49619792 0.25761096342 
5815.49619792 0.211078120816 
5818.49619792 0.153282747108 
5821.49619792 0.106100003291 
5824.49619792 0.0817095903757 
5827.49619792 0.0618965303477 
5830.49619792 0.0332290103542 
5833.49619792 -0.0349021498142 
5836.49619792 -0.101266744133 
5839.49619792 -0.129152616964 
5842.49619792 -0.109107794666 
5845.49619792 -0.0376308774619 
5848.49619792 0.0284901915974 
5851.49619792 0.121904106184 
5854.49619792 0.170968791124 
5857.49619792 0.204409359054 
5860.49619792 0.174224724601 
5863.49619792 0.160207360205 
5866.49619792 0.143544868024 
5869.49619792 0.126513797567 
5872.49619792 0.0868726252777 
5875.49619792 0.0514003721433 
5878.49619792 0.0365398103191 
5881.49619792 0.0544876958917 
5884.49619792 0.0460590039896 
5887.49619792 0.0209375437687 
5890.49619792 -0.0390346423822 
5893.49619792 -0.0821203771641 
5896.49619792 -0.137752752333 
5899.49619792 -0.171461449607 
5902.49619792 -0.183145992584 
5905.49619792 -0.221289943806 
5908.49619792 -0.232008305563 
5911.49619792 -0.19481742437 
5914.49619792 -0.0657775480809 
5917.49619792 0.0971871220754 
5920.49619792 0.301636272495 
5923.49619792 0.42586176443 
5926.49619792 0.443097633151 
5929.49619792 0.3714465509 
5932.49619792 0.26317961205 
5935.49619792 0.17705921387 
5938.49619792 0.116529616709 
5941.49619792 0.101737327839 
5944.49619792 0.103532746091 
5947.49619792 0.148791221247 
5950.49619792 0.164706677702 
5953.49619792 0.134587132253 
5956.49619792 0.0952574423015 
5959.49619792 -0.0539646948904 
5962.49619792 -0.124410852309 
5965.49619792 -0.141098459012 
5968.49619792 -0.126331824861 
5971.49619792 -0.0616346956581 
5974.49619792 0.0225020008886 
5977.49619792 0.123386284173 
5980.49619792 0.207477780531 
5983.49619792 0.248135967372 
5986.49619792 0.160610144772 
5989.49619792 -0.017391981846 
5992.49619792 -0.233777895135 
5995.49619792 -0.555455336739 
5998.49619792 -0.885199841266 
