1.49619792281 nan 
4.49619792281 nan 
7.49619792281 nan 
10.4961979228 nan 
13.4961979228 nan 
16.4961979228 nan 
19.4961979228 nan 
22.4961979228 nan 
25.4961979228 nan 
28.4961979228 nan 
31.4961979228 nan 
34.4961979228 nan 
37.4961979228 nan 
40.4961979228 nan 
43.4961979228 nan 
46.4961979228 nan 
49.4961979228 nan 
52.4961979228 nan 
55.4961979228 nan 
58.4961979228 nan 
61.4961979228 nan 
64.4961979228 nan 
67.4961979228 nan 
70.4961979228 nan 
73.4961979228 nan 
76.4961979228 nan 
79.4961979228 nan 
82.4961979228 nan 
85.4961979228 nan 
88.4961979228 nan 
91.4961979228 nan 
94.4961979228 nan 
97.4961979228 nan 
100.496197923 nan 
103.496197923 nan 
106.496197923 nan 
109.496197923 nan 
112.496197923 nan 
115.496197923 nan 
118.496197923 nan 
121.496197923 nan 
124.496197923 nan 
127.496197923 nan 
130.496197923 nan 
133.496197923 nan 
136.496197923 nan 
139.496197923 nan 
142.496197923 nan 
145.496197923 nan 
148.496197923 nan 
151.496197923 nan 
154.496197923 nan 
157.496197923 nan 
160.496197923 nan 
163.496197923 nan 
166.496197923 nan 
169.496197923 nan 
172.496197923 nan 
175.496197923 nan 
178.496197923 nan 
181.496197923 nan 
184.496197923 nan 
187.496197923 nan 
190.496197923 nan 
193.496197923 nan 
196.496197923 nan 
199.496197923 nan 
202.496197923 nan 
205.496197923 nan 
208.496197923 nan 
211.496197923 nan 
214.496197923 nan 
217.496197923 nan 
220.496197923 nan 
223.496197923 nan 
226.496197923 nan 
229.496197923 nan 
232.496197923 nan 
235.496197923 nan 
238.496197923 nan 
241.496197923 nan 
244.496197923 nan 
247.496197923 nan 
250.496197923 nan 
253.496197923 nan 
256.496197923 nan 
259.496197923 nan 
262.496197923 nan 
265.496197923 nan 
268.496197923 nan 
271.496197923 nan 
274.496197923 nan 
277.496197923 nan 
280.496197923 nan 
283.496197923 nan 
286.496197923 nan 
289.496197923 nan 
292.496197923 nan 
295.496197923 nan 
298.496197923 nan 
301.496197923 nan 
304.496197923 nan 
307.496197923 nan 
310.496197923 nan 
313.496197923 nan 
316.496197923 nan 
319.496197923 -0.978480617991 
322.496197923 -1.13315739786 
325.496197923 -1.11260682442 
328.496197923 -0.96820547779 
331.496197923 -0.755428081972 
334.496197923 -0.568992830133 
337.496197923 -0.445670341607 
340.496197923 -0.367746523481 
343.496197923 -0.327917845894 
346.496197923 -0.294191090507 
349.496197923 -0.264694037308 
352.496197923 -0.232180593017 
355.496197923 -0.231787694583 
358.496197923 -0.197592160742 
361.496197923 -0.171276006081 
364.496197923 -0.139944169213 
367.496197923 -0.143329951134 
370.496197923 -0.0974021902097 
373.496197923 -0.0994576175222 
376.496197923 -0.101306540553 
379.496197923 -0.105972539126 
382.496197923 -0.100970062203 
385.496197923 -0.108311440497 
388.496197923 -0.0957453756843 
391.496197923 -0.0631761798159 
394.496197923 -0.0461610375015 
397.496197923 -0.0597628014134 
400.496197923 -0.0776543643806 
403.496197923 -0.11334613392 
406.496197923 -0.132201705575 
409.496197923 -0.138900063421 
412.496197923 -0.149796181685 
415.496197923 -0.124456146662 
418.496197923 -0.0935333256349 
421.496197923 -0.0697861574926 
424.496197923 -0.0510565717641 
427.496197923 -0.0321553837253 
430.496197923 -0.0238676526301 
433.496197923 -0.0383442689527 
436.496197923 -0.0644088409582 
439.496197923 -0.0673138250516 
442.496197923 -0.0579538605413 
445.496197923 -0.0421460997653 
448.496197923 -0.0358489692062 
451.496197923 -0.0218947423221 
454.496197923 -0.019817025368 
457.496197923 -0.0246352670471 
460.496197923 -0.0104140898809 
463.496197923 -0.00436089507948 
466.496197923 0.00309693577515 
469.496197923 -0.0107851313702 
472.496197923 -0.0144156494822 
475.496197923 -0.00734264891368 
478.496197923 -0.0116594526391 
481.496197923 -0.0185307658335 
484.496197923 -0.0246234010638 
487.496197923 -0.0188456974539 
490.496197923 -0.0253095516024 
493.496197923 -0.0219057223058 
496.496197923 -0.0187946837993 
499.496197923 -0.0217811329158 
502.496197923 -0.0226970412165 
505.496197923 -0.0280178552492 
508.496197923 -0.0309516927068 
511.496197923 -0.0187212362705 
514.496197923 -0.00505920607594 
517.496197923 0.00311888257853 
520.496197923 0.00760082161905 
523.496197923 0.00799984535421 
526.496197923 0.00410270949621 
529.496197923 -0.0047414064041 
532.496197923 -0.00179597654703 
535.496197923 0.0039597233106 
538.496197923 0.00385824316908 
541.496197923 -0.00142386561968 
544.496197923 -0.0128866398154 
547.496197923 -0.0218565573453 
550.496197923 -0.033468071 
553.496197923 -0.0334642660098 
556.496197923 -0.0259962996755 
559.496197923 -0.00980557190243 
562.496197923 0.00368747820844 
565.496197923 0.00479526435754 
568.496197923 0.00621619152661 
571.496197923 0.00196235586728 
574.496197923 -0.00282553202913 
577.496197923 -0.00974441618614 
580.496197923 -0.00107324554649 
583.496197923 0.00343050944363 
586.496197923 -0.0104147240459 
589.496197923 -0.0221655628423 
592.496197923 -0.0276405247658 
595.496197923 -0.0288965584381 
598.496197923 -0.0319233800574 
601.496197923 -0.0198751350316 
604.496197923 -0.0237263803499 
607.496197923 -0.0189984041646 
610.496197923 -0.02155900116 
613.496197923 -0.0249429217955 
616.496197923 -0.0266902525044 
619.496197923 -0.0258016361942 
622.496197923 -0.0296837884725 
625.496197923 -0.0284029628394 
628.496197923 -0.0344573341085 
631.496197923 -0.0347316184977 
634.496197923 -0.030524144137 
637.496197923 -0.0195091462579 
640.496197923 -0.0165777950935 
643.496197923 -0.0181440362002 
646.496197923 -0.0272945179142 
649.496197923 -0.0367268436308 
652.496197923 -0.0286949420355 
655.496197923 -0.0148565887787 
658.496197923 -0.00599946104819 
661.496197923 -0.00799553268858 
664.496197923 -0.0168518883174 
667.496197923 -0.0234140597952 
670.496197923 -0.018875750466 
673.496197923 -0.0161728944571 
676.496197923 -0.0134493376532 
679.496197923 -0.00735180138031 
682.496197923 -0.00609330259176 
685.496197923 -0.00668167896227 
688.496197923 -0.0066290798951 
691.496197923 -0.0099016227213 
694.496197923 -0.0116933346802 
697.496197923 -0.0173227901946 
700.496197923 -0.0215826552867 
703.496197923 -0.0226024567612 
706.496197923 -0.0196358968457 
709.496197923 -0.0120288663618 
712.496197923 0.000804505594088 
715.496197923 0.00849290465997 
718.496197923 0.00182214672927 
721.496197923 -0.00767449350945 
724.496197923 -0.0128074516049 
727.496197923 -0.0099184555675 
730.496197923 -0.00586172017434 
733.496197923 -0.000129129234304 
736.496197923 -0.0011263832676 
739.496197923 -0.00740843151635 
742.496197923 -0.0159449521928 
745.496197923 -0.0174289281295 
748.496197923 -0.00870344287172 
751.496197923 0.00155710609673 
754.496197923 -0.00140503941765 
757.496197923 -0.00773752482033 
760.496197923 -0.0124246505897 
763.496197923 -0.00944601177643 
766.496197923 -0.00801847252114 
769.496197923 -0.0014667516023 
772.496197923 -0.000835336717599 
775.496197923 0.00428926533785 
778.496197923 0.00641584819902 
781.496197923 0.0100641028996 
784.496197923 0.00317707466076 
787.496197923 -0.00290852637444 
790.496197923 -0.00981135722747 
793.496197923 -0.013500066277 
796.496197923 -0.0190056913389 
799.496197923 -0.0227654280167 
802.496197923 -0.0246015899077 
805.496197923 -0.0219396581479 
808.496197923 -0.0148807832049 
811.496197923 -0.0169005793712 
814.496197923 -0.0135979921181 
817.496197923 -0.0162401548704 
820.496197923 -0.021534717447 
823.496197923 -0.0205928060906 
826.496197923 -0.0188091471119 
829.496197923 -0.0218745680901 
832.496197923 -0.0304846473314 
835.496197923 -0.036655572181 
838.496197923 -0.0372621842302 
841.496197923 -0.0302001293044 
844.496197923 -0.0298923326129 
847.496197923 -0.0328001097798 
850.496197923 -0.0329535273506 
853.496197923 -0.0358598965337 
856.496197923 -0.0367807499479 
859.496197923 -0.0321904116133 
862.496197923 -0.0286409945091 
865.496197923 -0.0280239656696 
868.496197923 -0.026100632415 
871.496197923 -0.0248188429426 
874.496197923 -0.0169053905546 
877.496197923 -0.014434798061 
880.496197923 -0.0113564946039 
883.496197923 -0.0138482972851 
886.496197923 -0.0157859473304 
889.496197923 -0.0221426390356 
892.496197923 -0.021489217823 
895.496197923 -0.0177728470443 
898.496197923 -0.0131691637711 
901.496197923 -0.0157402885929 
904.496197923 -0.0126376258725 
907.496197923 -0.00830958346064 
910.496197923 -0.0013361785676 
913.496197923 0.000923866342051 
916.496197923 0.00259155460848 
919.496197923 -0.000278316924697 
922.496197923 -0.00264205572265 
925.496197923 0.00194448835336 
928.496197923 0.00476409154042 
931.496197923 0.0084711392919 
934.496197923 0.00797507914925 
937.496197923 0.009443937576 
940.496197923 0.0108567439413 
943.496197923 0.00709477108775 
946.496197923 0.00359963805245 
949.496197923 -0.00348865144514 
952.496197923 -0.00905939203456 
955.496197923 -0.0186373959903 
958.496197923 -0.021033988064 
961.496197923 -0.0245077266147 
964.496197923 -0.0228731971522 
967.496197923 -0.0188406138313 
970.496197923 -0.0154831793159 
973.496197923 -0.010689520117 
976.496197923 -0.00817367983386 
979.496197923 -0.00693434507759 
982.496197923 -0.00917889780199 
985.496197923 -0.0116920789419 
988.496197923 -0.012590190557 
991.496197923 -0.0137766263342 
994.496197923 -0.00957900785956 
997.496197923 -0.00663356598311 
1000.49619792 -0.00223662666311 
1003.49619792 -0.00123263867753 
1006.49619792 0.00106737951995 
1009.49619792 0.0019097686764 
1012.49619792 0.00453753751369 
1015.49619792 0.00614455835087 
1018.49619792 0.00710445526856 
1021.49619792 0.00529376815326 
1024.49619792 0.00191098091606 
1027.49619792 -0.00181872063551 
1030.49619792 -0.00274218940817 
1033.49619792 -0.00862687774645 
1036.49619792 -0.010910936434 
1039.49619792 -0.0121820939121 
1042.49619792 -0.0111030437952 
1045.49619792 -0.00783494584776 
1048.49619792 -0.0107018954927 
1051.49619792 -0.0143544308073 
1054.49619792 -0.00375062656512 
1057.49619792 0.00797928936403 
1060.49619792 0.012488478041 
1063.49619792 0.0082667818998 
1066.49619792 -0.000664373938104 
1069.49619792 -0.00660724355549 
1072.49619792 -0.011113208751 
1075.49619792 -0.00968476460858 
1078.49619792 -0.00451823754802 
1081.49619792 -0.00360910931864 
1084.49619792 -0.0073813495788 
1087.49619792 -0.00531207136946 
1090.49619792 -0.00584793338076 
1093.49619792 -0.00498131996431 
1096.49619792 -0.000985076288607 
1099.49619792 0.00482662204408 
1102.49619792 0.00470272348187 
1105.49619792 -0.000296885175235 
1108.49619792 -0.00547845212058 
1111.49619792 -0.00732973094909 
1114.49619792 -0.00698130763101 
1117.49619792 -0.0108759520446 
1120.49619792 -0.0140146602933 
1123.49619792 -0.0140589900316 
1126.49619792 -0.0129907138521 
1129.49619792 -0.0102299496471 
1132.49619792 -0.00539952833638 
1135.49619792 0.000262353926989 
1138.49619792 0.00674633803971 
1141.49619792 0.00430553699378 
1144.49619792 -0.00117668026705 
1147.49619792 -0.00554058827433 
1150.49619792 -0.00865111796073 
1153.49619792 -0.0128989797053 
1156.49619792 -0.00923182310929 
1159.49619792 -0.00819659791708 
1162.49619792 -0.0110056845817 
1165.49619792 -0.0138613526139 
1168.49619792 -0.018612779169 
1171.49619792 -0.0209081623956 
1174.49619792 -0.0187333220366 
1177.49619792 -0.0145275143623 
1180.49619792 -0.0109098958997 
1183.49619792 -0.0113166395066 
1186.49619792 -0.0148072212059 
1189.49619792 -0.0192038919501 
1192.49619792 -0.0279332732019 
1195.49619792 -0.029929217208 
1198.49619792 -0.0255860361092 
1201.49619792 -0.0148370029236 
1204.49619792 -0.0079366715279 
1207.49619792 -0.000387116471087 
1210.49619792 -0.00116205776931 
1213.49619792 -0.00789269149613 
1216.49619792 -0.0124397881319 
1219.49619792 -0.0120756526311 
1222.49619792 -0.0074062159452 
1225.49619792 -0.00623883087483 
1228.49619792 -0.00543697555257 
1231.49619792 -0.00269892595999 
1234.49619792 -0.00118558712351 
1237.49619792 0.00130531553552 
1240.49619792 4.65552048732e-05 
1243.49619792 0.00202134251595 
1246.49619792 0.00671895847958 
1249.49619792 0.0116010705363 
1252.49619792 0.0194249350942 
1255.49619792 0.0231494160882 
1258.49619792 0.0294450699814 
1261.49619792 0.0302459975225 
1264.49619792 0.0302292047409 
1267.49619792 0.0230489066541 
1270.49619792 0.0170139048913 
1273.49619792 0.0129232164855 
1276.49619792 0.0167427455392 
1279.49619792 0.0189059728941 
1282.49619792 0.0207289821565 
1285.49619792 0.0184529249376 
1288.49619792 0.0129508221243 
1291.49619792 0.0049671061968 
1294.49619792 0.00152946268274 
1297.49619792 -0.00649035114323 
1300.49619792 -0.00667310914907 
1303.49619792 -0.00877140212567 
1306.49619792 -0.0141135740124 
1309.49619792 -0.0195107488411 
1312.49619792 -0.0161138804787 
1315.49619792 -0.0167636947346 
1318.49619792 -0.0179282781463 
1321.49619792 -0.0194070983441 
1324.49619792 -0.020375005888 
1327.49619792 -0.0222047643147 
1330.49619792 -0.0223497706135 
1333.49619792 -0.0213483805297 
1336.49619792 -0.0160012028601 
1339.49619792 -0.0166356678038 
1342.49619792 -0.0167973821763 
1345.49619792 -0.00920081083665 
1348.49619792 -0.00605924483886 
1351.49619792 -0.00329538106644 
1354.49619792 -0.00173614525122 
1357.49619792 -0.000615279162161 
1360.49619792 0.00181415441834 
1363.49619792 0.00351060454438 
1366.49619792 0.00229216246383 
1369.49619792 -0.00190384112211 
1372.49619792 -0.00388956393897 
1375.49619792 -0.00252926506464 
1378.49619792 0.00305755630161 
1381.49619792 0.00914603569056 
1384.49619792 0.0130413520444 
1387.49619792 0.0154456765816 
1390.49619792 0.0135784783793 
1393.49619792 0.00780815924338 
1396.49619792 -0.000532188268376 
1399.49619792 -0.00965683845313 
1402.49619792 -0.0187648242418 
1405.49619792 -0.0235150316889 
1408.49619792 -0.0296049047528 
1411.49619792 -0.0381865564591 
1414.49619792 -0.0501099625498 
1417.49619792 -0.054647264541 
1420.49619792 -0.0634247725084 
1423.49619792 -0.0701727692216 
1426.49619792 -0.0603942832632 
1429.49619792 -0.0600140314998 
1432.49619792 -0.0476899979461 
1435.49619792 -0.0402888570382 
1438.49619792 -0.0239458632648 
1441.49619792 -0.0176742366712 
1444.49619792 -0.0121130614998 
1447.49619792 -0.000218773771894 
1450.49619792 0.00943007637677 
1453.49619792 0.0160066253145 
1456.49619792 0.0159445401 
1459.49619792 0.0120732064025 
1462.49619792 0.0109170342627 
1465.49619792 0.00848048063439 
1468.49619792 0.00620573295475 
1471.49619792 0.00376317908353 
1474.49619792 0.00370049232802 
1477.49619792 0.00814561860356 
1480.49619792 0.00991232339769 
1483.49619792 0.0108980413634 
1486.49619792 0.0115251733448 
1489.49619792 0.0100107998406 
1492.49619792 0.0120791336706 
1495.49619792 0.0164157911113 
1498.49619792 0.0227244911758 
1501.49619792 0.0273814099705 
1504.49619792 0.02789299342 
1507.49619792 0.0232433022751 
1510.49619792 0.0185811361654 
1513.49619792 0.0181369550722 
1516.49619792 0.0193464016534 
1519.49619792 0.0188027928698 
1522.49619792 0.0176194958662 
1525.49619792 0.0172636983764 
1528.49619792 0.0149647768752 
1531.49619792 0.0100548800338 
1534.49619792 0.00667149168483 
1537.49619792 0.00379842847145 
1540.49619792 0.000785336482197 
1543.49619792 0.000464715298236 
1546.49619792 0.000980432017055 
1549.49619792 0.00276483877254 
1552.49619792 0.00421401976806 
1555.49619792 0.00602861661382 
1558.49619792 0.00687000594442 
1561.49619792 0.00604921495798 
1564.49619792 0.00967197256123 
1567.49619792 0.0121854890989 
1570.49619792 0.0149156508346 
1573.49619792 0.00962960255313 
1576.49619792 -0.00251443687821 
1579.49619792 -0.0152889084674 
1582.49619792 -0.0243551194931 
1585.49619792 -0.0236906152736 
1588.49619792 -0.0173886803993 
1591.49619792 -0.0152658175342 
1594.49619792 -0.0160017523171 
1597.49619792 -0.0216450301109 
1600.49619792 -0.0281547639245 
1603.49619792 -0.0292813684058 
1606.49619792 -0.0264560258249 
1609.49619792 -0.0206028657338 
1612.49619792 -0.0192840268293 
1615.49619792 -0.0222823224691 
1618.49619792 -0.0288108706085 
1621.49619792 -0.0268784667334 
1624.49619792 -0.0164413019451 
1627.49619792 -0.00437784897793 
1630.49619792 0.00417327323389 
1633.49619792 0.00667136176113 
1636.49619792 0.00498097540894 
1639.49619792 0.00148339972218 
1642.49619792 -0.0016111615113 
1645.49619792 -0.000679949758171 
1648.49619792 -0.00205061412576 
1651.49619792 -0.00738683556421 
1654.49619792 -0.00967006319792 
1657.49619792 -0.0120506763733 
1660.49619792 -0.0133851873959 
1663.49619792 -0.0112571527662 
1666.49619792 -0.00575877996514 
1669.49619792 -0.00243308088796 
1672.49619792 0.000673326654193 
1675.49619792 0.00302774940042 
1678.49619792 0.00577399076828 
1681.49619792 0.00638495955422 
1684.49619792 0.00537136179347 
1687.49619792 0.00320229559868 
1690.49619792 0.00503935178823 
1693.49619792 0.00777930187268 
1696.49619792 0.0087755625459 
1699.49619792 0.0105846333417 
1702.49619792 0.0146109379709 
1705.49619792 0.0196382320383 
1708.49619792 0.0184681552006 
1711.49619792 0.0164447280389 
1714.49619792 0.0140301904684 
1717.49619792 0.0114873523833 
1720.49619792 0.00397519281644 
1723.49619792 0.000962944687363 
1726.49619792 -0.00102133838027 
1729.49619792 -0.00115602833652 
1732.49619792 0.0038506085776 
1735.49619792 0.0054176346638 
1738.49619792 0.00371877751516 
1741.49619792 -0.00075348385504 
1744.49619792 -0.00432108491173 
1747.49619792 -0.00866697323123 
1750.49619792 -0.00957448170697 
1753.49619792 -0.00725115400966 
1756.49619792 -0.00497467325085 
1759.49619792 -0.00830471618679 
1762.49619792 -0.0127235540896 
1765.49619792 -0.0140611191778 
1768.49619792 -0.0143142540486 
1771.49619792 -0.0127368589635 
1774.49619792 -0.00810215826659 
1777.49619792 -0.00434415295093 
1780.49619792 -0.00354257865306 
1783.49619792 -0.00427594386572 
1786.49619792 -0.00162745219791 
1789.49619792 -0.00513084154109 
1792.49619792 0.000780450821564 
1795.49619792 0.000530759644229 
1798.49619792 0.00168855740421 
1801.49619792 0.00224898916095 
1804.49619792 0.00642572926861 
1807.49619792 0.0109753419599 
1810.49619792 0.0160694271126 
1813.49619792 0.0158654995562 
1816.49619792 0.0124670228872 
1819.49619792 0.00982035573165 
1822.49619792 0.004954106386 
1825.49619792 0.00740307888876 
1828.49619792 0.0048486432531 
1831.49619792 -0.000487604692352 
1834.49619792 -0.004759785743 
1837.49619792 -0.00944295141503 
1840.49619792 -0.0106471592665 
1843.49619792 -0.00947195130116 
1846.49619792 -0.00834390220565 
1849.49619792 -0.0128154404818 
1852.49619792 -0.0182473936533 
1855.49619792 -0.02009833365 
1858.49619792 -0.0224438697151 
1861.49619792 -0.022229350229 
1864.49619792 -0.0220882496542 
1867.49619792 -0.0201041899466 
1870.49619792 -0.0224690050865 
1873.49619792 -0.0239519965793 
1876.49619792 -0.0239965964673 
1879.49619792 -0.0247919080993 
1882.49619792 -0.0227384359383 
1885.49619792 -0.0184611232949 
1888.49619792 -0.0146715751371 
1891.49619792 -0.0158416531194 
1894.49619792 -0.0127288552056 
1897.49619792 -0.0135941733915 
1900.49619792 -0.0135898361147 
1903.49619792 -0.0108810848894 
1906.49619792 -0.00852209456667 
1909.49619792 -0.00729387029018 
1912.49619792 -0.00566951494105 
1915.49619792 -0.000751397349062 
1918.49619792 0.00579696208015 
1921.49619792 0.0101125650129 
1924.49619792 0.0135470002128 
1927.49619792 0.0126587204451 
1930.49619792 0.0114099064097 
1933.49619792 0.00820332075324 
1936.49619792 0.00466439856525 
1939.49619792 -0.00167404258002 
1942.49619792 -0.00632164378484 
1945.49619792 -0.00806516778659 
1948.49619792 -0.0038599533542 
1951.49619792 -0.00115341834391 
1954.49619792 -0.000617073840616 
1957.49619792 -0.00326824074907 
1960.49619792 -0.00797220480197 
1963.49619792 -0.00710299977969 
1966.49619792 -0.0030909773139 
1969.49619792 0.0028762509229 
1972.49619792 0.00619769371103 
1975.49619792 0.00776152979831 
1978.49619792 0.00609973868001 
1981.49619792 0.000784487113148 
1984.49619792 -0.00100882578336 
1987.49619792 2.93635548954e-05 
1990.49619792 -0.000321881751513 
1993.49619792 -0.00115550284665 
1996.49619792 -0.000667420992335 
1999.49619792 0.000411365556813 
2002.49619792 0.00360766413209 
2005.49619792 0.0049114015525 
2008.49619792 0.00407077373505 
2011.49619792 0.00621885238693 
2014.49619792 0.00469511979735 
2017.49619792 0.00167221706615 
2020.49619792 -0.00412388190853 
2023.49619792 -0.00963807220488 
2026.49619792 -0.0150316870096 
2029.49619792 -0.014988603852 
2032.49619792 -0.0127971538637 
2035.49619792 -0.00877309514026 
2038.49619792 -0.0120092404422 
2041.49619792 -0.0169841746852 
2044.49619792 -0.0213345456586 
2047.49619792 -0.0263703448635 
2050.49619792 -0.0274056089755 
2053.49619792 -0.0262510027885 
2056.49619792 -0.0237614700518 
2059.49619792 -0.0240391656536 
2062.49619792 -0.0257667525386 
2065.49619792 -0.0255859857423 
2068.49619792 -0.0249138944365 
2071.49619792 -0.0219267756691 
2074.49619792 -0.0217440422744 
2077.49619792 -0.0255284301145 
2080.49619792 -0.0299151762905 
2083.49619792 -0.029977326753 
2086.49619792 -0.0248474902605 
2089.49619792 -0.0194374260848 
2092.49619792 -0.0140312287133 
2095.49619792 -0.01240781202 
2098.49619792 -0.0121570856026 
2101.49619792 -0.0108389953333 
2104.49619792 -0.00512295511512 
2107.49619792 0.0040680570705 
2110.49619792 0.0104266999206 
2113.49619792 0.0110146258508 
2116.49619792 0.010171568689 
2119.49619792 0.00868200431613 
2122.49619792 0.00486558541836 
2125.49619792 0.00508581124502 
2128.49619792 0.00320174213515 
2131.49619792 0.0050737529518 
2134.49619792 0.00973210720314 
2137.49619792 0.0120820560953 
2140.49619792 0.0107619809125 
2143.49619792 0.0095908715534 
2146.49619792 0.0132131672693 
2149.49619792 0.0142685437995 
2152.49619792 0.00955914212482 
2155.49619792 0.00555791391483 
2158.49619792 0.00150260338976 
2161.49619792 -0.00217480244072 
2164.49619792 -0.0036816133266 
2167.49619792 -0.00254711669582 
2170.49619792 -0.00053912240941 
2173.49619792 -0.000720052683516 
2176.49619792 -0.000270259723465 
2179.49619792 -0.000676424289954 
2182.49619792 -0.00155028410074 
2185.49619792 -0.0043950123569 
2188.49619792 -0.00478311992548 
2191.49619792 -0.00344405470504 
2194.49619792 -0.00124825127115 
2197.49619792 0.00275977747166 
2200.49619792 -0.000341629403061 
2203.49619792 -0.00720735312378 
2206.49619792 -0.0119841623059 
2209.49619792 -0.0161692417124 
2212.49619792 -0.0180623342237 
2215.49619792 -0.0150914839643 
2218.49619792 -0.010449998045 
2221.49619792 -0.00857811228703 
2224.49619792 -0.00928280185046 
2227.49619792 -0.00564375742397 
2230.49619792 -0.00072135964728 
2233.49619792 0.00286476383609 
2236.49619792 0.0033779029359 
2239.49619792 0.00527650547137 
2242.49619792 0.0113551015013 
2245.49619792 0.0200089919308 
2248.49619792 0.0242576343624 
2251.49619792 0.0270435259258 
2254.49619792 0.030819072086 
2257.49619792 0.0333104821343 
2260.49619792 0.0393138866817 
2263.49619792 0.0496872698068 
2266.49619792 0.0598342537262 
2269.49619792 0.0608231253466 
2272.49619792 0.0566836897966 
2275.49619792 0.0487641361457 
2278.49619792 0.046107740166 
2281.49619792 0.0447952245965 
2284.49619792 0.0398093092252 
2287.49619792 0.0302335271365 
2290.49619792 0.0190786867103 
2293.49619792 0.00861700240037 
2296.49619792 -0.000641334373364 
2299.49619792 -0.00587898171152 
2302.49619792 -0.0111875995144 
2305.49619792 -0.0151328958567 
2308.49619792 -0.0216332122051 
2311.49619792 -0.0269545276174 
2314.49619792 -0.0275128538375 
2317.49619792 -0.0254554461902 
2320.49619792 -0.0208407279876 
2323.49619792 -0.0185072857014 
2326.49619792 -0.0159555910553 
2329.49619792 -0.0169993156615 
2332.49619792 -0.0160434778579 
2335.49619792 -0.0141910268543 
2338.49619792 -0.0100972923959 
2341.49619792 -0.0083507749978 
2344.49619792 -0.00557363983398 
2347.49619792 -0.00646025520473 
2350.49619792 -0.00344322880239 
2353.49619792 -0.000644851470946 
2356.49619792 0.00595919557512 
2359.49619792 0.00699079377834 
2362.49619792 0.00703027799213 
2365.49619792 0.00682092740894 
2368.49619792 0.00759778472405 
2371.49619792 0.00795191838917 
2374.49619792 0.00861285113776 
2377.49619792 0.006101326382 
2380.49619792 0.00383164572675 
2383.49619792 0.00265239953812 
2386.49619792 0.0022936203852 
2389.49619792 0.00542344746169 
2392.49619792 0.00759220086661 
2395.49619792 0.00839271059141 
2398.49619792 0.00881181068651 
2401.49619792 0.0114796851678 
2404.49619792 0.0112233107896 
2407.49619792 0.0149765993598 
2410.49619792 0.0176124914333 
2413.49619792 0.0169937398169 
2416.49619792 0.0124513381773 
2419.49619792 0.00973310538347 
2422.49619792 0.00863495018653 
2425.49619792 0.012728696092 
2428.49619792 0.0137349568838 
2431.49619792 0.014097376476 
2434.49619792 0.0158279395868 
2437.49619792 0.0154552302664 
2440.49619792 0.0130656872689 
2443.49619792 0.0102630326861 
2446.49619792 0.00707618684716 
2449.49619792 0.00449495630803 
2452.49619792 0.00308385984165 
2455.49619792 0.00700454165204 
2458.49619792 0.0120438711186 
2461.49619792 0.0147597389577 
2464.49619792 0.0147265963942 
2467.49619792 0.0140698212041 
2470.49619792 0.013243891077 
2473.49619792 0.0087414263809 
2476.49619792 0.00627238553111 
2479.49619792 0.00225760461915 
2482.49619792 0.00128866770182 
2485.49619792 0.00249769389114 
2488.49619792 0.00791142340331 
2491.49619792 0.00983058250131 
2494.49619792 0.0108902012979 
2497.49619792 0.00820528048344 
2500.49619792 0.00705925670127 
2503.49619792 0.00395638993772 
2506.49619792 0.000848522542511 
2509.49619792 -0.000730701705213 
2512.49619792 -0.00245715254485 
2515.49619792 -0.00303529270189 
2518.49619792 -0.00217752010689 
2521.49619792 -0.00514380185966 
2524.49619792 -0.0080839660865 
2527.49619792 -0.00932211035246 
2530.49619792 -0.0102451020705 
2533.49619792 -0.0120312450531 
2536.49619792 -0.0118255203142 
2539.49619792 -0.00825353941213 
2542.49619792 -0.00170174466 
2545.49619792 0.00363334695735 
2548.49619792 0.00914602309883 
2551.49619792 0.0114133748574 
2554.49619792 0.0122633345736 
2557.49619792 0.0154600013852 
2560.49619792 0.0187964535089 
2563.49619792 0.0214413761383 
2566.49619792 0.0212009657773 
2569.49619792 0.0198242553072 
2572.49619792 0.0145192656381 
2575.49619792 0.0108535456433 
2578.49619792 0.00862686687178 
2581.49619792 0.00138761175556 
2584.49619792 -0.00801982956563 
2587.49619792 -0.0160672773618 
2590.49619792 -0.0227532438062 
2593.49619792 -0.0273173707494 
2596.49619792 -0.0275668608884 
2599.49619792 -0.025753673171 
2602.49619792 -0.0233497847654 
2605.49619792 -0.0219732940781 
2608.49619792 -0.0219167228942 
2611.49619792 -0.0198291340281 
2614.49619792 -0.0141466719325 
2617.49619792 -0.00427344068813 
2620.49619792 0.00728050818113 
2623.49619792 0.0128621569242 
2626.49619792 0.0144028288173 
2629.49619792 0.0162444841342 
2632.49619792 0.0193484300658 
2635.49619792 0.0189095191816 
2638.49619792 0.019483101993 
2641.49619792 0.0199948296749 
2644.49619792 0.0190226375107 
2647.49619792 0.0141223115245 
2650.49619792 0.0110636671834 
2653.49619792 0.00907933103024 
2656.49619792 0.00840185618982 
2659.49619792 0.00627131580688 
2662.49619792 0.00506578582433 
2665.49619792 0.00585708584739 
2668.49619792 0.00497532630347 
2671.49619792 0.00173389090328 
2674.49619792 -0.00268702220157 
2677.49619792 -0.0060741465724 
2680.49619792 -0.00727651145331 
2683.49619792 -0.0108021588158 
2686.49619792 -0.0133454273089 
2689.49619792 -0.0144589764614 
2692.49619792 -0.0131149025963 
2695.49619792 -0.0129342193633 
2698.49619792 -0.0152234681307 
2701.49619792 -0.0158660787755 
2704.49619792 -0.0147601979832 
2707.49619792 -0.0126298602126 
2710.49619792 -0.0112951271177 
2713.49619792 -0.0120324435563 
2716.49619792 -0.0108127175491 
2719.49619792 -0.0107482731033 
2722.49619792 -0.00703082172569 
2725.49619792 -0.00253877238896 
2728.49619792 0.00112704383233 
2731.49619792 0.00524725432311 
2734.49619792 0.0116005371051 
2737.49619792 0.0180112072436 
2740.49619792 0.0217307339663 
2743.49619792 0.020978197567 
2746.49619792 0.0213674444005 
2749.49619792 0.0203852372365 
2752.49619792 0.0189224978154 
2755.49619792 0.0130910733302 
2758.49619792 0.0099980501472 
2761.49619792 0.00713196246299 
2764.49619792 0.00367594905382 
2767.49619792 0.00484513874724 
2770.49619792 0.00456930729302 
2773.49619792 0.00190945574343 
2776.49619792 -0.000822561125346 
2779.49619792 0.000973008909312 
2782.49619792 0.00386389370543 
2785.49619792 0.00513400950449 
2788.49619792 0.0067661270794 
2791.49619792 0.00311061725613 
2794.49619792 -0.000316020840357 
2797.49619792 -0.00202607729052 
2800.49619792 -0.0035611800642 
2803.49619792 -0.00812052787552 
2806.49619792 -0.0128359043234 
2809.49619792 -0.0160295514106 
2812.49619792 -0.0184789795049 
2815.49619792 -0.0186986180993 
2818.49619792 -0.0180488816831 
2821.49619792 -0.017758993858 
2824.49619792 -0.0170560196308 
2827.49619792 -0.016138301556 
2830.49619792 -0.016493183284 
2833.49619792 -0.0165194816729 
2836.49619792 -0.016643816939 
2839.49619792 -0.0168800685968 
2842.49619792 -0.0171828583607 
2845.49619792 -0.0176693258987 
2848.49619792 -0.0185717599095 
2851.49619792 -0.0199980943657 
2854.49619792 -0.0179134107538 
2857.49619792 -0.0123106874704 
2860.49619792 -0.0113804909966 
2863.49619792 -0.00841698800851 
2866.49619792 -0.00301329295604 
2869.49619792 0.00587452824752 
2872.49619792 0.0166331586166 
2875.49619792 0.0233844577957 
2878.49619792 0.0241122503118 
2881.49619792 0.0237042326512 
2884.49619792 0.0255551886737 
2887.49619792 0.0261382335936 
2890.49619792 0.0262514560905 
2893.49619792 0.0273941665321 
2896.49619792 0.027080971425 
2899.49619792 0.0222785884505 
2902.49619792 0.0141629358617 
2905.49619792 0.00849545677358 
2908.49619792 0.00419969925707 
2911.49619792 -0.000193721140979 
2914.49619792 -0.0044294541574 
2917.49619792 -0.00867349746155 
2920.49619792 -0.013462731814 
2923.49619792 -0.013820231476 
2926.49619792 -0.0103387421465 
2929.49619792 -0.0088507763502 
2932.49619792 -0.0108998316777 
2935.49619792 -0.0112174350331 
2938.49619792 -0.012543764869 
2941.49619792 -0.00949492890889 
2944.49619792 -0.00562360150722 
2947.49619792 -0.00274763819076 
2950.49619792 -0.00189515483546 
2953.49619792 -0.000668613056613 
2956.49619792 0.00149762393509 
2959.49619792 0.00742657676365 
2962.49619792 0.0125985091081 
2965.49619792 0.0155574235574 
2968.49619792 0.0130588591202 
2971.49619792 0.0101290842107 
2974.49619792 0.0077945281293 
2977.49619792 0.0048671502263 
2980.49619792 0.00478764550572 
2983.49619792 0.00614957672542 
2986.49619792 0.00772086825828 
2989.49619792 0.00775549378348 
2992.49619792 0.00520883067592 
2995.49619792 0.00214520859723 
2998.49619792 -0.000599697225092 
3001.49619792 0.000376561958867 
3004.49619792 0.0068604694302 
3007.49619792 0.0108135314324 
3010.49619792 0.0134209410252 
3013.49619792 0.0160481802946 
3016.49619792 0.016099628936 
3019.49619792 0.0145455273965 
3022.49619792 0.0108799287402 
3025.49619792 0.00356718803382 
3028.49619792 -0.00369320687072 
3031.49619792 -0.00995998421946 
3034.49619792 -0.0141552446075 
3037.49619792 -0.0167705995784 
3040.49619792 -0.0199328326025 
3043.49619792 -0.0231148598174 
3046.49619792 -0.025351454572 
3049.49619792 -0.0219876578016 
3052.49619792 -0.0208517125501 
3055.49619792 -0.020038410778 
3058.49619792 -0.0162291920572 
3061.49619792 -0.00866025611858 
3064.49619792 -0.00412113204762 
3067.49619792 0.000850706062002 
3070.49619792 0.00531125863088 
3073.49619792 0.0123329049959 
3076.49619792 0.0156383208082 
3079.49619792 0.0174842950866 
3082.49619792 0.0191869217397 
3085.49619792 0.018488277921 
3088.49619792 0.0128094147693 
3091.49619792 0.00363919667188 
3094.49619792 -0.00108685648519 
3097.49619792 -0.00551142355108 
3100.49619792 -0.0116587852777 
3103.49619792 -0.0147145941914 
3106.49619792 -0.018127472359 
3109.49619792 -0.0228748111824 
3112.49619792 -0.0225169429263 
3115.49619792 -0.016639857414 
3118.49619792 -0.011021306333 
3121.49619792 -0.00693913050524 
3124.49619792 -0.0018224390576 
3127.49619792 0.00272482456162 
3130.49619792 0.0100401294009 
3133.49619792 0.0208395718383 
3136.49619792 0.0316737548435 
3139.49619792 0.0389769687656 
3142.49619792 0.0464223684403 
3145.49619792 0.0528556407242 
3148.49619792 0.0545873645631 
3151.49619792 0.0516686577794 
3154.49619792 0.0481310196612 
3157.49619792 0.0402680738247 
3160.49619792 0.0325988917335 
3163.49619792 0.0282564111925 
3166.49619792 0.0233733358689 
3169.49619792 0.014770278231 
3172.49619792 0.000836082991904 
3175.49619792 -0.0144155704977 
3178.49619792 -0.0254976307565 
3181.49619792 -0.0322277861409 
3184.49619792 -0.0365861253865 
3187.49619792 -0.0372870677672 
3190.49619792 -0.0355136355581 
3193.49619792 -0.0358351022835 
3196.49619792 -0.0342271367808 
3199.49619792 -0.0293781140589 
3202.49619792 -0.0224138716487 
3205.49619792 -0.0162631027159 
3208.49619792 -0.0086177676338 
3211.49619792 -0.00106915094664 
3214.49619792 0.00187201639707 
3217.49619792 0.00282536003762 
3220.49619792 0.00180956387625 
3223.49619792 0.000159986462392 
3226.49619792 0.000470265136563 
3229.49619792 0.000533364592998 
3232.49619792 0.000661637241263 
3235.49619792 0.00123061670414 
3238.49619792 0.00259821133809 
3241.49619792 0.00335583965907 
3244.49619792 0.00359756270732 
3247.49619792 0.00769079979262 
3250.49619792 0.0117020836393 
3253.49619792 0.0148755004041 
3256.49619792 0.0167598061812 
3259.49619792 0.0180713464643 
3262.49619792 0.0146623099173 
3265.49619792 0.0113906353477 
3268.49619792 0.0104947318631 
3271.49619792 0.0108223319031 
3274.49619792 0.0115250497169 
3277.49619792 0.00966750478845 
3280.49619792 0.00546040417298 
3283.49619792 -0.00199879045127 
3286.49619792 -0.0081232173534 
3289.49619792 -0.0133616191219 
3292.49619792 -0.0154979654345 
3295.49619792 -0.0121478615921 
3298.49619792 -0.00671078015454 
3301.49619792 -0.00170539425686 
3304.49619792 0.00245910712389 
3307.49619792 0.0043348834385 
3310.49619792 0.00688290902788 
3313.49619792 0.0108731727076 
3316.49619792 0.0188979141905 
3319.49619792 0.0199042974655 
3322.49619792 0.0153089464798 
3325.49619792 0.0103491600814 
3328.49619792 0.00285486216185 
3331.49619792 -0.00179617372199 
3334.49619792 -0.00406704572608 
3337.49619792 -0.00573306308499 
3340.49619792 -0.00965817317593 
3343.49619792 -0.0132234489847 
3346.49619792 -0.0168984834214 
3349.49619792 -0.0156033547341 
3352.49619792 -0.0120803367526 
3355.49619792 -0.0071293926065 
3358.49619792 -0.00482285597376 
3361.49619792 -0.00367731983473 
3364.49619792 -0.001759320177 
3367.49619792 0.00202911776271 
3370.49619792 0.003212704376 
3373.49619792 0.00487041377234 
3376.49619792 0.00196738497341 
3379.49619792 -0.00129035084335 
3382.49619792 -0.00643044143532 
3385.49619792 -0.0121323382852 
3388.49619792 -0.0186332086695 
3391.49619792 -0.0243941584177 
3394.49619792 -0.0235521955913 
3397.49619792 -0.0194356311918 
3400.49619792 -0.0164741869506 
3403.49619792 -0.0172704360937 
3406.49619792 -0.0176617639958 
3409.49619792 -0.0125288139132 
3412.49619792 -0.00120585464873 
3415.49619792 0.0118516847729 
3418.49619792 0.0208791190108 
3421.49619792 0.0278465459826 
3424.49619792 0.0294547839244 
3427.49619792 0.0262902821005 
3430.49619792 0.020372764561 
3433.49619792 0.0155059073785 
3436.49619792 0.0148039095823 
3439.49619792 0.0182582763374 
3442.49619792 0.0213895302852 
3445.49619792 0.0214049127937 
3448.49619792 0.0182851081575 
3451.49619792 0.0146719860852 
3454.49619792 0.0113538526312 
3457.49619792 0.00998688128761 
3460.49619792 0.0086328736967 
3463.49619792 0.00825347530881 
3466.49619792 0.00703979676347 
3469.49619792 0.00419961798322 
3472.49619792 -0.000886941110078 
3475.49619792 -0.00541774569992 
3478.49619792 -0.00810421300708 
3481.49619792 -0.00667418860327 
3484.49619792 -0.00172868823167 
3487.49619792 0.00139663673097 
3490.49619792 0.00256578221027 
3493.49619792 0.000472244970602 
3496.49619792 -0.00285018319151 
3499.49619792 -0.00641734260777 
3502.49619792 -0.00655364916973 
3505.49619792 -0.00448115119921 
3508.49619792 -0.0017424206519 
3511.49619792 0.000435167850953 
3514.49619792 0.00029859072789 
3517.49619792 -0.00268036804754 
3520.49619792 -0.00695763805079 
3523.49619792 -0.00934352601401 
3526.49619792 -0.0108725270956 
3529.49619792 -0.0133770462737 
3532.49619792 -0.0152637410443 
3535.49619792 -0.0146986130036 
3538.49619792 -0.00808564536467 
3541.49619792 -0.00165734781353 
3544.49619792 0.00355437824358 
3547.49619792 0.00658622625031 
3550.49619792 0.00957037394304 
3553.49619792 0.0102914087095 
3556.49619792 0.00779660175738 
3559.49619792 -0.00301926601224 
3562.49619792 -0.0163114228861 
3565.49619792 -0.0233593270031 
3568.49619792 -0.0206926928067 
3571.49619792 -0.0137490664834 
3574.49619792 -0.0048578861512 
3577.49619792 0.00435487966929 
3580.49619792 0.0117013945286 
3583.49619792 0.0154801950772 
3586.49619792 0.0173804534244 
3589.49619792 0.0183545206109 
3592.49619792 0.0157332074649 
3595.49619792 0.00544399314955 
3598.49619792 -0.00414351097608 
3601.49619792 -0.0117033863104 
3604.49619792 -0.0146436775992 
3607.49619792 -0.0168904064025 
3610.49619792 -0.0181539561896 
3613.49619792 -0.0150263847489 
3616.49619792 -0.0108558087196 
3619.49619792 -0.0057286702902 
3622.49619792 0.00430713814601 
3625.49619792 0.0147122292366 
3628.49619792 0.0215620002798 
3631.49619792 0.0242613615128 
3634.49619792 0.0219434379547 
3637.49619792 0.0190608797225 
3640.49619792 0.0219657871209 
3643.49619792 0.0262186626612 
3646.49619792 0.0369938362668 
3649.49619792 0.0453295212276 
3652.49619792 0.0482029115396 
3655.49619792 0.0443012581143 
3658.49619792 0.0354414277418 
3661.49619792 0.0258323233714 
3664.49619792 0.0167156092283 
3667.49619792 0.0103704252146 
3670.49619792 0.00576512104311 
3673.49619792 -0.000522096645118 
3676.49619792 -0.00786795276402 
3679.49619792 -0.015494119235 
3682.49619792 -0.0217215145346 
3685.49619792 -0.0248864627924 
3688.49619792 -0.0275414553672 
3691.49619792 -0.0277063909318 
3694.49619792 -0.027138341611 
3697.49619792 -0.0283047588356 
3700.49619792 -0.0285775596907 
3703.49619792 -0.0267225262389 
3706.49619792 -0.0272893804906 
3709.49619792 -0.0247300667064 
3712.49619792 -0.0196872138464 
3715.49619792 -0.0124323315416 
3718.49619792 -0.00379259821685 
3721.49619792 0.000532172993756 
3724.49619792 0.0022560047547 
3727.49619792 0.000331229425642 
3730.49619792 -0.00538824214481 
3733.49619792 -0.0135485993618 
3736.49619792 -0.0208138892993 
3739.49619792 -0.0248008688283 
3742.49619792 -0.0271581449595 
3745.49619792 -0.0283641185141 
3748.49619792 -0.0263102022086 
3751.49619792 -0.0199818235683 
3754.49619792 -0.0133838996059 
3757.49619792 -0.00690495313095 
3760.49619792 -0.00254422803975 
3763.49619792 -0.000363613123087 
3766.49619792 0.00263705165688 
3769.49619792 0.00575500988837 
3772.49619792 0.00761158983287 
3775.49619792 0.00945200658197 
3778.49619792 0.0111420460894 
3781.49619792 0.0121990629778 
3784.49619792 0.0143706077391 
3787.49619792 0.0203947199497 
3790.49619792 0.0303586430895 
3793.49619792 0.0371589206427 
3796.49619792 0.0411322965305 
3799.49619792 0.0417761823736 
3802.49619792 0.037438447768 
3805.49619792 0.0299946277824 
3808.49619792 0.0237394803221 
3811.49619792 0.0178484843884 
3814.49619792 0.0110340926568 
3817.49619792 0.0045307213843 
3820.49619792 -0.00945720982593 
3823.49619792 -0.0190714670734 
3826.49619792 -0.0178634456465 
3829.49619792 -0.0119100874803 
3832.49619792 -0.00299933874976 
3835.49619792 0.00353467305333 
3838.49619792 0.0101763672808 
3841.49619792 0.0134961559742 
3844.49619792 0.018565111479 
3847.49619792 0.0191832827313 
3850.49619792 0.0187805902255 
3853.49619792 0.0159531253667 
3856.49619792 0.0076086731316 
3859.49619792 -0.0060507986535 
3862.49619792 -0.0179978748968 
3865.49619792 -0.0237922785675 
3868.49619792 -0.028943353865 
3871.49619792 -0.0286186155807 
3874.49619792 -0.0262392535648 
3877.49619792 -0.0220467152787 
3880.49619792 -0.018284856323 
3883.49619792 -0.0109549502345 
3886.49619792 -0.000550512446937 
3889.49619792 0.0122949958924 
3892.49619792 0.0209275628089 
3895.49619792 0.026636355345 
3898.49619792 0.025469766415 
3901.49619792 0.0243898177069 
3904.49619792 0.0227648236139 
3907.49619792 0.0176344182044 
3910.49619792 0.0106884269264 
3913.49619792 0.0075887495894 
3916.49619792 0.00447653919395 
3919.49619792 0.00272297787076 
3922.49619792 -8.18648372172e-05 
3925.49619792 -0.000850045354187 
3928.49619792 -0.00163126262543 
3931.49619792 -0.00468505929568 
3934.49619792 -0.00816459261526 
3937.49619792 -0.00850540137415 
3940.49619792 -0.0063711487219 
3943.49619792 -0.00549441384839 
3946.49619792 -0.00259966883019 
3949.49619792 0.00398771042143 
3952.49619792 0.0143564775349 
3955.49619792 0.0208584846085 
3958.49619792 0.0235844555894 
3961.49619792 0.0223794138223 
3964.49619792 0.0148821888992 
3967.49619792 0.00314438082056 
3970.49619792 -0.00926159624177 
3973.49619792 -0.0196982831169 
3976.49619792 -0.0227173688386 
3979.49619792 -0.0178326153815 
3982.49619792 -0.00738970304328 
3985.49619792 0.00469169170036 
3988.49619792 0.0139872023211 
3991.49619792 0.0179518338286 
3994.49619792 0.0195755504339 
3997.49619792 0.0186260863323 
4000.49619792 0.0183682547482 
4003.49619792 0.0166550899665 
4006.49619792 0.0121523259307 
4009.49619792 0.00812218540434 
4012.49619792 0.00565030683774 
4015.49619792 0.00887771691703 
4018.49619792 0.0128496739465 
4021.49619792 0.0174052717133 
4024.49619792 0.017350478252 
4027.49619792 0.0138229890636 
4030.49619792 0.00826906042958 
4033.49619792 0.00181082276252 
4036.49619792 -0.00429483717592 
4039.49619792 -0.00977207104716 
4042.49619792 -0.016032663856 
4045.49619792 -0.0206984437906 
4048.49619792 -0.0198925619783 
4051.49619792 -0.0162204202041 
4054.49619792 -0.0101761623791 
4057.49619792 -0.00368896660751 
4060.49619792 0.00451391343537 
4063.49619792 0.0148306452475 
4066.49619792 0.0276561224783 
4069.49619792 0.0353304832023 
4072.49619792 0.0382113026318 
4075.49619792 0.0338059161248 
4078.49619792 0.0244485294839 
4081.49619792 0.0128470205267 
4084.49619792 0.00569405277791 
4087.49619792 0.000947910454536 
4090.49619792 -0.00136557723937 
4093.49619792 -0.00484525836863 
4096.49619792 -0.00861432551422 
4099.49619792 -0.010929576765 
4102.49619792 -0.00963790393366 
4105.49619792 -0.00596977834718 
4108.49619792 -0.00334415339407 
4111.49619792 -0.00283434938418 
4114.49619792 -0.00440751593928 
4117.49619792 -0.00895167898944 
4120.49619792 -0.0130510373699 
4123.49619792 -0.0117559178402 
4126.49619792 -0.00629736465068 
4129.49619792 5.87879399824e-05 
4132.49619792 0.00363528522439 
4135.49619792 0.00329019928565 
4138.49619792 0.00131295542124 
4141.49619792 -0.00138103587055 
4144.49619792 -0.00335227076371 
4147.49619792 -0.00431927542369 
4150.49619792 -0.00324449304292 
4153.49619792 0.00384770904687 
4156.49619792 0.016755724173 
4159.49619792 0.0295790550872 
4162.49619792 0.0412191290624 
4165.49619792 0.052366775035 
4168.49619792 0.0600644716586 
4171.49619792 0.0620106485908 
4174.49619792 0.0532722161786 
4177.49619792 0.0348821147884 
4180.49619792 0.0106083641635 
4183.49619792 -0.0162239241376 
4186.49619792 -0.0398796900967 
4189.49619792 -0.0562726272281 
4192.49619792 -0.0626762013575 
4195.49619792 -0.0549642325867 
4198.49619792 -0.0343018652314 
4201.49619792 -0.00620016626783 
4204.49619792 0.0195014996471 
4207.49619792 0.0344373430289 
4210.49619792 0.0352467253406 
4213.49619792 0.0232487487683 
4216.49619792 0.00926173475074 
4219.49619792 -0.00386093207461 
4222.49619792 -0.0126718249961 
4225.49619792 -0.0215488133102 
4228.49619792 -0.0280190365819 
4231.49619792 -0.025633566435 
4234.49619792 -0.0142584601176 
4237.49619792 0.0115745123 
4240.49619792 0.0457981943695 
4243.49619792 0.0719136186266 
4246.49619792 0.0782925587642 
4249.49619792 0.0701420087834 
4252.49619792 0.055229840133 
4255.49619792 0.0384211196812 
4258.49619792 0.0238023405 
4261.49619792 0.0131820725781 
4264.49619792 0.00800570394019 
4267.49619792 0.0024774266521 
4270.49619792 -0.00657523882602 
4273.49619792 -0.0145830907999 
4276.49619792 -0.0215946128461 
4279.49619792 -0.0248470758783 
4282.49619792 -0.0245232121464 
4285.49619792 -0.0219000903709 
4288.49619792 -0.0201863864344 
4291.49619792 -0.0166612370174 
4294.49619792 -0.0131678336272 
4297.49619792 -0.00996684213048 
4300.49619792 -0.00988942820851 
4303.49619792 -0.00714875352756 
4306.49619792 -0.0045398847256 
4309.49619792 -0.000672661439114 
4312.49619792 0.00566762675473 
4315.49619792 0.0131927938591 
4318.49619792 0.0158238873409 
4321.49619792 0.0117474127026 
4324.49619792 0.00520969435375 
4327.49619792 0.00249561253632 
4330.49619792 -0.00620480517359 
4333.49619792 -0.0146670341034 
4336.49619792 -0.0213656037193 
4339.49619792 -0.0238315899312 
4342.49619792 -0.0217592278941 
4345.49619792 -0.0174127031201 
4348.49619792 -0.00961675327067 
4351.49619792 -0.00241979404308 
4354.49619792 0.004201837847 
4357.49619792 0.00758060503308 
4360.49619792 0.0149351863227 
4363.49619792 0.0229344478788 
4366.49619792 0.0321148887394 
4369.49619792 0.0433844752611 
4372.49619792 0.054761455456 
4375.49619792 0.0661149326249 
4378.49619792 0.070702935767 
4381.49619792 0.069420525866 
4384.49619792 0.0546758363085 
4387.49619792 0.0250370850004 
4390.49619792 -0.0154343062544 
4393.49619792 -0.0508993446243 
4396.49619792 -0.0732129014383 
4399.49619792 -0.0821751414505 
4402.49619792 -0.0761094147353 
4405.49619792 -0.0598052149202 
4408.49619792 -0.0324973978556 
4411.49619792 0.00091611470477 
4414.49619792 0.0346349232115 
4417.49619792 0.0627595860463 
4420.49619792 0.0808302720174 
4423.49619792 0.0801522419964 
4426.49619792 0.0689820728628 
4429.49619792 0.0529681786892 
4432.49619792 0.0345978600429 
4435.49619792 0.0199287551732 
4438.49619792 0.00796847135567 
4441.49619792 -0.00621410931327 
4444.49619792 -0.0223479459582 
4447.49619792 -0.0379927950032 
4450.49619792 -0.0487599694296 
4453.49619792 -0.0574388452746 
4456.49619792 -0.0616918902308 
4459.49619792 -0.0588073963072 
4462.49619792 -0.044511365918 
4465.49619792 -0.0258598053824 
4468.49619792 -0.00545717954681 
4471.49619792 0.0119310813191 
4474.49619792 0.0248831843652 
4477.49619792 0.0327371557363 
4480.49619792 0.0371606880629 
4483.49619792 0.0430037473016 
4486.49619792 0.0467708341123 
4489.49619792 0.050409906584 
4492.49619792 0.0498455500726 
4495.49619792 0.0479734628471 
4498.49619792 0.0439293672559 
4501.49619792 0.0389412586351 
4504.49619792 0.0376925533464 
4507.49619792 0.0365581900734 
4510.49619792 0.0281263501259 
4513.49619792 0.0128770277508 
4516.49619792 -0.00315650865444 
4519.49619792 -0.0133814133127 
4522.49619792 -0.0187260325728 
4525.49619792 -0.0184284077053 
4528.49619792 -0.0143438320094 
4531.49619792 -0.00967685815032 
4534.49619792 -0.00323417984823 
4537.49619792 0.00393894066938 
4540.49619792 0.0109360569243 
4543.49619792 0.0151130158132 
4546.49619792 0.0124132058569 
4549.49619792 0.00429379091809 
4552.49619792 -0.00340593297307 
4555.49619792 -0.00809863945196 
4558.49619792 -0.0114196054716 
4561.49619792 -0.0155870873708 
4564.49619792 -0.0120624347545 
4567.49619792 -0.00459175003864 
4570.49619792 0.00724938372767 
4573.49619792 0.0234222787572 
4576.49619792 0.0380692221918 
4579.49619792 0.0484176805708 
4582.49619792 0.0466935392394 
4585.49619792 0.0400284052307 
4588.49619792 0.0296128375392 
4591.49619792 0.0234749785581 
4594.49619792 0.0212585328521 
4597.49619792 0.021710257533 
4600.49619792 0.0260749659017 
4603.49619792 0.0315242201027 
4606.49619792 0.0351280449035 
4609.49619792 0.0350343304219 
4612.49619792 0.0285710577821 
4615.49619792 0.0177862869931 
4618.49619792 -1.69581217813e-05 
4621.49619792 -0.0243770909076 
4624.49619792 -0.0481943857974 
4627.49619792 -0.0655358506641 
4630.49619792 -0.0655581448846 
4633.49619792 -0.0567261857219 
4636.49619792 -0.0387324237402 
4639.49619792 -0.0221820625802 
4642.49619792 -0.00597127733474 
4645.49619792 0.00751779293268 
4648.49619792 0.0177826262354 
4651.49619792 0.0212416072851 
4654.49619792 0.018564285004 
4657.49619792 0.00912949646048 
4660.49619792 -0.00353386718297 
4663.49619792 -0.015628711033 
4666.49619792 -0.0195697765559 
4669.49619792 -0.0168670922523 
4672.49619792 -0.0123201988012 
4675.49619792 -0.000684153963262 
4678.49619792 0.0168567636042 
4681.49619792 0.0414468103346 
4684.49619792 0.0666404196276 
4687.49619792 0.0886608136234 
4690.49619792 0.104156446155 
4693.49619792 0.111178534947 
4696.49619792 0.107524141781 
4699.49619792 0.0884500693652 
4702.49619792 0.0565813625754 
4705.49619792 0.0148554772728 
4708.49619792 -0.027294041718 
4711.49619792 -0.0649686507124 
4714.49619792 -0.0959291873886 
4717.49619792 -0.115684888769 
4720.49619792 -0.123385932502 
4723.49619792 -0.111521048168 
4726.49619792 -0.0805707634445 
4729.49619792 -0.0327521055473 
4732.49619792 0.0194837018169 
4735.49619792 0.0652292078325 
4738.49619792 0.100323854904 
4741.49619792 0.121051564152 
4744.49619792 0.122421607876 
4747.49619792 0.102485821942 
4750.49619792 0.0721365654105 
4753.49619792 0.0448578764386 
4756.49619792 0.0274553668918 
4759.49619792 0.0172018214977 
4762.49619792 0.0171162126525 
4765.49619792 0.0236928268383 
4768.49619792 0.0290374460984 
4771.49619792 0.0242495390282 
4774.49619792 0.0137943886786 
4777.49619792 -0.00173176790992 
4780.49619792 -0.0127784814811 
4783.49619792 -0.019142227986 
4786.49619792 -0.0252097656202 
4789.49619792 -0.030814962605 
4792.49619792 -0.0285080144518 
4795.49619792 -0.0191257259588 
4798.49619792 -0.0103307246521 
4801.49619792 -0.0084502673639 
4804.49619792 -0.00802893738887 
4807.49619792 -0.0064311769065 
4810.49619792 0.00080180316677 
4813.49619792 0.00551356414423 
4816.49619792 0.0156061317817 
4819.49619792 0.0248993063513 
4822.49619792 0.0307655526783 
4825.49619792 0.0285146010684 
4828.49619792 0.0155092029762 
4831.49619792 -0.0063091115849 
4834.49619792 -0.0341298668541 
4837.49619792 -0.0610219005983 
4840.49619792 -0.0784100967885 
4843.49619792 -0.0771807507038 
4846.49619792 -0.0539019763962 
4849.49619792 -0.0158946184913 
4852.49619792 0.0306326367243 
4855.49619792 0.0775270918085 
4858.49619792 0.108108828204 
4861.49619792 0.108448310253 
4864.49619792 0.0763583874689 
4867.49619792 0.0178002912801 
4870.49619792 -0.0453137472309 
4873.49619792 -0.0881410638682 
4876.49619792 -0.106980225072 
4879.49619792 -0.100471942741 
4882.49619792 -0.0668666265234 
4885.49619792 -0.0183742816054 
4888.49619792 0.0323589919097 
4891.49619792 0.0683781646002 
4894.49619792 0.0740576458911 
4897.49619792 0.0574979348033 
4900.49619792 0.0309990650636 
4903.49619792 0.0192618196061 
4906.49619792 0.0231213250956 
4909.49619792 0.0315829593526 
4912.49619792 0.0356447154097 
4915.49619792 0.029801248657 
4918.49619792 0.0196322589821 
4921.49619792 0.00994495198986 
4924.49619792 0.00689547099009 
4927.49619792 0.00995000470548 
4930.49619792 0.0149820321165 
4933.49619792 0.0221848556536 
4936.49619792 0.0281241133778 
4939.49619792 0.0301263990342 
4942.49619792 0.0327546238922 
4945.49619792 0.0289342489036 
4948.49619792 0.0234596372589 
4951.49619792 0.0151599760772 
4954.49619792 0.00841078601187 
4957.49619792 0.00174717574493 
4960.49619792 -0.00331219845915 
4963.49619792 -0.00951634800455 
4966.49619792 -0.0114720282546 
4969.49619792 -0.0162830331263 
4972.49619792 -0.0209245087433 
4975.49619792 -0.0168386349551 
4978.49619792 0.00180438953603 
4981.49619792 0.0276864868495 
4984.49619792 0.0556227751971 
4987.49619792 0.0815117544603 
4990.49619792 0.0946540074269 
4993.49619792 0.0949862915883 
4996.49619792 0.0759569953448 
4999.49619792 0.0435514964731 
5002.49619792 0.0072504557413 
5005.49619792 -0.0347721043259 
5008.49619792 -0.0709098841926 
5011.49619792 -0.0984412409968 
5014.49619792 -0.116171707731 
5017.49619792 -0.13055657617 
5020.49619792 -0.14361182261 
5023.49619792 -0.144862139639 
5026.49619792 -0.133023400304 
5029.49619792 -0.109601950311 
5032.49619792 -0.0685200710454 
5035.49619792 -0.0106501103089 
5038.49619792 0.0556510447632 
5041.49619792 0.109239491799 
5044.49619792 0.145857069024 
5047.49619792 0.162158645182 
5050.49619792 0.162697204684 
5053.49619792 0.146117172842 
5056.49619792 0.119917649602 
5059.49619792 0.0909069391686 
5062.49619792 0.0594057230018 
5065.49619792 0.0287187747358 
5068.49619792 -0.00549178847384 
5071.49619792 -0.037588254948 
5074.49619792 -0.0594318496854 
5077.49619792 -0.0741121382958 
5080.49619792 -0.0790983009228 
5083.49619792 -0.075465556365 
5086.49619792 -0.0658756394933 
5089.49619792 -0.0412980402548 
5092.49619792 -0.004965975231 
5095.49619792 0.0337715040866 
5098.49619792 0.0678089133421 
5101.49619792 0.082677967928 
5104.49619792 0.0781027396627 
5107.49619792 0.0631283404206 
5110.49619792 0.037012483466 
5113.49619792 0.00686227691501 
5116.49619792 -0.0162345755918 
5119.49619792 -0.0300589852308 
5122.49619792 -0.0286642457007 
5125.49619792 -0.0158526319585 
5128.49619792 -0.000567313277243 
5131.49619792 0.0192061138171 
5134.49619792 0.0481681446437 
5137.49619792 0.0788760455391 
5140.49619792 0.109642546031 
5143.49619792 0.130911204919 
5146.49619792 0.134912415386 
5149.49619792 0.114052662447 
5152.49619792 0.0607009306736 
5155.49619792 -0.0278501220324 
5158.49619792 -0.120330987838 
5161.49619792 -0.19486665222 
5164.49619792 -0.224927759729 
5167.49619792 -0.197155433949 
5170.49619792 -0.126519064906 
5173.49619792 -0.0290757844653 
5176.49619792 0.0727722093975 
5179.49619792 0.137724316873 
5182.49619792 0.147136314968 
5185.49619792 0.116388450228 
5188.49619792 0.0577506484238 
5191.49619792 0.00338670626835 
5194.49619792 -0.0202969738268 
5197.49619792 -0.00388613784522 
5200.49619792 0.034502162937 
5203.49619792 0.0730084026755 
5206.49619792 0.0868233376143 
5209.49619792 0.0736767943038 
5212.49619792 0.0419164358688 
5215.49619792 0.0035436518114 
5218.49619792 -0.0356469269744 
5221.49619792 -0.0710235485445 
5224.49619792 -0.0916133120167 
5227.49619792 -0.0962240535237 
5230.49619792 -0.0777432024307 
5233.49619792 -0.0452047486852 
5236.49619792 -0.00744309309968 
5239.49619792 0.0283854031073 
5242.49619792 0.0540376831342 
5245.49619792 0.0636618815481 
5248.49619792 0.0607816550744 
5251.49619792 0.0478642033093 
5254.49619792 0.0425606010192 
5257.49619792 0.0432546797654 
5260.49619792 0.0601307728113 
5263.49619792 0.0850651574176 
5266.49619792 0.0989121531763 
5269.49619792 0.097603419703 
5272.49619792 0.0813703150536 
5275.49619792 0.0572112052116 
5278.49619792 0.0328487000997 
5281.49619792 0.00577649251499 
5284.49619792 -0.0251765417828 
5287.49619792 -0.066907799173 
5290.49619792 -0.118346999102 
5293.49619792 -0.172915292926 
5296.49619792 -0.211710679868 
5299.49619792 -0.21621353548 
5302.49619792 -0.193146760024 
5305.49619792 -0.160864600527 
5308.49619792 -0.135525636946 
5311.49619792 -0.102698782343 
5314.49619792 -0.0623311606345 
5317.49619792 -0.00771289941375 
5320.49619792 0.058327541714 
5323.49619792 0.138843157984 
5326.49619792 0.234384758358 
5329.49619792 0.303206014294 
5332.49619792 0.317078779589 
5335.49619792 0.274911942399 
5338.49619792 0.19614749159 
5341.49619792 0.111231337771 
5344.49619792 0.0366001983556 
5347.49619792 -0.01996159668 
5350.49619792 -0.0583745615025 
5353.49619792 -0.0694919278119 
5356.49619792 -0.0644885534422 
5359.49619792 -0.0502358385851 
5362.49619792 -0.0334301470153 
5365.49619792 -0.0110019917723 
5368.49619792 -0.00245877973906 
5371.49619792 -0.00741074495955 
5374.49619792 -0.0246808925883 
5377.49619792 -0.0481506444361 
5380.49619792 -0.0747181070224 
5383.49619792 -0.0915878996273 
5386.49619792 -0.0931992282651 
5389.49619792 -0.0700980613757 
5392.49619792 -0.01770186177 
5395.49619792 0.0550784509746 
5398.49619792 0.148351036337 
5401.49619792 0.234967768936 
5404.49619792 0.298851695243 
5407.49619792 0.320515706806 
5410.49619792 0.285751429954 
5413.49619792 0.197485346288 
5416.49619792 0.0822294186511 
5419.49619792 -0.0443087307304 
5422.49619792 -0.151549874649 
5425.49619792 -0.229300577168 
5428.49619792 -0.281148737993 
5431.49619792 -0.321995065014 
5434.49619792 -0.348636077008 
5437.49619792 -0.33584848942 
5440.49619792 -0.270169724973 
5443.49619792 -0.156548212329 
5446.49619792 -0.0075798169056 
5449.49619792 0.140924217469 
5452.49619792 0.258441105991 
5455.49619792 0.319028949243 
5458.49619792 0.306688839491 
5461.49619792 0.250637258841 
5464.49619792 0.183130084427 
5467.49619792 0.120410942999 
5470.49619792 0.0615243561922 
5473.49619792 0.00246764860571 
5476.49619792 -0.0535563083764 
5479.49619792 -0.0919290941508 
5482.49619792 -0.0975773388075 
5485.49619792 -0.0737252747323 
5488.49619792 -0.0413945661251 
5491.49619792 -0.00860573166228 
5494.49619792 0.0191014857445 
5497.49619792 0.0396551865178 
5500.49619792 0.0591433252005 
5503.49619792 0.0698023985278 
5506.49619792 0.0800233759989 
5509.49619792 0.0710675692132 
5512.49619792 0.0492141140109 
5515.49619792 0.00907270721082 
5518.49619792 -0.0292590558701 
5521.49619792 -0.0520592576509 
5524.49619792 -0.0341259931817 
5527.49619792 0.0122435426721 
5530.49619792 0.0758727223671 
5533.49619792 0.125022023338 
5536.49619792 0.144225245637 
5539.49619792 0.118982089053 
5542.49619792 0.0568536185522 
5545.49619792 -0.0217095455282 
5548.49619792 -0.104548474615 
5551.49619792 -0.178214952862 
5554.49619792 -0.236203149891 
5557.49619792 -0.255645395172 
5560.49619792 -0.218106891272 
5563.49619792 -0.117027734369 
5566.49619792 0.00933382523502 
5569.49619792 0.11652172104 
5572.49619792 0.175797176929 
5575.49619792 0.18764627353 
5578.49619792 0.163822053192 
5581.49619792 0.129918134531 
5584.49619792 0.103099739481 
5587.49619792 0.0957074997772 
5590.49619792 0.10102020016 
5593.49619792 0.110824327449 
5596.49619792 0.123751348924 
5599.49619792 0.126345610467 
5602.49619792 0.11073091059 
5605.49619792 0.069095444171 
5608.49619792 0.00395958050899 
5611.49619792 -0.0609591709164 
5614.49619792 -0.112482121839 
5617.49619792 -0.128337447282 
5620.49619792 -0.093618665475 
5623.49619792 -0.0175717709411 
5626.49619792 0.0561828001552 
5629.49619792 0.0996754314612 
5632.49619792 0.116234648038 
5635.49619792 0.128578411679 
5638.49619792 0.16595491732 
5641.49619792 0.215707192477 
5644.49619792 0.255450832425 
5647.49619792 0.24414758479 
5650.49619792 0.163904893002 
5653.49619792 0.0229183236033 
5656.49619792 -0.131247069709 
5659.49619792 -0.235411162474 
5662.49619792 -0.239612842352 
5665.49619792 -0.148790702725 
5668.49619792 -0.0218455201265 
5671.49619792 0.0424251278005 
5674.49619792 0.0136796173995 
5677.49619792 -0.0928253502037 
5680.49619792 -0.211084720061 
5683.49619792 -0.284641728146 
5686.49619792 -0.253348426533 
5689.49619792 -0.123933475627 
5692.49619792 0.0619009174356 
5695.49619792 0.234047464979 
5698.49619792 0.332642224281 
5701.49619792 0.349264289588 
5704.49619792 0.281873691647 
5707.49619792 0.162598320727 
5710.49619792 0.0387034719316 
5713.49619792 -0.0534295669462 
5716.49619792 -0.0991635297845 
5719.49619792 -0.102432405557 
5722.49619792 -0.0760351556126 
5725.49619792 -0.0144325727599 
5728.49619792 0.0535905120788 
5731.49619792 0.119028701328 
5734.49619792 0.136874993612 
5737.49619792 0.103102514239 
5740.49619792 0.04561105845 
5743.49619792 -0.0248692968378 
5746.49619792 -0.0851898841719 
5749.49619792 -0.107492511369 
5752.49619792 -0.0935243877999 
5755.49619792 -0.0491597040249 
5758.49619792 0.0145239497596 
5761.49619792 0.0738162465074 
5764.49619792 0.129724524175 
5767.49619792 0.194406646764 
5770.49619792 0.226382795304 
5773.49619792 0.204455483914 
5776.49619792 0.119194509156 
5779.49619792 -0.0176977866301 
5782.49619792 -0.16295816016 
5785.49619792 -0.281178939816 
5788.49619792 -0.340519094275 
5791.49619792 -0.31485911956 
5794.49619792 -0.208575459527 
5797.49619792 -0.0779276460106 
5800.49619792 0.0592494482543 
5803.49619792 0.174913833117 
5806.49619792 0.253275275482 
5809.49619792 0.263800015714 
5812.49619792 0.23788201596 
5815.49619792 0.18354159114 
5818.49619792 0.122452707146 
5821.49619792 0.0721242575721 
5824.49619792 0.0465222780503 
5827.49619792 0.031661621 
5830.49619792 0.0161084374196 
5833.49619792 -0.0207563771702 
5836.49619792 -0.0764007322935 
5839.49619792 -0.103204053905 
5842.49619792 -0.0921045083196 
5845.49619792 -0.0246954325959 
5848.49619792 0.0348679868736 
5851.49619792 0.112422322595 
5854.49619792 0.159154305514 
5857.49619792 0.194297378068 
5860.49619792 0.16776059808 
5863.49619792 0.153252230007 
5866.49619792 0.136744552504 
5869.49619792 0.115232007939 
5872.49619792 0.0778178644885 
5875.49619792 0.0393068765252 
5878.49619792 0.0137108437315 
5881.49619792 0.0267822270387 
5884.49619792 0.0186237064964 
5887.49619792 -0.0062254018007 
5890.49619792 -0.0649548501824 
5893.49619792 -0.095553587695 
5896.49619792 -0.136915809114 
5899.49619792 -0.167537463565 
5902.49619792 -0.184848621296 
5905.49619792 -0.213003680554 
5908.49619792 -0.205454415178 
5911.49619792 -0.15943890596 
5914.49619792 -0.0371290164418 
5917.49619792 0.112971101999 
5920.49619792 0.28772903583 
5923.49619792 0.383496673684 
5926.49619792 0.392593155215 
5929.49619792 0.331108726236 
5932.49619792 0.222956344402 
5935.49619792 0.156905414368 
5938.49619792 0.106428973112 
5941.49619792 0.0930249771139 
5944.49619792 0.111678769819 
5947.49619792 0.143594798599 
5950.49619792 0.147099281562 
5953.49619792 0.118340936759 
5956.49619792 0.0761961007452 
5959.49619792 -0.0561447868838 
5962.49619792 -0.10450105647 
5965.49619792 -0.0889192415973 
5968.49619792 -0.072735395774 
5971.49619792 -0.0443408052867 
5974.49619792 0.0658404147165 
5977.49619792 0.152261806171 
5980.49619792 0.236774695133 
5983.49619792 0.312289345487 
5986.49619792 0.177737364779 
5989.49619792 -0.0350995006089 
5992.49619792 -0.279653518791 
5995.49619792 -0.617566886185 
5998.49619792 -0.911107218057 
