1.49619792281 nan 
4.49619792281 nan 
7.49619792281 nan 
10.4961979228 nan 
13.4961979228 nan 
16.4961979228 nan 
19.4961979228 nan 
22.4961979228 nan 
25.4961979228 nan 
28.4961979228 nan 
31.4961979228 nan 
34.4961979228 nan 
37.4961979228 nan 
40.4961979228 nan 
43.4961979228 nan 
46.4961979228 nan 
49.4961979228 nan 
52.4961979228 nan 
55.4961979228 nan 
58.4961979228 nan 
61.4961979228 nan 
64.4961979228 nan 
67.4961979228 nan 
70.4961979228 nan 
73.4961979228 nan 
76.4961979228 nan 
79.4961979228 nan 
82.4961979228 nan 
85.4961979228 nan 
88.4961979228 nan 
91.4961979228 nan 
94.4961979228 nan 
97.4961979228 nan 
100.496197923 nan 
103.496197923 nan 
106.496197923 nan 
109.496197923 nan 
112.496197923 nan 
115.496197923 nan 
118.496197923 nan 
121.496197923 nan 
124.496197923 nan 
127.496197923 nan 
130.496197923 nan 
133.496197923 nan 
136.496197923 nan 
139.496197923 nan 
142.496197923 nan 
145.496197923 nan 
148.496197923 nan 
151.496197923 nan 
154.496197923 nan 
157.496197923 nan 
160.496197923 nan 
163.496197923 nan 
166.496197923 nan 
169.496197923 nan 
172.496197923 nan 
175.496197923 nan 
178.496197923 nan 
181.496197923 nan 
184.496197923 nan 
187.496197923 nan 
190.496197923 nan 
193.496197923 nan 
196.496197923 nan 
199.496197923 nan 
202.496197923 nan 
205.496197923 nan 
208.496197923 nan 
211.496197923 nan 
214.496197923 nan 
217.496197923 nan 
220.496197923 nan 
223.496197923 nan 
226.496197923 nan 
229.496197923 nan 
232.496197923 nan 
235.496197923 nan 
238.496197923 nan 
241.496197923 nan 
244.496197923 nan 
247.496197923 nan 
250.496197923 nan 
253.496197923 nan 
256.496197923 nan 
259.496197923 nan 
262.496197923 nan 
265.496197923 nan 
268.496197923 nan 
271.496197923 nan 
274.496197923 nan 
277.496197923 nan 
280.496197923 nan 
283.496197923 nan 
286.496197923 nan 
289.496197923 nan 
292.496197923 nan 
295.496197923 nan 
298.496197923 nan 
301.496197923 nan 
304.496197923 nan 
307.496197923 nan 
310.496197923 nan 
313.496197923 nan 
316.496197923 nan 
319.496197923 -1.01479999461 
322.496197923 -1.14403986472 
325.496197923 -1.15128855604 
328.496197923 -0.996535584728 
331.496197923 -0.774210239184 
334.496197923 -0.590702677763 
337.496197923 -0.476739518597 
340.496197923 -0.396008428096 
343.496197923 -0.353971311047 
346.496197923 -0.312040301786 
349.496197923 -0.241925592982 
352.496197923 -0.168248754108 
355.496197923 -0.117199756964 
358.496197923 -0.0822638863069 
361.496197923 -0.0560002650454 
364.496197923 -0.0579156392887 
367.496197923 -0.108514175656 
370.496197923 -0.121780030865 
373.496197923 -0.134725381787 
376.496197923 -0.13904146299 
379.496197923 -0.120007525265 
382.496197923 -0.0981538287305 
385.496197923 -0.104242616288 
388.496197923 -0.0989248713584 
391.496197923 -0.0819664870184 
394.496197923 -0.0774205056073 
397.496197923 -0.0870871094468 
400.496197923 -0.109908031215 
403.496197923 -0.112517262609 
406.496197923 -0.101438561942 
409.496197923 -0.0911271625724 
412.496197923 -0.0814862187862 
415.496197923 -0.0577972717986 
418.496197923 -0.0493099445156 
421.496197923 -0.0404783144327 
424.496197923 -0.0369044425168 
427.496197923 -0.0339301256868 
430.496197923 -0.0269704635674 
433.496197923 -0.0287998351124 
436.496197923 -0.0455412154288 
439.496197923 -0.0477131308922 
442.496197923 -0.0399679969274 
445.496197923 -0.0335895094663 
448.496197923 -0.0265848213446 
451.496197923 -0.0268544458154 
454.496197923 -0.0319405430619 
457.496197923 -0.033083918813 
460.496197923 -0.0211793969618 
463.496197923 -0.015105802857 
466.496197923 -0.0024500873919 
469.496197923 -0.0130328193554 
472.496197923 -0.0217042874063 
475.496197923 -0.0221566850062 
478.496197923 -0.0188838613169 
481.496197923 -0.0185802386441 
484.496197923 -0.015907558616 
487.496197923 -0.0151020364321 
490.496197923 -0.0149805937506 
493.496197923 -0.0167805262701 
496.496197923 -0.0154245265898 
499.496197923 -0.013349749987 
502.496197923 -0.0173311201126 
505.496197923 -0.0202345672423 
508.496197923 -0.0232464000376 
511.496197923 -0.0171138605836 
514.496197923 -0.0122186898295 
517.496197923 -0.00431507629089 
520.496197923 -0.00674201591016 
523.496197923 -0.0103668429249 
526.496197923 -0.0159699407425 
529.496197923 -0.0111726548338 
532.496197923 -0.00196736376886 
535.496197923 0.0034556638315 
538.496197923 0.00713673257084 
541.496197923 0.00757920480826 
544.496197923 0.00675669207823 
547.496197923 -0.00549328291819 
550.496197923 -0.0164045613185 
553.496197923 -0.0262363300793 
556.496197923 -0.0366690398152 
559.496197923 -0.0325346230297 
562.496197923 -0.0134426524748 
565.496197923 0.00746677668057 
568.496197923 0.0142170269402 
571.496197923 0.00252167826782 
574.496197923 -0.0115860798589 
577.496197923 -0.0234464403203 
580.496197923 -0.0204934536378 
583.496197923 -0.0151969384787 
586.496197923 -0.022946728575 
589.496197923 -0.0225192450437 
592.496197923 -0.0219271589313 
595.496197923 -0.0221352818571 
598.496197923 -0.0216755042543 
601.496197923 -0.0204409244425 
604.496197923 -0.0284440208766 
607.496197923 -0.0253149315839 
610.496197923 -0.0227662778085 
613.496197923 -0.0234522667585 
616.496197923 -0.0212908429901 
619.496197923 -0.0181015365238 
622.496197923 -0.0193710453076 
625.496197923 -0.0160884337042 
628.496197923 -0.0256528353397 
631.496197923 -0.0319610656294 
634.496197923 -0.0332724659104 
637.496197923 -0.0234247018203 
640.496197923 -0.0191231228361 
643.496197923 -0.00892979952037 
646.496197923 -0.00884005834287 
649.496197923 -0.013986831304 
652.496197923 -0.00880558506038 
655.496197923 0.00242468626599 
658.496197923 0.011519558315 
661.496197923 0.00412993032548 
664.496197923 -0.0107621293401 
667.496197923 -0.0196446438016 
670.496197923 -0.0182398243186 
673.496197923 -0.0136523061524 
676.496197923 -0.00650202038299 
679.496197923 -0.00273735486039 
682.496197923 -0.00685161294555 
685.496197923 -0.0070544483901 
688.496197923 -0.00788528158863 
691.496197923 -0.00683490471023 
694.496197923 -0.00651440441569 
697.496197923 -0.00817218404924 
700.496197923 -0.0114862695971 
703.496197923 -0.0155889033222 
706.496197923 -0.0247793441275 
709.496197923 -0.0247746811519 
712.496197923 -0.0180964184291 
715.496197923 -0.0115941191573 
718.496197923 -0.00969277034136 
721.496197923 -0.0174029319894 
724.496197923 -0.0213411935447 
727.496197923 -0.022468946959 
730.496197923 -0.0183965872149 
733.496197923 -0.00701968196066 
736.496197923 -0.00378257400647 
739.496197923 -0.00792012273062 
742.496197923 -0.0123343003696 
745.496197923 -0.0181674044756 
748.496197923 -0.0155462555743 
751.496197923 -0.00844930772085 
754.496197923 -0.00231263612106 
757.496197923 -0.000184885326977 
760.496197923 -0.00502952615926 
763.496197923 -0.0118244619372 
766.496197923 -0.0140522270268 
769.496197923 -0.00524505418221 
772.496197923 -8.18078526012e-05 
775.496197923 0.00849264727268 
778.496197923 0.0166137199541 
781.496197923 0.0203782731227 
784.496197923 0.0120471076137 
787.496197923 0.00170123652971 
790.496197923 -0.0129752884116 
793.496197923 -0.0216835275836 
796.496197923 -0.023152389979 
799.496197923 -0.0265916629609 
802.496197923 -0.0236907127131 
805.496197923 -0.0182947796756 
808.496197923 -0.0116773033106 
811.496197923 -0.012106518348 
814.496197923 -0.00872822962655 
817.496197923 -0.0114670405261 
820.496197923 -0.0212426847641 
823.496197923 -0.0313235474436 
826.496197923 -0.0333840305663 
829.496197923 -0.0397966120439 
832.496197923 -0.0357732557473 
835.496197923 -0.0298960769408 
838.496197923 -0.0239367964575 
841.496197923 -0.0233550834127 
844.496197923 -0.0283725386475 
847.496197923 -0.033061067039 
850.496197923 -0.0378310149987 
853.496197923 -0.0387369850676 
856.496197923 -0.0381647576648 
859.496197923 -0.0332383080175 
862.496197923 -0.0331723716268 
865.496197923 -0.0339093909584 
868.496197923 -0.0335130334733 
871.496197923 -0.0283625374318 
874.496197923 -0.0169882203116 
877.496197923 -0.016144538836 
880.496197923 -0.0144424455358 
883.496197923 -0.0166777959453 
886.496197923 -0.0150815343962 
889.496197923 -0.0155423728031 
892.496197923 -0.0156585034794 
895.496197923 -0.0136868301938 
898.496197923 -0.00525508904706 
901.496197923 0.00111484974437 
904.496197923 0.00151705655193 
907.496197923 -0.00474190879651 
910.496197923 -0.00788463141836 
913.496197923 -0.00498673183794 
916.496197923 -0.00268324329892 
919.496197923 -0.000880365051866 
922.496197923 -0.00157977117784 
925.496197923 -0.00144421281501 
928.496197923 -0.00467627610376 
931.496197923 -0.00715349327604 
934.496197923 -0.00998959816445 
937.496197923 -0.00721351482825 
940.496197923 -0.0042085515952 
943.496197923 -0.00711691777634 
946.496197923 -0.012625537869 
949.496197923 -0.0195110030134 
952.496197923 -0.0170977500486 
955.496197923 -0.0122997044673 
958.496197923 -0.00262546797093 
961.496197923 -0.00748570633099 
964.496197923 -0.0125673042851 
967.496197923 -0.0122974414185 
970.496197923 -0.00937900501237 
973.496197923 -0.0103986442357 
976.496197923 -0.0138320611226 
979.496197923 -0.0181766437373 
982.496197923 -0.0211281133558 
985.496197923 -0.0208512343535 
988.496197923 -0.0163964878006 
991.496197923 -0.010671581153 
994.496197923 -0.00183269439981 
997.496197923 0.0030171981258 
1000.49619792 0.00580915844893 
1003.49619792 0.00803099444193 
1006.49619792 0.00964778426184 
1009.49619792 0.00569480832667 
1012.49619792 0.00383325962687 
1015.49619792 0.00194616251477 
1018.49619792 -0.000557937309019 
1021.49619792 -0.00254573314204 
1024.49619792 -0.00494556579393 
1027.49619792 -0.00595770296486 
1030.49619792 -0.00349927257663 
1033.49619792 -0.00486916964641 
1036.49619792 -0.00527326815004 
1039.49619792 -0.00288110237443 
1042.49619792 -0.0015654111123 
1045.49619792 -0.000801790548778 
1048.49619792 -0.00353966126795 
1051.49619792 -0.00933890547573 
1054.49619792 -0.00822456667109 
1057.49619792 -0.0079920612195 
1060.49619792 -0.00754892569434 
1063.49619792 -0.0111179812173 
1066.49619792 -0.0126632089627 
1069.49619792 -0.0162672248255 
1072.49619792 -0.0187962902253 
1075.49619792 -0.0174367054834 
1078.49619792 -0.0138152114467 
1081.49619792 -0.0084683645537 
1084.49619792 -0.00597442716928 
1087.49619792 0.00348730516621 
1090.49619792 0.00683711300785 
1093.49619792 0.00898710746718 
1096.49619792 0.00381075004769 
1099.49619792 -0.000622833890671 
1102.49619792 -0.00438406534508 
1105.49619792 -0.00582349983634 
1108.49619792 -0.00442317194624 
1111.49619792 -0.00399594848298 
1114.49619792 -0.00471658409412 
1117.49619792 -0.0117937921508 
1120.49619792 -0.0134746431335 
1123.49619792 -0.0105594438909 
1126.49619792 -0.00405506949233 
1129.49619792 0.00244609911058 
1132.49619792 0.00162495373425 
1135.49619792 -0.00195436934605 
1138.49619792 -0.00172833836417 
1141.49619792 -0.0019106773335 
1144.49619792 -0.00443667609684 
1147.49619792 -0.00637461894802 
1150.49619792 -0.0122108182067 
1153.49619792 -0.0196961783505 
1156.49619792 -0.0212322774772 
1159.49619792 -0.0186780904106 
1162.49619792 -0.0156921526426 
1165.49619792 -0.0139556482253 
1168.49619792 -0.0139322637679 
1171.49619792 -0.017140962418 
1174.49619792 -0.0192433404599 
1177.49619792 -0.0200485272928 
1180.49619792 -0.0174515978045 
1183.49619792 -0.0162884739869 
1186.49619792 -0.0182977522085 
1189.49619792 -0.0197251006617 
1192.49619792 -0.0206826029982 
1195.49619792 -0.0202726558137 
1198.49619792 -0.0213801398846 
1201.49619792 -0.0249965078419 
1204.49619792 -0.0239974128585 
1207.49619792 -0.0149712746434 
1210.49619792 -0.00739147042375 
1213.49619792 -0.00311169096436 
1216.49619792 -0.00209196875876 
1219.49619792 0.00202903783717 
1222.49619792 0.00764372280118 
1225.49619792 0.0111677431967 
1228.49619792 0.0124668130554 
1231.49619792 0.0105077542137 
1234.49619792 0.00277044282394 
1237.49619792 -0.00236125745085 
1240.49619792 -0.00350260013668 
1243.49619792 0.00494168245237 
1246.49619792 0.0137153407305 
1249.49619792 0.0176306889167 
1252.49619792 0.018770844614 
1255.49619792 0.0171443068026 
1258.49619792 0.0199659898879 
1261.49619792 0.020987690265 
1264.49619792 0.0213636620605 
1267.49619792 0.0190067742957 
1270.49619792 0.0156163781491 
1273.49619792 0.0147389243201 
1276.49619792 0.0152884459521 
1279.49619792 0.0157208947311 
1282.49619792 0.0184952305922 
1285.49619792 0.0181453260619 
1288.49619792 0.0107493107199 
1291.49619792 0.00520602115295 
1294.49619792 -0.0051511798609 
1297.49619792 -0.012530907297 
1300.49619792 -0.0118667492398 
1303.49619792 -0.0111565442989 
1306.49619792 -0.0136455466628 
1309.49619792 -0.0161713840243 
1312.49619792 -0.0184754597127 
1315.49619792 -0.0252113012866 
1318.49619792 -0.0261618593483 
1321.49619792 -0.029818809337 
1324.49619792 -0.032781224629 
1327.49619792 -0.0330933474226 
1330.49619792 -0.0247134579253 
1333.49619792 -0.0181350898724 
1336.49619792 -0.0152414899707 
1339.49619792 -0.0177734138384 
1342.49619792 -0.0193608410563 
1345.49619792 -0.0155180427472 
1348.49619792 -0.0138960914878 
1351.49619792 -0.00956090497419 
1354.49619792 -0.00519336963793 
1357.49619792 -0.00400557670624 
1360.49619792 -0.001023513511 
1363.49619792 0.0041590756337 
1366.49619792 0.00551974313725 
1369.49619792 0.00583835736768 
1372.49619792 0.00208473376094 
1375.49619792 0.00340419458483 
1378.49619792 0.00559377072588 
1381.49619792 0.00812987222271 
1384.49619792 0.00937505893508 
1387.49619792 0.0129282936481 
1390.49619792 0.0151552773927 
1393.49619792 0.0106552732857 
1396.49619792 -0.00208258149772 
1399.49619792 -0.0162005184963 
1402.49619792 -0.0268164599025 
1405.49619792 -0.0299613700051 
1408.49619792 -0.0348023576219 
1411.49619792 -0.0405731206647 
1414.49619792 -0.0433125731797 
1417.49619792 -0.0429220786335 
1420.49619792 -0.0440215279686 
1423.49619792 -0.0491836563547 
1426.49619792 -0.0489733251313 
1429.49619792 -0.0510616446668 
1432.49619792 -0.0448649972834 
1435.49619792 -0.0367184801314 
1438.49619792 -0.0269993607843 
1441.49619792 -0.0189638105879 
1444.49619792 -0.0121630569267 
1447.49619792 0.000616451956167 
1450.49619792 0.00901924926189 
1453.49619792 0.014108819216 
1456.49619792 0.0124365481996 
1459.49619792 0.0102479359075 
1462.49619792 0.0100834850329 
1465.49619792 0.00978555648296 
1468.49619792 0.00633258601032 
1471.49619792 -0.00230790242523 
1474.49619792 -0.0063545138582 
1477.49619792 -0.00234554229359 
1480.49619792 0.00279176470173 
1483.49619792 0.00941905207913 
1486.49619792 0.0137600074281 
1489.49619792 0.0128709874123 
1492.49619792 0.0129232656647 
1495.49619792 0.0147573093104 
1498.49619792 0.0177876297543 
1501.49619792 0.0214127556192 
1504.49619792 0.0194183526091 
1507.49619792 0.0179758574698 
1510.49619792 0.0157588270335 
1513.49619792 0.0152989650227 
1516.49619792 0.0160614037306 
1519.49619792 0.0180362252091 
1522.49619792 0.0180621943785 
1525.49619792 0.0170339523759 
1528.49619792 0.0150269417657 
1531.49619792 0.00947858258168 
1534.49619792 0.00737375214321 
1537.49619792 0.00850943307217 
1540.49619792 0.00998499108073 
1543.49619792 0.0120381078883 
1546.49619792 0.0142604902525 
1549.49619792 0.0148708381649 
1552.49619792 0.0140401350004 
1555.49619792 0.0114330913721 
1558.49619792 0.00865309389684 
1561.49619792 0.00494654618226 
1564.49619792 0.000199131434494 
1567.49619792 -0.00318549156371 
1570.49619792 -0.00472376762013 
1573.49619792 -0.00623836778315 
1576.49619792 -0.00830474521267 
1579.49619792 -0.0121088156163 
1582.49619792 -0.018742842807 
1585.49619792 -0.0223179660155 
1588.49619792 -0.0209015826268 
1591.49619792 -0.0188907086364 
1594.49619792 -0.0174502700884 
1597.49619792 -0.0169184068529 
1600.49619792 -0.0186307158108 
1603.49619792 -0.0218054607444 
1606.49619792 -0.025189772666 
1609.49619792 -0.0258547668194 
1612.49619792 -0.0237666069748 
1615.49619792 -0.0227121266095 
1618.49619792 -0.0252108062446 
1621.49619792 -0.0229525025433 
1624.49619792 -0.015575996872 
1627.49619792 -0.00784854183538 
1630.49619792 0.0013845954805 
1633.49619792 0.00895633901458 
1636.49619792 0.0104815512111 
1639.49619792 0.00645135786075 
1642.49619792 0.00174075661635 
1645.49619792 0.0020955079093 
1648.49619792 0.00432383990176 
1651.49619792 0.00576920263414 
1654.49619792 0.00444648112079 
1657.49619792 -0.000294608618013 
1660.49619792 -0.0051031493876 
1663.49619792 -0.00448003304357 
1666.49619792 -0.00338555152263 
1669.49619792 -0.0026274817878 
1672.49619792 -0.00332028754487 
1675.49619792 -0.00424096686066 
1678.49619792 -0.00515383073056 
1681.49619792 -0.00216336044874 
1684.49619792 -0.00170137982382 
1687.49619792 -0.00308087831159 
1690.49619792 -0.00399787190337 
1693.49619792 -0.0014970462786 
1696.49619792 0.000916481297526 
1699.49619792 0.00354613702088 
1702.49619792 0.00515953112693 
1705.49619792 0.00755903926401 
1708.49619792 0.00862220510571 
1711.49619792 0.0133796407097 
1714.49619792 0.0155144964676 
1717.49619792 0.0144406592785 
1720.49619792 0.0123553156978 
1723.49619792 0.0126707064525 
1726.49619792 0.0122053408073 
1729.49619792 0.0118717361598 
1732.49619792 0.0131093523808 
1735.49619792 0.0105980126758 
1738.49619792 0.00528194221991 
1741.49619792 0.000834582656345 
1744.49619792 -0.00236758762838 
1747.49619792 -0.00455326559943 
1750.49619792 -0.0050048966828 
1753.49619792 -0.00571835133439 
1756.49619792 -0.00780287935065 
1759.49619792 -0.0111097765247 
1762.49619792 -0.0149326704984 
1765.49619792 -0.0157929427224 
1768.49619792 -0.0157065750161 
1771.49619792 -0.0150489631469 
1774.49619792 -0.0116773272642 
1777.49619792 -0.00922415441514 
1780.49619792 -0.00718693712227 
1783.49619792 -0.00494135508593 
1786.49619792 0.00141976028182 
1789.49619792 0.00189624155735 
1792.49619792 0.00752689461767 
1795.49619792 0.00655014495988 
1798.49619792 0.00450838816678 
1801.49619792 0.00148562523933 
1804.49619792 0.00388031712606 
1807.49619792 0.0103757764926 
1810.49619792 0.018046281176 
1813.49619792 0.0190154808741 
1816.49619792 0.0173642479989 
1819.49619792 0.0135947261606 
1822.49619792 0.00636363905499 
1825.49619792 0.00250071027657 
1828.49619792 0.000134855722676 
1831.49619792 -0.00374583026095 
1834.49619792 -0.00472772738521 
1837.49619792 -0.00729392549203 
1840.49619792 -0.010475259388 
1843.49619792 -0.0178674398661 
1846.49619792 -0.0219206001961 
1849.49619792 -0.0253079257141 
1852.49619792 -0.0263610258934 
1855.49619792 -0.021689805719 
1858.49619792 -0.0208323748531 
1861.49619792 -0.019018023382 
1864.49619792 -0.0166264838231 
1867.49619792 -0.0172533871238 
1870.49619792 -0.021676393961 
1873.49619792 -0.0222913569417 
1876.49619792 -0.0183431306714 
1879.49619792 -0.0172593276269 
1882.49619792 -0.0201644674806 
1885.49619792 -0.0239867500661 
1888.49619792 -0.0268792366938 
1891.49619792 -0.0277900704926 
1894.49619792 -0.022898837261 
1897.49619792 -0.0206181289203 
1900.49619792 -0.0165569943089 
1903.49619792 -0.0107489673843 
1906.49619792 -0.000284792704424 
1909.49619792 0.00377583419315 
1912.49619792 0.00534411674823 
1915.49619792 0.00333079891608 
1918.49619792 0.00105511442393 
1921.49619792 -0.00037890732853 
1924.49619792 0.00460901570405 
1927.49619792 0.00780220237511 
1930.49619792 0.0104195089982 
1933.49619792 0.00877146709023 
1936.49619792 0.00510082132177 
1939.49619792 0.000484978402132 
1942.49619792 -0.00598037622726 
1945.49619792 -0.0114555119807 
1948.49619792 -0.0148279394742 
1951.49619792 -0.0154820803466 
1954.49619792 -0.0159555012593 
1957.49619792 -0.0132902753763 
1960.49619792 -0.0106203762518 
1963.49619792 -0.00793485307954 
1966.49619792 -0.00488171850297 
1969.49619792 -0.00117604488243 
1972.49619792 0.00147173198464 
1975.49619792 0.00143940483437 
1978.49619792 0.00244801169479 
1981.49619792 0.00346755938101 
1984.49619792 0.00664974306088 
1987.49619792 0.00900247372824 
1990.49619792 0.00710757870775 
1993.49619792 0.00727433540549 
1996.49619792 0.0075915369414 
1999.49619792 0.00263956839611 
2002.49619792 -0.00250015734668 
2005.49619792 -0.00741264259127 
2008.49619792 -0.00783602206539 
2011.49619792 -0.00566635824438 
2014.49619792 -0.00463953606536 
2017.49619792 -0.00168843059925 
2020.49619792 -0.00183984071213 
2023.49619792 -0.00213183603062 
2026.49619792 -0.00524787272737 
2029.49619792 -0.00647517405404 
2032.49619792 -0.00839477326354 
2035.49619792 -0.00843078071975 
2038.49619792 -0.0140936246227 
2041.49619792 -0.0203823612108 
2044.49619792 -0.0212030768474 
2047.49619792 -0.0207574889256 
2050.49619792 -0.0178863552584 
2053.49619792 -0.0151149736798 
2056.49619792 -0.0155140664427 
2059.49619792 -0.0168925859679 
2062.49619792 -0.0215760418906 
2065.49619792 -0.024507778271 
2068.49619792 -0.0254373506614 
2071.49619792 -0.0236907902773 
2074.49619792 -0.024908221563 
2077.49619792 -0.0258131376717 
2080.49619792 -0.0247669270159 
2083.49619792 -0.0218427075163 
2086.49619792 -0.0173595257096 
2089.49619792 -0.0134359443146 
2092.49619792 -0.0102963234041 
2095.49619792 -0.00952344946332 
2098.49619792 -0.0108846476541 
2101.49619792 -0.0121620599989 
2104.49619792 -0.00998983313827 
2107.49619792 -0.00614733196836 
2110.49619792 0.000364871243121 
2113.49619792 0.00683899907196 
2116.49619792 0.00825000771973 
2119.49619792 0.0108600506861 
2122.49619792 0.00852806672401 
2125.49619792 0.00958069125245 
2128.49619792 0.00778743267379 
2131.49619792 0.00587194664674 
2134.49619792 0.00743516300662 
2137.49619792 0.00977061283256 
2140.49619792 0.00893876616686 
2143.49619792 0.00656619047779 
2146.49619792 0.00911190251781 
2149.49619792 0.00998002697367 
2152.49619792 0.00842782814826 
2155.49619792 0.00384333412929 
2158.49619792 -0.00141067714648 
2161.49619792 -0.0062626613383 
2164.49619792 -0.00797170461644 
2167.49619792 -0.00903638866276 
2170.49619792 -0.0100619860693 
2173.49619792 -0.00730659525744 
2176.49619792 -0.00148850766087 
2179.49619792 0.00289477077857 
2182.49619792 0.00246925287162 
2185.49619792 -0.00200287276119 
2188.49619792 -0.000515690855963 
2191.49619792 0.00204630399273 
2194.49619792 0.00310552261649 
2197.49619792 0.00228340027378 
2200.49619792 -0.00398901618505 
2203.49619792 -0.0104670775084 
2206.49619792 -0.0122464783351 
2209.49619792 -0.0128168248067 
2212.49619792 -0.0119702780193 
2215.49619792 -0.00927250255935 
2218.49619792 -0.00687871877228 
2221.49619792 -0.00645584460594 
2224.49619792 -0.00724732083073 
2227.49619792 -0.00584878575664 
2230.49619792 -0.00227007206838 
2233.49619792 -0.000755058776339 
2236.49619792 0.000388891113659 
2239.49619792 0.00366055928923 
2242.49619792 0.0122811689113 
2245.49619792 0.0230660656174 
2248.49619792 0.0297731879156 
2251.49619792 0.0338705951843 
2254.49619792 0.0385129341109 
2257.49619792 0.0413154919243 
2260.49619792 0.0441446131855 
2263.49619792 0.0472509305496 
2266.49619792 0.0518980237037 
2269.49619792 0.0536628139497 
2272.49619792 0.0515389654605 
2275.49619792 0.0485254194095 
2278.49619792 0.0472625606129 
2281.49619792 0.0449929188546 
2284.49619792 0.0396182053215 
2287.49619792 0.0336613338902 
2290.49619792 0.0256497669923 
2293.49619792 0.01851707061 
2296.49619792 0.0101304489988 
2299.49619792 0.00347684597971 
2302.49619792 -0.0027811988645 
2305.49619792 -0.00743903209006 
2308.49619792 -0.0120529306299 
2311.49619792 -0.0155060408321 
2314.49619792 -0.0177425398757 
2317.49619792 -0.0197523827188 
2320.49619792 -0.0201248413136 
2323.49619792 -0.0211562303684 
2326.49619792 -0.0209009370192 
2329.49619792 -0.0200730968852 
2332.49619792 -0.0141442055885 
2335.49619792 -0.00934023148089 
2338.49619792 -0.00535621618885 
2341.49619792 -0.00532891302973 
2344.49619792 -0.00638174230477 
2347.49619792 -0.0085411083412 
2350.49619792 -0.00661586291618 
2353.49619792 -0.0042425304061 
2356.49619792 0.000142104426117 
2359.49619792 0.00265334801359 
2362.49619792 0.00261145623127 
2365.49619792 0.00352482597927 
2368.49619792 0.00505435239777 
2371.49619792 0.007520968943 
2374.49619792 0.00800003835247 
2377.49619792 0.0079959776399 
2380.49619792 0.00557976354881 
2383.49619792 0.00375208872013 
2386.49619792 0.000429614264821 
2389.49619792 4.29356950312e-05 
2392.49619792 0.00201605154149 
2395.49619792 0.00487528181729 
2398.49619792 0.00639075172562 
2401.49619792 0.00680563621185 
2404.49619792 0.00896697386111 
2407.49619792 0.0142581690306 
2410.49619792 0.015791518051 
2413.49619792 0.0140471442922 
2416.49619792 0.0107848624866 
2419.49619792 0.0124478007079 
2422.49619792 0.0117377508954 
2425.49619792 0.0131274465054 
2428.49619792 0.0123224159414 
2431.49619792 0.0157853482774 
2434.49619792 0.0184981768901 
2437.49619792 0.0187844411572 
2440.49619792 0.0165348634254 
2443.49619792 0.0123700015614 
2446.49619792 0.00851975937298 
2449.49619792 0.00824709621163 
2452.49619792 0.0095338624535 
2455.49619792 0.0112599989362 
2458.49619792 0.0098774951219 
2461.49619792 0.00863288614855 
2464.49619792 0.00981644983668 
2467.49619792 0.0109478886898 
2470.49619792 0.0116953324181 
2473.49619792 0.0110505528569 
2476.49619792 0.0114323636377 
2479.49619792 0.00984661887792 
2482.49619792 0.00788204670637 
2485.49619792 0.00506611078416 
2488.49619792 0.00461159784957 
2491.49619792 0.00170380299131 
2494.49619792 0.00147066989728 
2497.49619792 0.00127787430792 
2500.49619792 0.00580353276511 
2503.49619792 0.00488421652559 
2506.49619792 0.00134775335396 
2509.49619792 -0.000470592529394 
2512.49619792 -0.00232675394114 
2515.49619792 -0.00195927841676 
2518.49619792 -0.00156951360116 
2521.49619792 -0.00457192234942 
2524.49619792 -0.00458242088833 
2527.49619792 -0.00741345416346 
2530.49619792 -0.0101442177801 
2533.49619792 -0.010535868945 
2536.49619792 -0.0069433240249 
2539.49619792 -0.00163029282986 
2542.49619792 0.00103060100857 
2545.49619792 0.000503736206555 
2548.49619792 0.00343355005774 
2551.49619792 0.00728878857656 
2554.49619792 0.00875610710274 
2557.49619792 0.0130667285866 
2560.49619792 0.0186589149502 
2563.49619792 0.0217895121817 
2566.49619792 0.0210518540862 
2569.49619792 0.0180977963338 
2572.49619792 0.0109306511931 
2575.49619792 0.00401497708475 
2578.49619792 0.00134330325213 
2581.49619792 -0.0027659928647 
2584.49619792 -0.00948017892079 
2587.49619792 -0.0144143045696 
2590.49619792 -0.0167093235002 
2593.49619792 -0.0195398819799 
2596.49619792 -0.0193383223519 
2599.49619792 -0.0210105534456 
2602.49619792 -0.0223123585821 
2605.49619792 -0.0243035654921 
2608.49619792 -0.0231499672392 
2611.49619792 -0.0177171410311 
2614.49619792 -0.00785348997334 
2617.49619792 0.00286722494625 
2620.49619792 0.0110365023352 
2623.49619792 0.0133060060749 
2626.49619792 0.0135821436549 
2629.49619792 0.0151934823104 
2632.49619792 0.018349997382 
2635.49619792 0.020947012419 
2638.49619792 0.0219683135688 
2641.49619792 0.0219909874016 
2644.49619792 0.022410472698 
2647.49619792 0.0185929238083 
2650.49619792 0.0109359027438 
2653.49619792 0.00384347015175 
2656.49619792 -0.00188727091858 
2659.49619792 -0.00668122384916 
2662.49619792 -0.005399556311 
2665.49619792 -0.00101820378711 
2668.49619792 0.0024388266139 
2671.49619792 0.0021425334703 
2674.49619792 0.000503403849778 
2677.49619792 -0.00224897746503 
2680.49619792 -0.00747754327214 
2683.49619792 -0.014779299894 
2686.49619792 -0.0197360828361 
2689.49619792 -0.0226107023285 
2692.49619792 -0.0223731209862 
2695.49619792 -0.0208127579613 
2698.49619792 -0.0189378311527 
2701.49619792 -0.0172669711198 
2704.49619792 -0.0135273673799 
2707.49619792 -0.0105696447203 
2710.49619792 -0.00966426778919 
2713.49619792 -0.00798215410742 
2716.49619792 -0.00555753913203 
2719.49619792 -0.00427819623775 
2722.49619792 0.000431416562477 
2725.49619792 0.00560711575586 
2728.49619792 0.00865276367878 
2731.49619792 0.00955812235949 
2734.49619792 0.00927258069385 
2737.49619792 0.0124042415811 
2740.49619792 0.0150320963613 
2743.49619792 0.0144942857788 
2746.49619792 0.0144386677043 
2749.49619792 0.0137780821617 
2752.49619792 0.0155257067718 
2755.49619792 0.0146404782752 
2758.49619792 0.0156956316238 
2761.49619792 0.0152397231045 
2764.49619792 0.00975066401173 
2767.49619792 0.00777136662419 
2770.49619792 0.00561426249592 
2773.49619792 0.00182147611101 
2776.49619792 -0.00162944418656 
2779.49619792 -0.00108694475001 
2782.49619792 0.00105553731977 
2785.49619792 0.00384950989137 
2788.49619792 0.00819473697311 
2791.49619792 0.00872179750346 
2794.49619792 0.00693506001856 
2797.49619792 0.00595572507846 
2800.49619792 0.00490077134354 
2803.49619792 0.000152249702277 
2806.49619792 -0.00704326888338 
2809.49619792 -0.0120075042596 
2812.49619792 -0.0189822640171 
2815.49619792 -0.0218833899249 
2818.49619792 -0.020358695013 
2821.49619792 -0.0178414627121 
2824.49619792 -0.0122440362043 
2827.49619792 -0.0104051379539 
2830.49619792 -0.0111710738935 
2833.49619792 -0.0118857547434 
2836.49619792 -0.0125536107866 
2839.49619792 -0.0130406533368 
2842.49619792 -0.013618423156 
2845.49619792 -0.0159446559629 
2848.49619792 -0.0201650492119 
2851.49619792 -0.0251731899022 
2854.49619792 -0.0252202006347 
2857.49619792 -0.0188879037791 
2860.49619792 -0.0134220968284 
2863.49619792 -0.00716360342376 
2866.49619792 -0.00134566140259 
2869.49619792 0.00579433912935 
2872.49619792 0.0155496706792 
2875.49619792 0.0204754176864 
2878.49619792 0.020802638118 
2881.49619792 0.0201984086501 
2884.49619792 0.0240966379671 
2887.49619792 0.0259987898003 
2890.49619792 0.0262031896458 
2893.49619792 0.0251249381428 
2896.49619792 0.0219410543247 
2899.49619792 0.0142871803125 
2902.49619792 0.00769111108876 
2905.49619792 0.00476717817739 
2908.49619792 0.00112517718584 
2911.49619792 -0.00546132819001 
2914.49619792 -0.0109447496221 
2917.49619792 -0.0170827311154 
2920.49619792 -0.0216045284737 
2923.49619792 -0.0182056675664 
2926.49619792 -0.0118326905834 
2929.49619792 -0.0067481731367 
2932.49619792 -0.00587838846535 
2935.49619792 -0.0085172208573 
2938.49619792 -0.0125591589063 
2941.49619792 -0.0126193578295 
2944.49619792 -0.0102216678879 
2947.49619792 -0.00549063547047 
2950.49619792 -0.00232486830478 
2953.49619792 -0.000559088580917 
2956.49619792 0.00151294864498 
2959.49619792 0.00682683062204 
2962.49619792 0.0111424492918 
2965.49619792 0.0121964368965 
2968.49619792 0.0104199253353 
2971.49619792 0.0106168744576 
2974.49619792 0.0115491764224 
2977.49619792 0.0119452270728 
2980.49619792 0.0132764712348 
2983.49619792 0.0138348568548 
2986.49619792 0.0127071867079 
2989.49619792 0.0120727596825 
2992.49619792 0.00994823592871 
2995.49619792 0.00776713595483 
2998.49619792 0.00271342545762 
3001.49619792 7.42248987273e-05 
3004.49619792 0.00309515867424 
3007.49619792 0.00691976961069 
3010.49619792 0.0114745243282 
3013.49619792 0.0136856975287 
3016.49619792 0.0126009203694 
3019.49619792 0.0103452150679 
3022.49619792 0.0076842517924 
3025.49619792 0.00514685908022 
3028.49619792 0.00295320768332 
3031.49619792 6.54373297639e-06 
3034.49619792 -0.00637548013847 
3037.49619792 -0.0140788976957 
3040.49619792 -0.0205694414328 
3043.49619792 -0.0259437123938 
3046.49619792 -0.0287906323514 
3049.49619792 -0.028166986746 
3052.49619792 -0.0295466617493 
3055.49619792 -0.0283903464691 
3058.49619792 -0.022932630146 
3061.49619792 -0.0128211387435 
3064.49619792 -0.00200722148779 
3067.49619792 0.00773271571254 
3070.49619792 0.0140536437136 
3073.49619792 0.0193568031567 
3076.49619792 0.0198463038068 
3079.49619792 0.0173788677048 
3082.49619792 0.0142342655776 
3085.49619792 0.0118752778768 
3088.49619792 0.00846377058744 
3091.49619792 0.00581370678921 
3094.49619792 0.00431497363243 
3097.49619792 0.000939151209264 
3100.49619792 -0.00573510690667 
3103.49619792 -0.0143992799331 
3106.49619792 -0.0210769415335 
3109.49619792 -0.0237229497521 
3112.49619792 -0.0209622172782 
3115.49619792 -0.0152554595063 
3118.49619792 -0.00904074822553 
3121.49619792 -0.00590183851012 
3124.49619792 -0.000915067818801 
3127.49619792 0.00442742799506 
3130.49619792 0.0131094561799 
3133.49619792 0.0236794088756 
3136.49619792 0.0349020481155 
3139.49619792 0.0405047318774 
3142.49619792 0.0474540483049 
3145.49619792 0.0495450232727 
3148.49619792 0.0485035508754 
3151.49619792 0.0460392914826 
3154.49619792 0.0423832540135 
3157.49619792 0.0372524455841 
3160.49619792 0.0298373654247 
3163.49619792 0.0243201094739 
3166.49619792 0.0186871905131 
3169.49619792 0.00974230875342 
3172.49619792 -0.00189324649666 
3175.49619792 -0.0149323180376 
3178.49619792 -0.0266743167121 
3181.49619792 -0.0337369293017 
3184.49619792 -0.0365484777153 
3187.49619792 -0.0393603272603 
3190.49619792 -0.0409021250723 
3193.49619792 -0.0406963792603 
3196.49619792 -0.0359471911232 
3199.49619792 -0.0304876748551 
3202.49619792 -0.024985521105 
3205.49619792 -0.0215151654215 
3208.49619792 -0.0150129151976 
3211.49619792 -0.00800577410898 
3214.49619792 -0.00193334475007 
3217.49619792 0.000726587378161 
3220.49619792 0.000768271419674 
3223.49619792 0.00128844413743 
3226.49619792 0.00298359686992 
3229.49619792 0.00482959423826 
3232.49619792 0.00369336266071 
3235.49619792 0.00127932407356 
3238.49619792 0.00253763567054 
3241.49619792 0.00473839531058 
3244.49619792 0.00521016057034 
3247.49619792 0.00801908720077 
3250.49619792 0.0113106049963 
3253.49619792 0.0147355400128 
3256.49619792 0.0179620236714 
3259.49619792 0.0202327216713 
3262.49619792 0.0198829505971 
3265.49619792 0.0170057760495 
3268.49619792 0.0139575428443 
3271.49619792 0.011425751292 
3274.49619792 0.0107604548664 
3277.49619792 0.00817798824473 
3280.49619792 0.00542278050715 
3283.49619792 0.000734177331881 
3286.49619792 -0.00189486907072 
3289.49619792 -0.00449148031778 
3292.49619792 -0.00455906466199 
3295.49619792 -0.0033172559834 
3298.49619792 -0.000928284240538 
3301.49619792 0.00259851670222 
3304.49619792 0.00592955686569 
3307.49619792 0.00859219119282 
3310.49619792 0.00996977823703 
3313.49619792 0.0120584833121 
3316.49619792 0.0161566662225 
3319.49619792 0.0143701945089 
3322.49619792 0.0071493435928 
3325.49619792 0.00276699521053 
3328.49619792 -0.00181756197191 
3331.49619792 -0.00534514618449 
3334.49619792 -0.00610764762817 
3337.49619792 -0.00791833704367 
3340.49619792 -0.00982016835438 
3343.49619792 -0.00958802562937 
3346.49619792 -0.0113957111441 
3349.49619792 -0.00999755761735 
3352.49619792 -0.0096339755578 
3355.49619792 -0.00819063975975 
3358.49619792 -0.00585770677715 
3361.49619792 -0.00348366934561 
3364.49619792 0.000340702731682 
3367.49619792 0.0045718345194 
3370.49619792 0.00674914382951 
3373.49619792 0.00553092606592 
3376.49619792 0.00211711081463 
3379.49619792 -0.00377016544981 
3382.49619792 -0.00960466656636 
3385.49619792 -0.013999465139 
3388.49619792 -0.0188495152168 
3391.49619792 -0.0234629637704 
3394.49619792 -0.0221996760895 
3397.49619792 -0.0203565962177 
3400.49619792 -0.0226716723308 
3403.49619792 -0.0252933436496 
3406.49619792 -0.0241673856178 
3409.49619792 -0.0175640498858 
3412.49619792 -0.00398796963904 
3415.49619792 0.00959661472084 
3418.49619792 0.0180846811447 
3421.49619792 0.0225721917167 
3424.49619792 0.0253155178778 
3427.49619792 0.0233320422908 
3430.49619792 0.0211859077897 
3433.49619792 0.0170805593185 
3436.49619792 0.0161744900131 
3439.49619792 0.0210830576967 
3442.49619792 0.026561203054 
3445.49619792 0.029023808505 
3448.49619792 0.0241863249637 
3451.49619792 0.0171197292257 
3454.49619792 0.010148970867 
3457.49619792 0.00696350610857 
3460.49619792 0.00594382125925 
3463.49619792 0.00509351032817 
3466.49619792 0.0038543088894 
3469.49619792 0.00188176286425 
3472.49619792 0.000766928732515 
3475.49619792 -0.0013829907291 
3478.49619792 -0.00318984570839 
3481.49619792 -0.00445923472395 
3484.49619792 -0.00221252986066 
3487.49619792 -0.0015825115885 
3490.49619792 -0.00172051906859 
3493.49619792 -0.00187396481327 
3496.49619792 -0.00163057114836 
3499.49619792 -0.00330011230509 
3502.49619792 -0.00371188253276 
3505.49619792 -0.00395012944409 
3508.49619792 -0.00513029741837 
3511.49619792 -0.00417646341102 
3514.49619792 -0.00201333166252 
3517.49619792 -0.0021312514477 
3520.49619792 -0.00399855372666 
3523.49619792 -0.00697080398471 
3526.49619792 -0.0104909433199 
3529.49619792 -0.011263241803 
3532.49619792 -0.0106922497237 
3535.49619792 -0.00824942370714 
3538.49619792 -0.00523654607686 
3541.49619792 -0.00135858524771 
3544.49619792 0.000966054142953 
3547.49619792 0.00385665035786 
3550.49619792 0.0054086313192 
3553.49619792 0.00842186369151 
3556.49619792 0.00960571824529 
3559.49619792 0.00150341980082 
3562.49619792 -0.0112387121334 
3565.49619792 -0.0222594278781 
3568.49619792 -0.0258015600782 
3571.49619792 -0.0221010897447 
3574.49619792 -0.0141577382554 
3577.49619792 -0.00203648684938 
3580.49619792 0.0089490953193 
3583.49619792 0.0152176150339 
3586.49619792 0.0185064773972 
3589.49619792 0.0172169422284 
3592.49619792 0.0124462619716 
3595.49619792 0.00267515181583 
3598.49619792 -0.00577164191331 
3601.49619792 -0.0125732824296 
3604.49619792 -0.0163511857611 
3607.49619792 -0.0189601684938 
3610.49619792 -0.0186262570116 
3613.49619792 -0.0129889248775 
3616.49619792 -0.00666458918574 
3619.49619792 -0.0003355879163 
3622.49619792 0.00701341694273 
3625.49619792 0.0152469867611 
3628.49619792 0.0208774578878 
3631.49619792 0.0216048683872 
3634.49619792 0.0186182040254 
3637.49619792 0.0175827029287 
3640.49619792 0.0227329206517 
3643.49619792 0.0305480517197 
3646.49619792 0.0388818201911 
3649.49619792 0.0433841192851 
3652.49619792 0.0421736664937 
3655.49619792 0.0375724457038 
3658.49619792 0.0312224402632 
3661.49619792 0.0257249380821 
3664.49619792 0.0186174386495 
3667.49619792 0.0124817224863 
3670.49619792 0.00680161485169 
3673.49619792 -0.000130636878643 
3676.49619792 -0.00923858648418 
3679.49619792 -0.0165629599063 
3682.49619792 -0.0213532844305 
3685.49619792 -0.0222936177092 
3688.49619792 -0.023658489362 
3691.49619792 -0.0257693298832 
3694.49619792 -0.026120310046 
3697.49619792 -0.0278967782625 
3700.49619792 -0.0272402682609 
3703.49619792 -0.0240120702059 
3706.49619792 -0.0200313719228 
3709.49619792 -0.0164391321265 
3712.49619792 -0.0126004116397 
3715.49619792 -0.0096443497659 
3718.49619792 -0.00675353476014 
3721.49619792 -0.00477235501559 
3724.49619792 -0.00575967193642 
3727.49619792 -0.00738649890247 
3730.49619792 -0.0107200827146 
3733.49619792 -0.0142012951009 
3736.49619792 -0.0174186284685 
3739.49619792 -0.0176094158017 
3742.49619792 -0.0169077782799 
3745.49619792 -0.0153674268116 
3748.49619792 -0.0146566891873 
3751.49619792 -0.0136011845187 
3754.49619792 -0.0102004689151 
3757.49619792 -0.00579606208057 
3760.49619792 -0.00263800798746 
3763.49619792 0.000170019329872 
3766.49619792 0.00250857163361 
3769.49619792 0.00339948170585 
3772.49619792 0.00425159001553 
3775.49619792 0.0055208803649 
3778.49619792 0.00955061574448 
3781.49619792 0.0133006028177 
3784.49619792 0.0196344327064 
3787.49619792 0.026223915249 
3790.49619792 0.0324981062735 
3793.49619792 0.0366425721819 
3796.49619792 0.0382075297434 
3799.49619792 0.0383287420137 
3802.49619792 0.0346940164417 
3805.49619792 0.0277770648059 
3808.49619792 0.020928613741 
3811.49619792 0.0157151321694 
3814.49619792 0.011817841607 
3817.49619792 0.0075244644637 
3820.49619792 -0.00167194222414 
3823.49619792 -0.0111601863931 
3826.49619792 -0.0132392313067 
3829.49619792 -0.00811394419171 
3832.49619792 -0.00183934780892 
3835.49619792 0.00285321320658 
3838.49619792 0.00916171354513 
3841.49619792 0.0138810862424 
3844.49619792 0.0184824336443 
3847.49619792 0.0186708974742 
3850.49619792 0.0160476395119 
3853.49619792 0.01230255381 
3856.49619792 0.00632429063611 
3859.49619792 -0.0046052740882 
3862.49619792 -0.0133182087443 
3865.49619792 -0.0175537965866 
3868.49619792 -0.0237340163345 
3871.49619792 -0.0261740665803 
3874.49619792 -0.0260620981344 
3877.49619792 -0.0236270416525 
3880.49619792 -0.0185381897373 
3883.49619792 -0.00960986108463 
3886.49619792 0.00254703091612 
3889.49619792 0.0162410309481 
3892.49619792 0.0264987205503 
3895.49619792 0.0320226766769 
3898.49619792 0.029850238796 
3901.49619792 0.0245344147204 
3904.49619792 0.0197585125698 
3907.49619792 0.0192739554951 
3910.49619792 0.0194485866673 
3913.49619792 0.018968237449 
3916.49619792 0.0146987517819 
3919.49619792 0.00676453860681 
3922.49619792 -0.00174865547224 
3925.49619792 -0.00287077864007 
3928.49619792 -0.00512334002614 
3931.49619792 -0.00955392705027 
3934.49619792 -0.01426199591 
3937.49619792 -0.0142076519411 
3940.49619792 -0.0108067663808 
3943.49619792 -0.00588381225419 
3946.49619792 0.000941696069809 
3949.49619792 0.0109209294365 
3952.49619792 0.0194980452339 
3955.49619792 0.0244804528692 
3958.49619792 0.0237447430033 
3961.49619792 0.0217271163673 
3964.49619792 0.0156379580988 
3967.49619792 0.00561660824182 
3970.49619792 -0.00509034958813 
3973.49619792 -0.0137609918087 
3976.49619792 -0.0168840550496 
3979.49619792 -0.0149216096192 
3982.49619792 -0.00672352141757 
3985.49619792 0.00570883774641 
3988.49619792 0.0137368351315 
3991.49619792 0.0169311228146 
3994.49619792 0.0175834991021 
3997.49619792 0.0158067468638 
4000.49619792 0.016658301103 
4003.49619792 0.0160397439354 
4006.49619792 0.0139581599357 
4009.49619792 0.0110433473734 
4012.49619792 0.00989775305877 
4015.49619792 0.0123725474913 
4018.49619792 0.0160875930454 
4021.49619792 0.0206280115084 
4024.49619792 0.0199486657018 
4027.49619792 0.0166147123192 
4030.49619792 0.0103394045988 
4033.49619792 0.00445851497406 
4036.49619792 -0.00267235380236 
4039.49619792 -0.00936158843365 
4042.49619792 -0.0176771589813 
4045.49619792 -0.0237440426445 
4048.49619792 -0.0221399927399 
4051.49619792 -0.0159236075559 
4054.49619792 -0.00555663801884 
4057.49619792 0.00415057323159 
4060.49619792 0.0106605465088 
4063.49619792 0.0166506690165 
4066.49619792 0.0267270854439 
4069.49619792 0.0347134120475 
4072.49619792 0.0396516811059 
4075.49619792 0.035199340183 
4078.49619792 0.024832058108 
4081.49619792 0.013200164058 
4084.49619792 0.00415435705148 
4087.49619792 -0.000985878062652 
4090.49619792 -0.00266711736522 
4093.49619792 -0.00652548867816 
4096.49619792 -0.0110207009163 
4099.49619792 -0.0127245451135 
4102.49619792 -0.00939319697468 
4105.49619792 -0.00528581415497 
4108.49619792 0.000265649413905 
4111.49619792 0.000525316904862 
4114.49619792 -0.0016288052802 
4117.49619792 -0.00525684735841 
4120.49619792 -0.0106861426857 
4123.49619792 -0.0111048774347 
4126.49619792 -0.00721363915905 
4129.49619792 -0.000451244296223 
4132.49619792 0.00424903410495 
4135.49619792 0.00482958568339 
4138.49619792 0.00334646003507 
4141.49619792 0.000783572663714 
4144.49619792 -0.000118208904207 
4147.49619792 -0.00166449421 
4150.49619792 -0.00308213103001 
4153.49619792 0.00203119067071 
4156.49619792 0.0138727743287 
4159.49619792 0.0275634599181 
4162.49619792 0.0405576488935 
4165.49619792 0.0526995353637 
4168.49619792 0.0599914664299 
4171.49619792 0.0595026752639 
4174.49619792 0.0490669724634 
4177.49619792 0.0310581684706 
4180.49619792 0.00758973984795 
4183.49619792 -0.0180454644709 
4186.49619792 -0.0394468113128 
4189.49619792 -0.0539511017292 
4192.49619792 -0.0616092543182 
4195.49619792 -0.0592322044311 
4198.49619792 -0.0412761303879 
4201.49619792 -0.0121163804044 
4204.49619792 0.0175590892007 
4207.49619792 0.0361242518791 
4210.49619792 0.0405871871555 
4213.49619792 0.0308815046607 
4216.49619792 0.0169112994652 
4219.49619792 0.000667367274881 
4222.49619792 -0.00941213346899 
4225.49619792 -0.0198249782219 
4228.49619792 -0.0258742810528 
4231.49619792 -0.0246734165618 
4234.49619792 -0.0128246314126 
4237.49619792 0.0118734266025 
4240.49619792 0.0424752907483 
4243.49619792 0.0641727137253 
4246.49619792 0.0708893969485 
4249.49619792 0.0671341640278 
4252.49619792 0.0548259024072 
4255.49619792 0.0375212830067 
4258.49619792 0.0218278996033 
4261.49619792 0.00858349202866 
4264.49619792 0.0018753919085 
4267.49619792 -0.00404122628364 
4270.49619792 -0.0102839849974 
4273.49619792 -0.0154245961695 
4276.49619792 -0.0186381767999 
4279.49619792 -0.0213861784836 
4282.49619792 -0.0237589418095 
4285.49619792 -0.0242808916594 
4288.49619792 -0.0224540683256 
4291.49619792 -0.0171992051272 
4294.49619792 -0.0103378476121 
4297.49619792 -0.00419535513484 
4300.49619792 -0.00182369781127 
4303.49619792 0.00273936867725 
4306.49619792 0.00509034844748 
4309.49619792 0.00925817485974 
4312.49619792 0.0150018976631 
4315.49619792 0.0203052852362 
4318.49619792 0.0222803542356 
4321.49619792 0.0173878309293 
4324.49619792 0.00857761882387 
4327.49619792 0.00343475743534 
4330.49619792 -0.00297717073525 
4333.49619792 -0.0092736375057 
4336.49619792 -0.013927575698 
4339.49619792 -0.0163973797886 
4342.49619792 -0.0145368103365 
4345.49619792 -0.0110114924521 
4348.49619792 -0.00634734145352 
4351.49619792 -0.00209795987819 
4354.49619792 0.00129152902427 
4357.49619792 0.0039778429519 
4360.49619792 0.00961570919512 
4363.49619792 0.0159655766172 
4366.49619792 0.0249824664454 
4369.49619792 0.0377695317041 
4372.49619792 0.0504175289637 
4375.49619792 0.0620037046372 
4378.49619792 0.0665619001242 
4381.49619792 0.0630083477402 
4384.49619792 0.0434643160771 
4387.49619792 0.0111334370193 
4390.49619792 -0.0249461572874 
4393.49619792 -0.0539384861447 
4396.49619792 -0.0712828663089 
4399.49619792 -0.0776615476804 
4402.49619792 -0.0727041476469 
4405.49619792 -0.0581368796849 
4408.49619792 -0.0316950136732 
4411.49619792 0.00102821854801 
4414.49619792 0.0338730498622 
4417.49619792 0.0610711551513 
4420.49619792 0.075513832239 
4423.49619792 0.0738222260713 
4426.49619792 0.0633495160352 
4429.49619792 0.0505633724214 
4432.49619792 0.0331030976954 
4435.49619792 0.0201684574729 
4438.49619792 0.00904364661616 
4441.49619792 -0.00451008859017 
4444.49619792 -0.019879168203 
4447.49619792 -0.0349358273127 
4450.49619792 -0.045406586838 
4453.49619792 -0.0531047077889 
4456.49619792 -0.0579889967457 
4459.49619792 -0.0558722978482 
4462.49619792 -0.042454060978 
4465.49619792 -0.0240214668773 
4468.49619792 -0.00251627900295 
4471.49619792 0.0154964365625 
4474.49619792 0.0278960984354 
4477.49619792 0.0342538169486 
4480.49619792 0.036677074551 
4483.49619792 0.0421689442043 
4486.49619792 0.0461435559811 
4489.49619792 0.0499158073938 
4492.49619792 0.0500068266692 
4495.49619792 0.049128348537 
4498.49619792 0.0460590749092 
4501.49619792 0.041476524272 
4504.49619792 0.0357386780953 
4507.49619792 0.0327213336812 
4510.49619792 0.0235723862864 
4513.49619792 0.0086338967641 
4516.49619792 -0.00625626457535 
4519.49619792 -0.0157620436654 
4522.49619792 -0.0154015995329 
4525.49619792 -0.010195973615 
4528.49619792 -0.00404765726607 
4531.49619792 -0.00241748505991 
4534.49619792 -0.000849546339395 
4537.49619792 0.000778183949848 
4540.49619792 0.00541497162 
4543.49619792 0.0101821592077 
4546.49619792 0.00861466484154 
4549.49619792 0.00127525780032 
4552.49619792 -0.00500356896667 
4555.49619792 -0.00922267613326 
4558.49619792 -0.010267462688 
4561.49619792 -0.0131165464578 
4564.49619792 -0.0101019875101 
4567.49619792 -0.00231689216988 
4570.49619792 0.012109568445 
4573.49619792 0.0274880538545 
4576.49619792 0.0389775343802 
4579.49619792 0.0436148225103 
4582.49619792 0.0396234158089 
4585.49619792 0.0334378395705 
4588.49619792 0.0267320746452 
4591.49619792 0.0213255963021 
4594.49619792 0.0193734224214 
4597.49619792 0.0193560868288 
4600.49619792 0.0224142049034 
4603.49619792 0.0295236548469 
4606.49619792 0.0355081779057 
4609.49619792 0.0345110790591 
4612.49619792 0.0265861559046 
4615.49619792 0.0146862787786 
4618.49619792 -0.00147059931959 
4621.49619792 -0.0234554879529 
4624.49619792 -0.0422723737473 
4627.49619792 -0.0541496523236 
4630.49619792 -0.0527940860902 
4633.49619792 -0.045508460535 
4636.49619792 -0.0305721947091 
4639.49619792 -0.0159473353488 
4642.49619792 -0.00113260673571 
4645.49619792 0.0102467484913 
4648.49619792 0.0171598435908 
4651.49619792 0.020166178455 
4654.49619792 0.0188196689794 
4657.49619792 0.0101766646986 
4660.49619792 -0.000963821250073 
4663.49619792 -0.0125413453815 
4666.49619792 -0.0182106453612 
4669.49619792 -0.0183712419808 
4672.49619792 -0.0129378306194 
4675.49619792 1.50067269775e-05 
4678.49619792 0.0161102337993 
4681.49619792 0.0395223633797 
4684.49619792 0.0619774468834 
4687.49619792 0.0816133054018 
4690.49619792 0.0956442536104 
4693.49619792 0.103432435691 
4696.49619792 0.0971393623531 
4699.49619792 0.0786657117107 
4702.49619792 0.0479911893261 
4705.49619792 0.0118480722433 
4708.49619792 -0.027253513484 
4711.49619792 -0.0624602427951 
4714.49619792 -0.0915131127705 
4717.49619792 -0.110072084003 
4720.49619792 -0.115771800545 
4723.49619792 -0.102624445141 
4726.49619792 -0.0701221960285 
4729.49619792 -0.0242773898651 
4732.49619792 0.0239265420177 
4735.49619792 0.0665341367129 
4738.49619792 0.0979757596404 
4741.49619792 0.114212724173 
4744.49619792 0.111401908056 
4747.49619792 0.0897452792714 
4750.49619792 0.0644094623934 
4753.49619792 0.0440063299534 
4756.49619792 0.0315493960641 
4759.49619792 0.021434804376 
4762.49619792 0.0178401817626 
4765.49619792 0.0182168139942 
4768.49619792 0.0219721210572 
4771.49619792 0.0179297204748 
4774.49619792 0.00765310749576 
4777.49619792 -0.00727709235557 
4780.49619792 -0.0174890305024 
4783.49619792 -0.0225548378738 
4786.49619792 -0.025376029339 
4789.49619792 -0.0256369803103 
4792.49619792 -0.0176656863277 
4795.49619792 -0.00995984431968 
4798.49619792 -0.00309625968626 
4801.49619792 -0.00198343666236 
4804.49619792 -0.00256504405458 
4807.49619792 -0.000928391889344 
4810.49619792 0.00474403610801 
4813.49619792 0.00664782848053 
4816.49619792 0.0148161668297 
4819.49619792 0.0250287083801 
4822.49619792 0.0348943829502 
4825.49619792 0.0335966522141 
4828.49619792 0.0178191379182 
4831.49619792 -0.00714619768121 
4834.49619792 -0.0347472117764 
4837.49619792 -0.0584483454643 
4840.49619792 -0.0711673321923 
4843.49619792 -0.0675323602401 
4846.49619792 -0.0471947147748 
4849.49619792 -0.0127504618131 
4852.49619792 0.0263099133849 
4855.49619792 0.0686421894865 
4858.49619792 0.0974604232769 
4861.49619792 0.100158242082 
4864.49619792 0.0714243387973 
4867.49619792 0.0164533389172 
4870.49619792 -0.0428120743862 
4873.49619792 -0.0826088461211 
4876.49619792 -0.0974816576098 
4879.49619792 -0.0877331642543 
4882.49619792 -0.0563538846713 
4885.49619792 -0.00944366159422 
4888.49619792 0.0364746731236 
4891.49619792 0.0642408698201 
4894.49619792 0.065303444235 
4897.49619792 0.0468966174087 
4900.49619792 0.0237483360496 
4903.49619792 0.0114801306209 
4906.49619792 0.0154265523835 
4909.49619792 0.0219080598945 
4912.49619792 0.029910145713 
4915.49619792 0.03394546058 
4918.49619792 0.0296612308762 
4921.49619792 0.0207174931881 
4924.49619792 0.0118813541173 
4927.49619792 0.00552090203724 
4930.49619792 0.00563217183526 
4933.49619792 0.014865154308 
4936.49619792 0.0228342034921 
4939.49619792 0.0266649496976 
4942.49619792 0.0278625108673 
4945.49619792 0.0237599569877 
4948.49619792 0.0172326387076 
4951.49619792 0.00826660930432 
4954.49619792 0.000293246379407 
4957.49619792 -0.00959553908827 
4960.49619792 -0.0145307500651 
4963.49619792 -0.0168710767384 
4966.49619792 -0.0146020646187 
4969.49619792 -0.0120290876313 
4972.49619792 -0.00948277446895 
4975.49619792 -0.00711315762494 
4978.49619792 0.00628610111722 
4981.49619792 0.0270294169013 
4984.49619792 0.053460699966 
4987.49619792 0.0787606593833 
4990.49619792 0.0913798392714 
4993.49619792 0.0907271686963 
4996.49619792 0.0749226609276 
4999.49619792 0.0427043058121 
5002.49619792 0.00551807151527 
5005.49619792 -0.0378924754804 
5008.49619792 -0.0760496729197 
5011.49619792 -0.101772927403 
5014.49619792 -0.116525651302 
5017.49619792 -0.126818426145 
5020.49619792 -0.133329929319 
5023.49619792 -0.131275747144 
5026.49619792 -0.11829622236 
5029.49619792 -0.0972781109703 
5032.49619792 -0.0608947331592 
5035.49619792 -0.0100458903628 
5038.49619792 0.0487643581248 
5041.49619792 0.0980660534626 
5044.49619792 0.132536082824 
5047.49619792 0.148912653742 
5050.49619792 0.150964098357 
5053.49619792 0.140034330027 
5056.49619792 0.119601152876 
5059.49619792 0.0960952117105 
5062.49619792 0.0690203376415 
5065.49619792 0.0376451119272 
5068.49619792 -0.00255125702289 
5071.49619792 -0.0413047241921 
5074.49619792 -0.0683457711566 
5077.49619792 -0.0840895188025 
5080.49619792 -0.0894648710993 
5083.49619792 -0.0838935095754 
5086.49619792 -0.0702788847826 
5089.49619792 -0.0397880754224 
5092.49619792 -0.00251835298908 
5095.49619792 0.0330167596459 
5098.49619792 0.0606627478438 
5101.49619792 0.070640803775 
5104.49619792 0.0645499539232 
5107.49619792 0.0501130485224 
5110.49619792 0.0282100097675 
5113.49619792 0.00165490619464 
5116.49619792 -0.017474689115 
5119.49619792 -0.0283447204851 
5122.49619792 -0.0245569471126 
5125.49619792 -0.00924361161599 
5128.49619792 0.00473013244489 
5131.49619792 0.0240676335291 
5134.49619792 0.0526562271797 
5137.49619792 0.0799547552595 
5140.49619792 0.103299435948 
5143.49619792 0.119756454601 
5146.49619792 0.11878544241 
5149.49619792 0.0998453482089 
5152.49619792 0.0480167946283 
5155.49619792 -0.0352389412558 
5158.49619792 -0.122271304084 
5161.49619792 -0.190009227633 
5164.49619792 -0.213749941862 
5167.49619792 -0.184492662915 
5170.49619792 -0.111929134551 
5173.49619792 -0.0179488982165 
5176.49619792 0.0704819158485 
5179.49619792 0.123569408954 
5182.49619792 0.133150327195 
5185.49619792 0.108861270766 
5188.49619792 0.0606988197468 
5191.49619792 0.0123485356766 
5194.49619792 -0.0104127757436 
5197.49619792 0.000200352499889 
5200.49619792 0.0296232723389 
5203.49619792 0.0635809219006 
5206.49619792 0.0763672252053 
5209.49619792 0.0641943267539 
5212.49619792 0.0345410758622 
5215.49619792 -0.000411149749926 
5218.49619792 -0.0321319052824 
5221.49619792 -0.0587796402963 
5224.49619792 -0.0744954009636 
5227.49619792 -0.0791547127562 
5230.49619792 -0.0719066875744 
5233.49619792 -0.0465378283587 
5236.49619792 -0.0124800445908 
5239.49619792 0.023262232254 
5242.49619792 0.0507245279593 
5245.49619792 0.057451737097 
5248.49619792 0.0517967705201 
5251.49619792 0.0384494501168 
5254.49619792 0.035435424993 
5257.49619792 0.0400974789073 
5260.49619792 0.0579598599924 
5263.49619792 0.0825824834276 
5266.49619792 0.0927225937285 
5269.49619792 0.088093728155 
5272.49619792 0.072531676865 
5275.49619792 0.0489391740823 
5278.49619792 0.0222839723762 
5281.49619792 -0.00606555024376 
5284.49619792 -0.037397428992 
5287.49619792 -0.0735843048154 
5290.49619792 -0.116476402615 
5293.49619792 -0.161481745425 
5296.49619792 -0.195028085866 
5299.49619792 -0.204289941602 
5302.49619792 -0.186372124947 
5305.49619792 -0.157264645231 
5308.49619792 -0.131083716503 
5311.49619792 -0.0987874002688 
5314.49619792 -0.0573064000877 
5317.49619792 -0.000848216840998 
5320.49619792 0.0655362462555 
5323.49619792 0.142612763882 
5326.49619792 0.226061128108 
5329.49619792 0.280667291214 
5332.49619792 0.288378009499 
5335.49619792 0.251173833924 
5338.49619792 0.182414271594 
5341.49619792 0.108374386766 
5344.49619792 0.0424058662512 
5347.49619792 -0.0139858822836 
5350.49619792 -0.0568640744238 
5353.49619792 -0.0717745090989 
5356.49619792 -0.0630977929192 
5359.49619792 -0.0426497051972 
5362.49619792 -0.0247834299343 
5365.49619792 -0.0106513118096 
5368.49619792 -0.00872989440464 
5371.49619792 -0.0152228084116 
5374.49619792 -0.027027204041 
5377.49619792 -0.0463764766291 
5380.49619792 -0.0744292067861 
5383.49619792 -0.0957928391897 
5386.49619792 -0.0999606815711 
5389.49619792 -0.0769804703677 
5392.49619792 -0.023114609383 
5395.49619792 0.0475040771963 
5398.49619792 0.137207836822 
5401.49619792 0.219051279687 
5404.49619792 0.278663361498 
5407.49619792 0.295279268077 
5410.49619792 0.262505393794 
5413.49619792 0.177865543499 
5416.49619792 0.0681041815716 
5419.49619792 -0.0535614330134 
5422.49619792 -0.154340767927 
5425.49619792 -0.228883679227 
5428.49619792 -0.275359364996 
5431.49619792 -0.310556070278 
5434.49619792 -0.333935517966 
5437.49619792 -0.318947747249 
5440.49619792 -0.251815152755 
5443.49619792 -0.143378878904 
5446.49619792 -0.00759661112114 
5449.49619792 0.131564276742 
5452.49619792 0.242700084934 
5455.49619792 0.29806208809 
5458.49619792 0.293366079319 
5461.49619792 0.241166559113 
5464.49619792 0.177024382859 
5467.49619792 0.115701737284 
5470.49619792 0.0560186203787 
5473.49619792 -0.00152143179863 
5476.49619792 -0.0548955732847 
5479.49619792 -0.0890042402906 
5482.49619792 -0.0972439553587 
5485.49619792 -0.0770446205011 
5488.49619792 -0.0468355196536 
5491.49619792 -0.0126450224455 
5494.49619792 0.0143644194 
5497.49619792 0.0357632089056 
5500.49619792 0.0527926214961 
5503.49619792 0.0670678329723 
5506.49619792 0.0759590049644 
5509.49619792 0.071743492555 
5512.49619792 0.0524908056123 
5515.49619792 0.0150969103528 
5518.49619792 -0.0222863403647 
5521.49619792 -0.0474796125437 
5524.49619792 -0.0342097536546 
5527.49619792 0.0130485603198 
5530.49619792 0.0721871048717 
5533.49619792 0.114181862757 
5536.49619792 0.125625224538 
5539.49619792 0.101788120856 
5542.49619792 0.047737513418 
5545.49619792 -0.0290488891083 
5548.49619792 -0.114432084778 
5551.49619792 -0.192572239905 
5554.49619792 -0.248894378017 
5557.49619792 -0.260873772108 
5560.49619792 -0.214503026102 
5563.49619792 -0.111929709438 
5566.49619792 0.00664631426819 
5569.49619792 0.105594331688 
5572.49619792 0.15315799642 
5575.49619792 0.154572693928 
5578.49619792 0.133768395024 
5581.49619792 0.10801030054 
5584.49619792 0.0895051679683 
5587.49619792 0.0862751768121 
5590.49619792 0.0916408655256 
5593.49619792 0.104217074862 
5596.49619792 0.116020735913 
5599.49619792 0.115024456053 
5602.49619792 0.107598672038 
5605.49619792 0.0735830774764 
5608.49619792 0.0126552746041 
5611.49619792 -0.0583611040204 
5614.49619792 -0.116763143674 
5617.49619792 -0.137727498529 
5620.49619792 -0.105849025056 
5623.49619792 -0.036742388147 
5626.49619792 0.0358244960085 
5629.49619792 0.0790545272207 
5632.49619792 0.0962919418281 
5635.49619792 0.116126843701 
5638.49619792 0.155485104105 
5641.49619792 0.209225578042 
5644.49619792 0.244667112354 
5647.49619792 0.22598285217 
5650.49619792 0.137413600885 
5653.49619792 -0.00345289518977 
5656.49619792 -0.148228847995 
5659.49619792 -0.232540966848 
5662.49619792 -0.220520929131 
5665.49619792 -0.122099878138 
5668.49619792 0.000599780079053 
5671.49619792 0.0566874790529 
5674.49619792 0.0196920286673 
5677.49619792 -0.091281743406 
5680.49619792 -0.215981490486 
5683.49619792 -0.289112843346 
5686.49619792 -0.257008722006 
5689.49619792 -0.130589194713 
5692.49619792 0.0501376318026 
5695.49619792 0.21300884813 
5698.49619792 0.317988652565 
5701.49619792 0.326669744277 
5704.49619792 0.266515680528 
5707.49619792 0.16003521923 
5710.49619792 0.0479172752321 
5713.49619792 -0.0366950443448 
5716.49619792 -0.0796283013444 
5719.49619792 -0.0902707446033 
5722.49619792 -0.0736789969825 
5725.49619792 -0.0251951884703 
5728.49619792 0.0284114576118 
5731.49619792 0.0800599414029 
5734.49619792 0.0955140370522 
5737.49619792 0.0701395202146 
5740.49619792 0.024255879495 
5743.49619792 -0.0327990552636 
5746.49619792 -0.082797427438 
5749.49619792 -0.102376002534 
5752.49619792 -0.0993383887761 
5755.49619792 -0.0646533834662 
5758.49619792 -0.00787665998864 
5761.49619792 0.0482325142804 
5764.49619792 0.111932465248 
5767.49619792 0.177924729525 
5770.49619792 0.206716970192 
5773.49619792 0.184483300464 
5776.49619792 0.10239970067 
5779.49619792 -0.0258868076666 
5782.49619792 -0.169049672631 
5785.49619792 -0.283591807282 
5788.49619792 -0.329251444952 
5791.49619792 -0.298807379413 
5794.49619792 -0.19905134863 
5797.49619792 -0.0798859604009 
5800.49619792 0.0471624115782 
5803.49619792 0.148666036173 
5806.49619792 0.216850336973 
5809.49619792 0.229611742178 
5812.49619792 0.215232111075 
5815.49619792 0.172123878427 
5818.49619792 0.116993153384 
5821.49619792 0.0681125128763 
5824.49619792 0.0413950317021 
5827.49619792 0.0221513672977 
5830.49619792 -0.00094628440411 
5833.49619792 -0.0540097584942 
5836.49619792 -0.112080065306 
5839.49619792 -0.135586645236 
5842.49619792 -0.117243284153 
5845.49619792 -0.0524758539774 
5848.49619792 0.00630942968281 
5851.49619792 0.0744320949109 
5854.49619792 0.110986291843 
5857.49619792 0.141388883363 
5860.49619792 0.122801879527 
5863.49619792 0.115170650831 
5866.49619792 0.105658509197 
5869.49619792 0.0785042596039 
5872.49619792 0.0478364624894 
5875.49619792 0.0176972720557 
5878.49619792 0.013864381429 
5881.49619792 0.0306525876928 
5884.49619792 0.0211504313059 
5887.49619792 -0.00714205655284 
5890.49619792 -0.0761639203835 
5893.49619792 -0.12636932046 
5896.49619792 -0.171140857478 
5899.49619792 -0.196389948486 
5902.49619792 -0.216655495771 
5905.49619792 -0.259525615534 
5908.49619792 -0.262690160779 
5911.49619792 -0.202767147013 
5914.49619792 -0.0502704946678 
5917.49619792 0.112667362971 
5920.49619792 0.272788432053 
5923.49619792 0.357344275787 
5926.49619792 0.332513848807 
5929.49619792 0.265758343946 
5932.49619792 0.167686276978 
5935.49619792 0.0963985150014 
5938.49619792 0.0620044757163 
5941.49619792 0.0474877248437 
5944.49619792 0.0466607447595 
5947.49619792 0.061957626956 
5950.49619792 0.0524503125516 
5953.49619792 0.0129886123395 
5956.49619792 -0.0223441188295 
5959.49619792 -0.152280298492 
5962.49619792 -0.207087672187 
5965.49619792 -0.17759990902 
5968.49619792 -0.140964853719 
5971.49619792 -0.0711544017885 
5974.49619792 0.0247661217173 
5977.49619792 0.110129882999 
5980.49619792 0.166311146323 
5983.49619792 0.205200106981 
5986.49619792 0.0881334410114 
5989.49619792 -0.11446926083 
5992.49619792 -0.311468991466 
5995.49619792 -0.591116450686 
5998.49619792 -0.842111120497 
