1.51879450147 nan 
4.51879450147 nan 
7.51879450147 nan 
10.5187945015 nan 
13.5187945015 nan 
16.5187945015 nan 
19.5187945015 nan 
22.5187945015 nan 
25.5187945015 nan 
28.5187945015 nan 
31.5187945015 nan 
34.5187945015 nan 
37.5187945015 nan 
40.5187945015 nan 
43.5187945015 nan 
46.5187945015 nan 
49.5187945015 nan 
52.5187945015 nan 
55.5187945015 nan 
58.5187945015 nan 
61.5187945015 nan 
64.5187945015 nan 
67.5187945015 nan 
70.5187945015 nan 
73.5187945015 nan 
76.5187945015 nan 
79.5187945015 nan 
82.5187945015 nan 
85.5187945015 nan 
88.5187945015 nan 
91.5187945015 nan 
94.5187945015 nan 
97.5187945015 nan 
100.518794501 nan 
103.518794501 nan 
106.518794501 nan 
109.518794501 nan 
112.518794501 nan 
115.518794501 nan 
118.518794501 nan 
121.518794501 nan 
124.518794501 nan 
127.518794501 nan 
130.518794501 nan 
133.518794501 nan 
136.518794501 nan 
139.518794501 nan 
142.518794501 nan 
145.518794501 nan 
148.518794501 nan 
151.518794501 nan 
154.518794501 nan 
157.518794501 nan 
160.518794501 nan 
163.518794501 nan 
166.518794501 nan 
169.518794501 nan 
172.518794501 nan 
175.518794501 nan 
178.518794501 nan 
181.518794501 nan 
184.518794501 nan 
187.518794501 nan 
190.518794501 nan 
193.518794501 nan 
196.518794501 nan 
199.518794501 nan 
202.518794501 nan 
205.518794501 nan 
208.518794501 nan 
211.518794501 nan 
214.518794501 nan 
217.518794501 nan 
220.518794501 nan 
223.518794501 nan 
226.518794501 -0.497441344629 
229.518794501 -0.607351816841 
232.518794501 -0.60588333848 
235.518794501 -0.510329978988 
238.518794501 -0.386780212824 
241.518794501 -0.237114262327 
244.518794501 -0.145075977199 
247.518794501 -0.0888613181241 
250.518794501 -0.0301759470423 
253.518794501 -0.011445379516 
256.518794501 0.0266764422933 
259.518794501 0.0425793284262 
262.518794501 0.0680937570991 
265.518794501 0.0891291636994 
268.518794501 0.109524514523 
271.518794501 0.0751168371071 
274.518794501 0.0693856734838 
277.518794501 0.0698946495586 
280.518794501 0.0726522650296 
283.518794501 0.0697190021903 
286.518794501 0.0623817648039 
289.518794501 0.0600809643645 
292.518794501 0.055978916966 
295.518794501 0.0485903835148 
298.518794501 0.0367301803089 
301.518794501 0.0315084287947 
304.518794501 0.0233522871331 
307.518794501 0.0267638813456 
310.518794501 0.0414120292196 
313.518794501 0.0475414162116 
316.518794501 0.0521424959764 
319.518794501 0.0407976002048 
322.518794501 0.0351774268022 
325.518794501 0.0217760817179 
328.518794501 0.00767195484433 
331.518794501 0.0056302890433 
334.518794501 0.006529283598 
337.518794501 0.0147762435775 
340.518794501 0.0179640166104 
343.518794501 0.0220679144958 
346.518794501 0.014736973019 
349.518794501 0.0181971301058 
352.518794501 0.0170478855542 
355.518794501 0.0281951620839 
358.518794501 0.034704854272 
361.518794501 0.0365848532752 
364.518794501 0.0258397510101 
367.518794501 0.0197477193935 
370.518794501 0.0291831306734 
373.518794501 0.0266212999098 
376.518794501 0.029327266589 
379.518794501 0.0263273011405 
382.518794501 0.0217182540014 
385.518794501 0.0247666511595 
388.518794501 0.0247032258973 
391.518794501 0.0169877075066 
394.518794501 0.0172490037052 
397.518794501 0.0228160961385 
400.518794501 0.0248392934064 
403.518794501 0.0176064844566 
406.518794501 0.00694762525147 
409.518794501 -0.0136642436203 
412.518794501 -0.016566516121 
415.518794501 -0.00705900054715 
418.518794501 -0.0020357582899 
421.518794501 0.00299866997472 
424.518794501 0.00823926645605 
427.518794501 0.00603402310539 
430.518794501 0.00590268506161 
433.518794501 0.00326467326082 
436.518794501 0.0015589731988 
439.518794501 -0.00194836709501 
442.518794501 -0.00254330994179 
445.518794501 0.00523099154134 
448.518794501 0.011067153459 
451.518794501 0.0206114944317 
454.518794501 0.0229217281005 
457.518794501 0.0269972607156 
460.518794501 0.0359511146775 
463.518794501 0.0375490668591 
466.518794501 0.0313137873479 
469.518794501 0.0264761377184 
472.518794501 0.0205413301357 
475.518794501 0.019255732703 
478.518794501 0.0157255974324 
481.518794501 0.0175196108309 
484.518794501 0.0219824996352 
487.518794501 0.02415358165 
490.518794501 0.0228472849967 
493.518794501 0.021674547769 
496.518794501 0.0178568620734 
499.518794501 0.0110780844484 
502.518794501 0.00874238088312 
505.518794501 0.0110375226257 
508.518794501 0.0173671955815 
511.518794501 0.0214675732877 
514.518794501 0.0281017213566 
517.518794501 0.0306579811619 
520.518794501 0.0231636119114 
523.518794501 0.0160992788069 
526.518794501 0.00964221205643 
529.518794501 0.0123857804882 
532.518794501 0.0107785191521 
535.518794501 0.00987565612254 
538.518794501 0.00953287468924 
541.518794501 0.0108948383852 
544.518794501 0.0148731273804 
547.518794501 0.0165896223926 
550.518794501 0.0196430729398 
553.518794501 0.0188669053412 
556.518794501 0.0201884383792 
559.518794501 0.0196182118961 
562.518794501 0.0199908350899 
565.518794501 0.0196845600059 
568.518794501 0.0173161902061 
571.518794501 0.015655075092 
574.518794501 0.0194022597172 
577.518794501 0.017509016616 
580.518794501 0.0156922603077 
583.518794501 0.0147078402574 
586.518794501 0.0184525362967 
589.518794501 0.0197876147573 
592.518794501 0.0191099820425 
595.518794501 0.0153450299068 
598.518794501 0.01118553322 
601.518794501 0.00789724896897 
604.518794501 0.0115575050211 
607.518794501 0.0195323822711 
610.518794501 0.0238809042478 
613.518794501 0.0251083690946 
616.518794501 0.0237983767849 
619.518794501 0.0190478932431 
622.518794501 0.0134375873316 
625.518794501 0.0145640960636 
628.518794501 0.0155449090824 
631.518794501 0.0144813222235 
634.518794501 0.0111134661484 
637.518794501 0.0125349139593 
640.518794501 0.0171795962655 
643.518794501 0.022310833445 
646.518794501 0.0192131076938 
649.518794501 0.0202141218616 
652.518794501 0.0192666087449 
655.518794501 0.0193871438623 
658.518794501 0.018556229147 
661.518794501 0.0128123062037 
664.518794501 0.00825217200712 
667.518794501 0.00873268709671 
670.518794501 0.00851936707593 
673.518794501 0.0104791656692 
676.518794501 0.0072863383609 
679.518794501 0.0036658265672 
682.518794501 0.00250545782402 
685.518794501 0.0035919136615 
688.518794501 0.000317096843142 
691.518794501 -0.00093709360347 
694.518794501 -0.00178227138097 
697.518794501 -0.00210748194017 
700.518794501 0.00073851206189 
703.518794501 0.00831403304065 
706.518794501 0.0129955921481 
709.518794501 0.0183037085814 
712.518794501 0.0183004241443 
715.518794501 0.0164753335549 
718.518794501 0.0140550535201 
721.518794501 0.014140608408 
724.518794501 0.012815291975 
727.518794501 0.00890882456048 
730.518794501 0.00164449108585 
733.518794501 -0.00899625740905 
736.518794501 -0.0124472356199 
739.518794501 -0.0109532590019 
742.518794501 -0.00705212901919 
745.518794501 -0.00299818674771 
748.518794501 -0.000551775121111 
751.518794501 0.0038086738775 
754.518794501 0.00909964095863 
757.518794501 0.0100233148761 
760.518794501 0.00780484781116 
763.518794501 0.000894780221388 
766.518794501 -0.00645225087592 
769.518794501 -0.0118388596826 
772.518794501 -0.0144852775507 
775.518794501 -0.0159415159338 
778.518794501 -0.0111739605867 
781.518794501 -0.00453479635114 
784.518794501 -0.00257070964441 
787.518794501 -0.00475891442399 
790.518794501 -0.0104882435128 
793.518794501 -0.0113337937363 
796.518794501 -0.00982580287032 
799.518794501 -0.0072463964691 
802.518794501 -0.00457582744238 
805.518794501 -0.000112888454265 
808.518794501 0.00435785018558 
811.518794501 0.000264823467756 
814.518794501 -0.00769387886042 
817.518794501 -0.0137821253095 
820.518794501 -0.0120600646565 
823.518794501 -0.00665082372118 
826.518794501 -0.00472682735289 
829.518794501 -0.00599496214463 
832.518794501 -0.00555056478444 
835.518794501 -0.00367863374469 
838.518794501 -0.001436884377 
841.518794501 0.00180496056189 
844.518794501 0.00321098631904 
847.518794501 0.00586544002408 
850.518794501 0.00643526946787 
853.518794501 0.00505159135361 
856.518794501 0.00320724856587 
859.518794501 -0.00368483261002 
862.518794501 -0.0118640211646 
865.518794501 -0.0146553114208 
868.518794501 -0.0112091464258 
871.518794501 -0.00775121648146 
874.518794501 -0.00566899772027 
877.518794501 -0.00617474430547 
880.518794501 -0.0057882686041 
883.518794501 -0.00430245965256 
886.518794501 -0.00177873768653 
889.518794501 0.0015945783442 
892.518794501 0.00258452204929 
895.518794501 0.000655096300951 
898.518794501 -0.0015785269432 
901.518794501 -0.00187141945279 
904.518794501 -0.00210720986188 
907.518794501 -0.00211908293341 
910.518794501 -0.00249258174071 
913.518794501 -0.00256069858104 
916.518794501 -0.00220274014168 
919.518794501 -0.00359453562777 
922.518794501 -0.00411642811022 
925.518794501 -0.00459992365362 
928.518794501 -0.00383187320523 
931.518794501 -0.00399004818383 
934.518794501 -0.00529267532517 
937.518794501 -0.00187252726345 
940.518794501 0.00194611801781 
943.518794501 0.00766503678832 
946.518794501 0.0111011490663 
949.518794501 0.0124806409857 
952.518794501 0.0122621018473 
955.518794501 0.0136344337648 
958.518794501 0.0122681026361 
961.518794501 0.0135093938462 
964.518794501 0.0169510115 
967.518794501 0.0213835267948 
970.518794501 0.0222866902625 
973.518794501 0.0150540621075 
976.518794501 0.00629079500527 
979.518794501 0.00210987569745 
982.518794501 0.00200260129527 
985.518794501 0.00541845792005 
988.518794501 0.00526495923181 
991.518794501 0.00698808293991 
994.518794501 0.00816791104203 
997.518794501 0.0116654500918 
1000.5187945 0.0115920173112 
1003.5187945 0.0108379704759 
1006.5187945 0.00666457652585 
1009.5187945 0.00578952486139 
1012.5187945 0.006335900181 
1015.5187945 0.00820350455543 
1018.5187945 0.00356234397935 
1021.5187945 -0.00445331111644 
1024.5187945 -0.00953336212593 
1027.5187945 -0.00890781600966 
1030.5187945 -0.00442132596393 
1033.5187945 0.00131940969738 
1036.5187945 0.00389844686531 
1039.5187945 0.00305555184245 
1042.5187945 0.0022527221215 
1045.5187945 0.00679985837559 
1048.5187945 0.0105728554323 
1051.5187945 0.0098803798272 
1054.5187945 0.0058636981026 
1057.5187945 0.00381516564797 
1060.5187945 0.0068883751061 
1063.5187945 0.00936607651246 
1066.5187945 0.00872872822454 
1069.5187945 0.00277746943202 
1072.5187945 -0.00278568960869 
1075.5187945 -0.00492087058193 
1078.5187945 -0.00620987652651 
1081.5187945 -0.00774342901564 
1084.5187945 -0.00750983162854 
1087.5187945 -0.00346891410855 
1090.5187945 0.00327306049534 
1093.5187945 0.00885833764057 
1096.5187945 0.0101750388517 
1099.5187945 0.00687903094474 
1102.5187945 0.00345700226365 
1105.5187945 0.00288261572993 
1108.5187945 0.00271873020894 
1111.5187945 0.00165488035579 
1114.5187945 -0.00127181316626 
1117.5187945 -0.00239460807371 
1120.5187945 -0.00289196698127 
1123.5187945 -0.00245921138175 
1126.5187945 -0.00247810775131 
1129.5187945 -0.00102071436477 
1132.5187945 -0.000299713576773 
1135.5187945 0.000189616140686 
1138.5187945 0.000313025112755 
1141.5187945 0.00273903305491 
1144.5187945 0.007491033411 
1147.5187945 0.0108669640965 
1150.5187945 0.0109423661212 
1153.5187945 0.00851832750641 
1156.5187945 0.00703078062151 
1159.5187945 0.00714537122685 
1162.5187945 0.00906049890612 
1165.5187945 0.012657315516 
1168.5187945 0.0150287437595 
1171.5187945 0.0176293886636 
1174.5187945 0.0168668161173 
1177.5187945 0.0110019539273 
1180.5187945 0.00245431264301 
1183.5187945 -0.00432742261486 
1186.5187945 -0.0106049642165 
1189.5187945 -0.0120187911763 
1192.5187945 -0.00683274927409 
1195.5187945 0.00179033668571 
1198.5187945 0.0083192388645 
1201.5187945 0.0108087322507 
1204.5187945 0.00855640517443 
1207.5187945 0.0034665582384 
1210.5187945 0.00432156850021 
1213.5187945 0.00848711294699 
1216.5187945 0.0112213598167 
1219.5187945 0.0119221227318 
1222.5187945 0.00856376280971 
1225.5187945 0.00513712541471 
1228.5187945 0.00591506285168 
1231.5187945 0.0088063760031 
1234.5187945 0.00946109033094 
1237.5187945 0.0103599608108 
1240.5187945 0.00977819094063 
1243.5187945 0.00756382188888 
1246.5187945 0.00129365575827 
1249.5187945 -0.00352688030136 
1252.5187945 -0.00145936329545 
1255.5187945 0.00375749435436 
1258.5187945 0.0029355134674 
1261.5187945 0.00165470022578 
1264.5187945 0.000506529364211 
1267.5187945 0.00187027264719 
1270.5187945 0.00353020705678 
1273.5187945 0.00597621577263 
1276.5187945 0.00650137341622 
1279.5187945 0.00520261164784 
1282.5187945 0.00374357847997 
1285.5187945 -0.000472913015891 
1288.5187945 -0.00383985741822 
1291.5187945 -0.00566471625363 
1294.5187945 -0.00631813665862 
1297.5187945 -0.00502963897757 
1300.5187945 -0.0031657887519 
1303.5187945 0.000355609271457 
1306.5187945 0.000919968013861 
1309.5187945 -0.000845270501257 
1312.5187945 -0.000240937491286 
1315.5187945 -0.00105892618866 
1318.5187945 -0.00130703800026 
1321.5187945 0.000694566653144 
1324.5187945 0.00180566324619 
1327.5187945 0.00188192770159 
1330.5187945 0.00042633074082 
1333.5187945 -0.00123505933197 
1336.5187945 -0.00107191814897 
1339.5187945 0.000149373450595 
1342.5187945 -0.00105230148092 
1345.5187945 0.000207716008228 
1348.5187945 0.00196375281259 
1351.5187945 0.00529356954993 
1354.5187945 0.00650134151128 
1357.5187945 0.00756106122472 
1360.5187945 0.00452111843447 
1363.5187945 0.00121930703985 
1366.5187945 0.00039722392966 
1369.5187945 0.000749963556078 
1372.5187945 -0.000238291263961 
1375.5187945 -0.00180668985433 
1378.5187945 -0.000613182783127 
1381.5187945 0.00211244471037 
1384.5187945 0.00339592467382 
1387.5187945 0.00283866644384 
1390.5187945 -0.000747150769421 
1393.5187945 -0.00721941684828 
1396.5187945 -0.00908223769628 
1399.5187945 -0.00499332981848 
1402.5187945 -0.0029960681706 
1405.5187945 -0.00369153863107 
1408.5187945 -0.0074217766335 
1411.5187945 -0.0101971259375 
1414.5187945 -0.0117567460977 
1417.5187945 -0.0111809344764 
1420.5187945 -0.00475345468993 
1423.5187945 0.00366090168413 
1426.5187945 0.00954422930538 
1429.5187945 0.0100049624416 
1432.5187945 0.00684417390387 
1435.5187945 0.00670900859582 
1438.5187945 0.0126510311277 
1441.5187945 0.0195534590336 
1444.5187945 0.0257011506028 
1447.5187945 0.026656450299 
1450.5187945 0.0263448346814 
1453.5187945 0.023523985378 
1456.5187945 0.0188900311103 
1459.5187945 0.0172842108142 
1462.5187945 0.0172457494006 
1465.5187945 0.0165818340406 
1468.5187945 0.0138616856124 
1471.5187945 0.0122501640796 
1474.5187945 0.0110707604905 
1477.5187945 0.0109975767458 
1480.5187945 0.0112269352062 
1483.5187945 0.00947517104755 
1486.5187945 0.00732388073481 
1489.5187945 0.00299956375636 
1492.5187945 -0.000841939203819 
1495.5187945 -0.00225531018877 
1498.5187945 -0.00126218396521 
1501.5187945 0.00024541465268 
1504.5187945 0.000514196189449 
1507.5187945 0.000885783303281 
1510.5187945 0.000899811177331 
1513.5187945 0.00233330537675 
1516.5187945 0.00477786241752 
1519.5187945 0.00531247677603 
1522.5187945 0.00429171078729 
1525.5187945 0.0031512965944 
1528.5187945 0.00147078238618 
1531.5187945 0.00168654745586 
1534.5187945 0.00471302580456 
1537.5187945 0.00690253824383 
1540.5187945 0.00587712609717 
1543.5187945 0.00407903063794 
1546.5187945 0.00296116792511 
1549.5187945 0.000790017502927 
1552.5187945 -0.00417791647624 
1555.5187945 -0.00875902817547 
1558.5187945 -0.00931015688906 
1561.5187945 -0.00629761956206 
1564.5187945 -0.0010270390774 
1567.5187945 0.0026658597236 
1570.5187945 0.00356283141604 
1573.5187945 0.00184331041899 
1576.5187945 0.000530321426032 
1579.5187945 0.00117854005067 
1582.5187945 0.00615596292666 
1585.5187945 0.00978932576714 
1588.5187945 0.0106263449623 
1591.5187945 0.00903727476344 
1594.5187945 0.00709479922708 
1597.5187945 0.00553198679966 
1600.5187945 0.00477108261628 
1603.5187945 0.00662024282946 
1606.5187945 0.0113998564741 
1609.5187945 0.0159316112203 
1612.5187945 0.0161975141387 
1615.5187945 0.0112400827031 
1618.5187945 0.00560400867257 
1621.5187945 0.00271033123163 
1624.5187945 0.00134437110874 
1627.5187945 0.000663856590701 
1630.5187945 -4.33307330778e-05 
1633.5187945 0.000743258864399 
1636.5187945 0.000487976748299 
1639.5187945 0.000963445538775 
1642.5187945 0.00381686591577 
1645.5187945 0.00972447630358 
1648.5187945 0.0117810762786 
1651.5187945 0.0111009638404 
1654.5187945 0.0115798916589 
1657.5187945 0.0110587083968 
1660.5187945 0.00952604525808 
1663.5187945 0.00789869089533 
1666.5187945 0.00796257168925 
1669.5187945 0.00749812074048 
1672.5187945 0.00790891199961 
1675.5187945 0.00795307376377 
1678.5187945 0.00718982988428 
1681.5187945 0.00584528850504 
1684.5187945 0.00122353732564 
1687.5187945 -0.00480671911273 
1690.5187945 -0.00763635335469 
1693.5187945 -0.00555449352416 
1696.5187945 -0.00290072688329 
1699.5187945 -5.29697105487e-05 
1702.5187945 0.00468221271572 
1705.5187945 0.00341895450651 
1708.5187945 0.000188294356396 
1711.5187945 -0.00200442563786 
1714.5187945 -0.00460621823379 
1717.5187945 -0.00654578200061 
1720.5187945 -0.00691215049537 
1723.5187945 -0.00600123368234 
1726.5187945 -0.00407277726833 
1729.5187945 -0.00530298239555 
1732.5187945 -0.00419523731748 
1735.5187945 -0.00300010259546 
1738.5187945 -0.00168756365058 
1741.5187945 -0.00204775587935 
1744.5187945 -0.0018682657374 
1747.5187945 -0.00213688367823 
1750.5187945 -0.00272642594803 
1753.5187945 -0.00257062434299 
1756.5187945 -0.00240422276243 
1759.5187945 -0.00325901744428 
1762.5187945 -0.00293146619193 
1765.5187945 -0.00233976834415 
1768.5187945 -8.69275830477e-05 
1771.5187945 -0.000112737155024 
1774.5187945 0.000113211187206 
1777.5187945 0.000213455326003 
1780.5187945 0.000680184168901 
1783.5187945 5.43536014734e-05 
1786.5187945 -0.00224369501555 
1789.5187945 -0.00464380137513 
1792.5187945 -0.00757492924169 
1795.5187945 -0.00959804763352 
1798.5187945 -0.0114407736824 
1801.5187945 -0.0115442458568 
1804.5187945 -0.0121125509531 
1807.5187945 -0.0107835335462 
1810.5187945 -0.00764666751507 
1813.5187945 -0.00696717456463 
1816.5187945 -0.00497181259046 
1819.5187945 -0.00219672207105 
1822.5187945 0.000370750273659 
1825.5187945 0.00195875237683 
1828.5187945 0.00108420587403 
1831.5187945 -0.00162483575521 
1834.5187945 -0.0029219334812 
1837.5187945 -0.00144868876427 
1840.5187945 -0.000675032406206 
1843.5187945 -0.00051842054845 
1846.5187945 0.00148990485989 
1849.5187945 0.00258894132758 
1852.5187945 0.00210680750504 
1855.5187945 -0.00081337436133 
1858.5187945 -0.00352705001796 
1861.5187945 -0.00588446379186 
1864.5187945 -0.00791362684178 
1867.5187945 -0.00942114533726 
1870.5187945 -0.011203730561 
1873.5187945 -0.0121126661654 
1876.5187945 -0.0122914118586 
1879.5187945 -0.0118227973143 
1882.5187945 -0.010718635339 
1885.5187945 -0.00899566716753 
1888.5187945 -0.00782612397958 
1891.5187945 -0.0107720708078 
1894.5187945 -0.0137642922166 
1897.5187945 -0.0157703405756 
1900.5187945 -0.0158926411 
1903.5187945 -0.0130198664953 
1906.5187945 -0.00840640406601 
1909.5187945 -0.00263782480234 
1912.5187945 0.000190037136432 
1915.5187945 -0.000204719920449 
1918.5187945 -0.0031858930782 
1921.5187945 -0.00472695674518 
1924.5187945 -0.00380571513679 
1927.5187945 -0.00224945939754 
1930.5187945 0.000218919435914 
1933.5187945 0.00230847712423 
1936.5187945 0.00357994952793 
1939.5187945 0.003196251551 
1942.5187945 0.00282706412123 
1945.5187945 0.00172222560599 
1948.5187945 -0.000194758057714 
1951.5187945 -0.00254021228162 
1954.5187945 -0.00290365128187 
1957.5187945 -0.00183973119353 
1960.5187945 -0.00179241493851 
1963.5187945 -0.00125462326824 
1966.5187945 0.000391166864093 
1969.5187945 0.00177417538989 
1972.5187945 0.000997047651728 
1975.5187945 -0.00212715466345 
1978.5187945 -0.00732841212354 
1981.5187945 -0.00920365817591 
1984.5187945 -0.00868571503846 
1987.5187945 -0.00644461938984 
1990.5187945 -0.00440071536816 
1993.5187945 -0.00322747696697 
1996.5187945 -0.00339096567018 
1999.5187945 -0.00465335513427 
2002.5187945 -0.00643511260188 
2005.5187945 -0.00613600726855 
2008.5187945 -0.00371318835324 
2011.5187945 -0.00175676581301 
2014.5187945 -0.000206202738866 
2017.5187945 0.00164028162691 
2020.5187945 0.00238239711992 
2023.5187945 0.00128908803335 
2026.5187945 -0.00143158350299 
2029.5187945 -0.0032149066394 
2032.5187945 -0.00225078168035 
2035.5187945 -0.000183885089948 
2038.5187945 0.000930330308607 
2041.5187945 2.40608097634e-05 
2044.5187945 -0.0022734308693 
2047.5187945 -0.00534267436527 
2050.5187945 -0.00823645173072 
2053.5187945 -0.00984875759346 
2056.5187945 -0.0088605169257 
2059.5187945 -0.00510739044721 
2062.5187945 -0.0020989739543 
2065.5187945 -0.000117454642093 
2068.5187945 0.000747538447761 
2071.5187945 0.00126020342132 
2074.5187945 0.00204010888392 
2077.5187945 0.00173607279613 
2080.5187945 0.0017449306286 
2083.5187945 0.00238086856277 
2086.5187945 0.00332046393506 
2089.5187945 0.00459759946685 
2092.5187945 0.00695735714656 
2095.5187945 0.00659629550798 
2098.5187945 0.00350904100474 
2101.5187945 -5.25739763474e-05 
2104.5187945 -0.00159292626617 
2107.5187945 -8.18510614676e-05 
2110.5187945 0.0020990342192 
2113.5187945 0.00401332904642 
2116.5187945 0.00537123505347 
2119.5187945 0.00483236980389 
2122.5187945 0.00400961256321 
2125.5187945 0.00673174530181 
2128.5187945 0.00789944509283 
2131.5187945 0.0064308559502 
2134.5187945 0.00435853038133 
2137.5187945 0.00285886271843 
2140.5187945 0.00186017761177 
2143.5187945 0.00160526694458 
2146.5187945 0.00104955388892 
2149.5187945 0.000704307410719 
2152.5187945 -8.12617795454e-07 
2155.5187945 -0.000776366672235 
2158.5187945 -0.00279424523042 
2161.5187945 -0.00469465121382 
2164.5187945 -0.00415240980047 
2167.5187945 -0.00101273269974 
2170.5187945 0.00348786919208 
2173.5187945 0.00531797639128 
2176.5187945 0.00457996445051 
2179.5187945 0.00213078296492 
2182.5187945 0.00167986680368 
2185.5187945 0.00253015557644 
2188.5187945 0.0012803809739 
2191.5187945 -0.00269020630005 
2194.5187945 -0.00562829188224 
2197.5187945 -0.00571095405498 
2200.5187945 -0.00136271955515 
2203.5187945 0.00719995926184 
2206.5187945 0.0165144117975 
2209.5187945 0.0220221149444 
2212.5187945 0.0213346874109 
2215.5187945 0.0216127709291 
2218.5187945 0.0222392759663 
2221.5187945 0.0223309690115 
2224.5187945 0.0269874251294 
2227.5187945 0.0324700332629 
2230.5187945 0.0339655741095 
2233.5187945 0.0322707017889 
2236.5187945 0.0296430759346 
2239.5187945 0.0258854335768 
2242.5187945 0.024239717917 
2245.5187945 0.0238261075013 
2248.5187945 0.0260726695309 
2251.5187945 0.0288771888189 
2254.5187945 0.0293581842552 
2257.5187945 0.0297286006901 
2260.5187945 0.0288969149386 
2263.5187945 0.0276252741477 
2266.5187945 0.024631188072 
2269.5187945 0.0239507087269 
2272.5187945 0.0227154431206 
2275.5187945 0.0200584842125 
2278.5187945 0.0164587908399 
2281.5187945 0.0152977999502 
2284.5187945 0.0152933137602 
2287.5187945 0.0155931741772 
2290.5187945 0.0158212147861 
2293.5187945 0.0178501194945 
2296.5187945 0.0213878056027 
2299.5187945 0.0235117516033 
2302.5187945 0.0227523606893 
2305.5187945 0.0217379269463 
2308.5187945 0.0205525234547 
2311.5187945 0.0167262092433 
2314.5187945 0.0119807462995 
2317.5187945 0.00747103521296 
2320.5187945 0.00642283894601 
2323.5187945 0.00813546814216 
2326.5187945 0.0112577234801 
2329.5187945 0.0131906067055 
2332.5187945 0.0131007366735 
2335.5187945 0.0109680451724 
2338.5187945 0.0108380218783 
2341.5187945 0.0116372257349 
2344.5187945 0.0137628183853 
2347.5187945 0.0159030970601 
2350.5187945 0.019555938757 
2353.5187945 0.0217316611692 
2356.5187945 0.0223879902418 
2359.5187945 0.0229685911502 
2362.5187945 0.0234895156277 
2365.5187945 0.0232612463668 
2368.5187945 0.021602564891 
2371.5187945 0.0202098643236 
2374.5187945 0.0177344782416 
2377.5187945 0.0163570495088 
2380.5187945 0.0176993881173 
2383.5187945 0.0207121492221 
2386.5187945 0.0234476492472 
2389.5187945 0.0237321562948 
2392.5187945 0.0230450726257 
2395.5187945 0.0212528246343 
2398.5187945 0.0200691581898 
2401.5187945 0.0179290133385 
2404.5187945 0.0148480288221 
2407.5187945 0.0126882633147 
2410.5187945 0.0113695237319 
2413.5187945 0.0113855621716 
2416.5187945 0.0133702102873 
2419.5187945 0.0158249281674 
2422.5187945 0.0160378103814 
2425.5187945 0.0139355012523 
2428.5187945 0.0112485703053 
2431.5187945 0.00974849541119 
2434.5187945 0.00817893420123 
2437.5187945 0.00796539970831 
2440.5187945 0.00948014821929 
2443.5187945 0.0118632979858 
2446.5187945 0.0129845007477 
2449.5187945 0.0124193958949 
2452.5187945 0.0108659085745 
2455.5187945 0.00880746520254 
2458.5187945 0.00357647942182 
2461.5187945 0.001778304311 
2464.5187945 -1.5030402886e-05 
2467.5187945 -0.000420259772229 
2470.5187945 0.00342321536788 
2473.5187945 0.00691788851147 
2476.5187945 0.00935398365129 
2479.5187945 0.00937391449444 
2482.5187945 0.00843947442985 
2485.5187945 0.00774480447336 
2488.5187945 0.0101004938292 
2491.5187945 0.0145051224277 
2494.5187945 0.0165255803015 
2497.5187945 0.0158737657788 
2500.5187945 0.0132432241669 
2503.5187945 0.0107886888539 
2506.5187945 0.00959986887424 
2509.5187945 0.0108077236998 
2512.5187945 0.0117600544635 
2515.5187945 0.0128416826836 
2518.5187945 0.0120519138288 
2521.5187945 0.0109114794738 
2524.5187945 0.0102208836018 
2527.5187945 0.00904683118132 
2530.5187945 0.00762747757568 
2533.5187945 0.00604707665997 
2536.5187945 0.00562240453327 
2539.5187945 0.0050941188755 
2542.5187945 0.00198700398586 
2545.5187945 -0.00315045133487 
2548.5187945 -0.00727689139471 
2551.5187945 -0.00869161124992 
2554.5187945 -0.00967061100427 
2557.5187945 -0.00985654683177 
2560.5187945 -0.00914890662807 
2563.5187945 -0.00849427117636 
2566.5187945 -0.00860008127441 
2569.5187945 -0.0116809399436 
2572.5187945 -0.0138199069705 
2575.5187945 -0.0126673097407 
2578.5187945 -0.00748119871108 
2581.5187945 -0.0013341059136 
2584.5187945 0.00198973695476 
2587.5187945 0.00181215136089 
2590.5187945 0.000939996399744 
2593.5187945 0.000783772220329 
2596.5187945 0.00271476025865 
2599.5187945 0.0047410210662 
2602.5187945 0.00671110191484 
2605.5187945 0.00687607840777 
2608.5187945 0.00578209721247 
2611.5187945 0.00569393808324 
2614.5187945 0.00452450257448 
2617.5187945 0.00449627733135 
2620.5187945 0.0054504381982 
2623.5187945 0.00729123621339 
2626.5187945 0.00642959481854 
2629.5187945 0.00524909006566 
2632.5187945 0.00379885823193 
2635.5187945 0.00114921364374 
2638.5187945 -0.000996056050406 
2641.5187945 -0.0041763451576 
2644.5187945 -0.00508939605709 
2647.5187945 -0.00452480212648 
2650.5187945 -0.00348000750295 
2653.5187945 -0.00325000053019 
2656.5187945 -0.00406205986487 
2659.5187945 -0.00410242715597 
2662.5187945 -0.00138286797232 
2665.5187945 5.73226932912e-05 
2668.5187945 0.000909603503493 
2671.5187945 0.0021037769782 
2674.5187945 0.00370760277189 
2677.5187945 0.00654041886764 
2680.5187945 0.010334286191 
2683.5187945 0.0116230581659 
2686.5187945 0.0103392819739 
2689.5187945 0.00778109900934 
2692.5187945 0.00737241436297 
2695.5187945 0.0101504853362 
2698.5187945 0.0123698439671 
2701.5187945 0.0111826165761 
2704.5187945 0.00839067581338 
2707.5187945 0.00370013524179 
2710.5187945 0.000500110487682 
2713.5187945 -0.000281133431767 
2716.5187945 0.00105262917131 
2719.5187945 0.0022550788779 
2722.5187945 0.00295846220836 
2725.5187945 0.00379415313849 
2728.5187945 0.00515336281712 
2731.5187945 0.00869427088175 
2734.5187945 0.0126136234636 
2737.5187945 0.0137982825064 
2740.5187945 0.0117793046677 
2743.5187945 0.00927025886656 
2746.5187945 0.00505659378343 
2749.5187945 0.00490364013804 
2752.5187945 0.00657525242292 
2755.5187945 0.00952438442833 
2758.5187945 0.0106936050218 
2761.5187945 0.00926533132475 
2764.5187945 0.0074192765264 
2767.5187945 0.00432902273658 
2770.5187945 0.00158039969712 
2773.5187945 0.000831564446203 
2776.5187945 0.00204722457336 
2779.5187945 0.00138578306529 
2782.5187945 0.000271089632585 
2785.5187945 -0.00124686371925 
2788.5187945 -0.00242355428002 
2791.5187945 -0.00290989844775 
2794.5187945 -0.00114013225507 
2797.5187945 0.0025198985791 
2800.5187945 0.00573362695108 
2803.5187945 0.00434480061913 
2806.5187945 0.00168492262997 
2809.5187945 -0.000169346667508 
2812.5187945 0.000538375098753 
2815.5187945 0.0020214194534 
2818.5187945 0.00409042690777 
2821.5187945 0.00482255371519 
2824.5187945 0.00445506810415 
2827.5187945 0.00535422129734 
2830.5187945 0.0075025351444 
2833.5187945 0.00913217957335 
2836.5187945 0.00993395798198 
2839.5187945 0.00890506420798 
2842.5187945 0.0055425779127 
2845.5187945 0.00432286330931 
2848.5187945 0.00342372119422 
2851.5187945 0.00504560430168 
2854.5187945 0.00650862514481 
2857.5187945 0.00775565924534 
2860.5187945 0.00743421867659 
2863.5187945 0.00800031967282 
2866.5187945 0.00903451144053 
2869.5187945 0.0107111819889 
2872.5187945 0.0120132600993 
2875.5187945 0.0119957416246 
2878.5187945 0.012052834641 
2881.5187945 0.0104463275024 
2884.5187945 0.00768854630303 
2887.5187945 0.00547916106988 
2890.5187945 0.00417034747069 
2893.5187945 0.00443468394488 
2896.5187945 0.00434968517789 
2899.5187945 0.00427128320183 
2902.5187945 0.00492970382101 
2905.5187945 0.00487827348954 
2908.5187945 0.00404060068613 
2911.5187945 0.0031046331722 
2914.5187945 0.00375096757707 
2917.5187945 0.0050869801436 
2920.5187945 0.0066953461885 
2923.5187945 0.00786791857393 
2926.5187945 0.00810627511563 
2929.5187945 0.00609655369969 
2932.5187945 0.00520895364231 
2935.5187945 0.00568637085018 
2938.5187945 0.00560889987819 
2941.5187945 0.0057663153418 
2944.5187945 0.00726707574914 
2947.5187945 0.00787059327199 
2950.5187945 0.00778772283084 
2953.5187945 0.00843996009404 
2956.5187945 0.0100760183036 
2959.5187945 0.0123245566673 
2962.5187945 0.0144865156399 
2965.5187945 0.0169826612075 
2968.5187945 0.017421696321 
2971.5187945 0.0163224503663 
2974.5187945 0.0150601169574 
2977.5187945 0.0138283050616 
2980.5187945 0.0144224239188 
2983.5187945 0.0154410478449 
2986.5187945 0.0163102945815 
2989.5187945 0.015413544008 
2992.5187945 0.0127831761008 
2995.5187945 0.00936503162544 
2998.5187945 0.00647506911678 
3001.5187945 0.00387145926825 
3004.5187945 0.0012891117405 
3007.5187945 -0.000667180188854 
3010.5187945 -0.00248825551852 
3013.5187945 -0.00463831017925 
3016.5187945 -0.0068955395392 
3019.5187945 -0.00722888730005 
3022.5187945 -0.00457556732844 
3025.5187945 -0.00233308137744 
3028.5187945 0.00093487388325 
3031.5187945 0.00279511375397 
3034.5187945 0.000130444926831 
3037.5187945 -0.000171764865855 
3040.5187945 0.00119636128998 
3043.5187945 0.00382373567124 
3046.5187945 0.00719058408178 
3049.5187945 0.00966445512199 
3052.5187945 0.0099345756972 
3055.5187945 0.0119989170531 
3058.5187945 0.012571952944 
3061.5187945 0.0127507846033 
3064.5187945 0.011599219853 
3067.5187945 0.0085783469155 
3070.5187945 0.00544897278626 
3073.5187945 0.00500481161129 
3076.5187945 0.00501696163549 
3079.5187945 0.00424327287397 
3082.5187945 0.00197282268003 
3085.5187945 -0.00156967985649 
3088.5187945 -0.00288410507058 
3091.5187945 -0.00475797987491 
3094.5187945 -0.00648341137418 
3097.5187945 -0.00820322893214 
3100.5187945 -0.00779794304887 
3103.5187945 -0.00656975413705 
3106.5187945 -0.00584937278138 
3109.5187945 -0.00467662669125 
3112.5187945 -0.0021933013733 
3115.5187945 0.001463532984 
3118.5187945 0.00434613309379 
3121.5187945 0.00697462614225 
3124.5187945 0.00930336113535 
3127.5187945 0.010628601351 
3130.5187945 0.0106908895563 
3133.5187945 0.00988072369163 
3136.5187945 0.0098997727175 
3139.5187945 0.0103682365996 
3142.5187945 0.0112546180652 
3145.5187945 0.0112018836191 
3148.5187945 0.0101484469646 
3151.5187945 0.00772369935091 
3154.5187945 0.00433580120845 
3157.5187945 0.000766217021745 
3160.5187945 -0.00179163570449 
3163.5187945 -0.00246995227079 
3166.5187945 -0.00186829941484 
3169.5187945 -0.00182221681777 
3172.5187945 -0.000496334127312 
3175.5187945 0.00204507497755 
3178.5187945 0.00415378791693 
3181.5187945 0.00343656891758 
3184.5187945 0.0015499914023 
3187.5187945 0.00107198949197 
3190.5187945 0.000791949358547 
3193.5187945 -0.000214649033532 
3196.5187945 -0.000505583903203 
3199.5187945 -0.00102492182966 
3202.5187945 -0.00335880548358 
3205.5187945 -0.00737936964142 
3208.5187945 -0.00926006966723 
3211.5187945 -0.0108925580677 
3214.5187945 -0.0128676701492 
3217.5187945 -0.0144547666726 
3220.5187945 -0.0135897216403 
3223.5187945 -0.0097437034654 
3226.5187945 -0.00547762076993 
3229.5187945 -0.00281317638523 
3232.5187945 -0.00176696398561 
3235.5187945 -0.00219354464852 
3238.5187945 -0.00460587392624 
3241.5187945 -0.00789277961764 
3244.5187945 -0.00734375840305 
3247.5187945 -0.00313694025449 
3250.5187945 0.000706321964405 
3253.5187945 0.00219813164934 
3256.5187945 0.00102168979206 
3259.5187945 -0.000240861606256 
3262.5187945 -0.00151047225105 
3265.5187945 -0.00113320035142 
3268.5187945 -0.000245096904887 
3271.5187945 -0.00107918782408 
3274.5187945 -0.00332769084868 
3277.5187945 -0.00574996051146 
3280.5187945 -0.007261134339 
3283.5187945 -0.00679795427062 
3286.5187945 -0.007298249098 
3289.5187945 -0.00942240115143 
3292.5187945 -0.0119987557558 
3295.5187945 -0.0148940712056 
3298.5187945 -0.0156783621583 
3301.5187945 -0.014387349747 
3304.5187945 -0.0135821867553 
3307.5187945 -0.0124296595391 
3310.5187945 -0.0106541439198 
3313.5187945 -0.00864173229649 
3316.5187945 -0.00937163772197 
3319.5187945 -0.0117141290647 
3322.5187945 -0.0134008284014 
3325.5187945 -0.0124256147008 
3328.5187945 -0.00977427726713 
3331.5187945 -0.00647208378861 
3334.5187945 -0.00518791941974 
3337.5187945 -0.00564870174273 
3340.5187945 -0.00629605799215 
3343.5187945 -0.00461601659752 
3346.5187945 -0.00148091796747 
3349.5187945 0.00080566471921 
3352.5187945 0.00142636826274 
3355.5187945 0.000307001281508 
3358.5187945 -0.0027229974956 
3361.5187945 -0.00443948829815 
3364.5187945 -0.00414704578125 
3367.5187945 -0.00381787136473 
3370.5187945 -0.00378680791069 
3373.5187945 -0.00498843639723 
3376.5187945 -0.00633213495412 
3379.5187945 -0.00701185389794 
3382.5187945 -0.00637129428847 
3385.5187945 -0.00611538958278 
3388.5187945 -0.00549774791714 
3391.5187945 -0.00522306360513 
3394.5187945 -0.0047289313069 
3397.5187945 -0.00375155826172 
3400.5187945 -0.00336774773123 
3403.5187945 -0.00359210686368 
3406.5187945 -0.00417954362854 
3409.5187945 -0.00447273280982 
3412.5187945 -0.00311426181934 
3415.5187945 -0.000877900953479 
3418.5187945 0.000859569013451 
3421.5187945 0.00126449452591 
3424.5187945 0.00189441738054 
3427.5187945 0.00198193198553 
3430.5187945 0.000276444263108 
3433.5187945 -0.00235490657682 
3436.5187945 -0.00595134852518 
3439.5187945 -0.00951897210857 
3442.5187945 -0.0128358157184 
3445.5187945 -0.0149190705041 
3448.5187945 -0.0148042640972 
3451.5187945 -0.0141242136965 
3454.5187945 -0.0125522516393 
3457.5187945 -0.00946103006604 
3460.5187945 -0.00731421708086 
3463.5187945 -0.00561274486743 
3466.5187945 -0.00486469261709 
3469.5187945 -0.00485804220813 
3472.5187945 -0.00388788898659 
3475.5187945 -0.00169283849104 
3478.5187945 0.000453464568889 
3481.5187945 0.00269860993016 
3484.5187945 0.00467219278986 
3487.5187945 0.00653458070546 
3490.5187945 0.00718973195382 
3493.5187945 0.00738071363731 
3496.5187945 0.00648343131477 
3499.5187945 0.00495864692545 
3502.5187945 0.00476645506959 
3505.5187945 0.00595946345983 
3508.5187945 0.00728134966793 
3511.5187945 0.00819716167471 
3514.5187945 0.00949029487869 
3517.5187945 0.0100729013675 
3520.5187945 0.00912629754187 
3523.5187945 0.00783799705111 
3526.5187945 0.00770945379206 
3529.5187945 0.00786785210529 
3532.5187945 0.00879323825492 
3535.5187945 0.00871982763057 
3538.5187945 0.00769507795468 
3541.5187945 0.0071758922968 
3544.5187945 0.00835431303626 
3547.5187945 0.0109007842265 
3550.5187945 0.0132948330774 
3553.5187945 0.0134661333967 
3556.5187945 0.0130329900635 
3559.5187945 0.0116032895063 
3562.5187945 0.00903041874482 
3565.5187945 0.00645357404497 
3568.5187945 0.00258867301584 
3571.5187945 -0.000786630704176 
3574.5187945 -0.00542171178152 
3577.5187945 -0.00740871288707 
3580.5187945 -0.0102042877118 
3583.5187945 -0.0130777881541 
3586.5187945 -0.0142935616103 
3589.5187945 -0.0124590980564 
3592.5187945 -0.010386959486 
3595.5187945 -0.00963678112545 
3598.5187945 -0.0102509088157 
3601.5187945 -0.0101391812362 
3604.5187945 -0.0102377453663 
3607.5187945 -0.0101548261815 
3610.5187945 -0.00854731580952 
3613.5187945 -0.00697012134099 
3616.5187945 -0.00529701040984 
3619.5187945 -0.00323643782584 
3622.5187945 -0.00160947452025 
3625.5187945 0.00140939881904 
3628.5187945 0.00488768234704 
3631.5187945 0.00697866699242 
3634.5187945 0.00891308652966 
3637.5187945 0.0101077770196 
3640.5187945 0.0116643121487 
3643.5187945 0.0105237980313 
3646.5187945 0.0104718753888 
3649.5187945 0.0104628303363 
3652.5187945 0.0097796275495 
3655.5187945 0.00746788725819 
3658.5187945 0.00614077572875 
3661.5187945 0.00567656672583 
3664.5187945 0.00631997783994 
3667.5187945 0.00492097294363 
3670.5187945 0.00232692970484 
3673.5187945 -0.00228957809593 
3676.5187945 -0.00544139890633 
3679.5187945 -0.00517499924557 
3682.5187945 -0.00325344227635 
3685.5187945 -0.00295590538135 
3688.5187945 -0.00315154828898 
3691.5187945 -0.00404433445118 
3694.5187945 -0.00561360319913 
3697.5187945 -0.0098503581583 
3700.5187945 -0.0142745108119 
3703.5187945 -0.0174019453862 
3706.5187945 -0.0159749009159 
3709.5187945 -0.0140969296493 
3712.5187945 -0.0126062046772 
3715.5187945 -0.013384373425 
3718.5187945 -0.0159377015202 
3721.5187945 -0.0181523001103 
3724.5187945 -0.0160083585703 
3727.5187945 -0.00879266396587 
3730.5187945 -0.000133445265834 
3733.5187945 0.012085085225 
3736.5187945 0.0242045249879 
3739.5187945 0.031386587347 
3742.5187945 0.0309573240098 
3745.5187945 0.0263205142493 
3748.5187945 0.0212063391265 
3751.5187945 0.0198285328519 
3754.5187945 0.0199391012183 
3757.5187945 0.0206736665385 
3760.5187945 0.0224419592322 
3763.5187945 0.0242943764087 
3766.5187945 0.0252909221115 
3769.5187945 0.0263878071001 
3772.5187945 0.0262024925328 
3775.5187945 0.0241380102634 
3778.5187945 0.0232461890043 
3781.5187945 0.0221772917442 
3784.5187945 0.0224424324889 
3787.5187945 0.0210642557624 
3790.5187945 0.0198355785277 
3793.5187945 0.0204124784622 
3796.5187945 0.0199643061264 
3799.5187945 0.0186250587527 
3802.5187945 0.0171258718797 
3805.5187945 0.0171105326901 
3808.5187945 0.0168870154938 
3811.5187945 0.0177499805008 
3814.5187945 0.0184684462303 
3817.5187945 0.0187148782686 
3820.5187945 0.0189528484059 
3823.5187945 0.0196893049805 
3826.5187945 0.0203947020892 
3829.5187945 0.0191766084344 
3832.5187945 0.0154613393912 
3835.5187945 0.0118096657698 
3838.5187945 0.00957672006268 
3841.5187945 0.0101298109305 
3844.5187945 0.00836521477941 
3847.5187945 0.00964020293102 
3850.5187945 0.0104144066029 
3853.5187945 0.0110768392692 
3856.5187945 0.0067004961787 
3859.5187945 0.00370499099748 
3862.5187945 0.00350821191924 
3865.5187945 0.00520672029602 
3868.5187945 0.00596068205155 
3871.5187945 0.00556406545139 
3874.5187945 0.00570594409205 
3877.5187945 0.00767338170446 
3880.5187945 0.00840503126704 
3883.5187945 0.00912405178809 
3886.5187945 0.00673309948956 
3889.5187945 0.00581507629271 
3892.5187945 0.00697978765368 
3895.5187945 0.00826637857103 
3898.5187945 0.00727151895613 
3901.5187945 0.00411186703217 
3904.5187945 0.00119063335496 
3907.5187945 -0.000545360232701 
3910.5187945 -0.00198897145759 
3913.5187945 -0.0026738064926 
3916.5187945 -0.00216267904946 
3919.5187945 -0.00272070321972 
3922.5187945 -0.00402448824476 
3925.5187945 -0.00489416348253 
3928.5187945 -0.00191567848273 
3931.5187945 0.00165029457356 
3934.5187945 0.00531460864687 
3937.5187945 0.0044937909611 
3940.5187945 0.00454727561667 
3943.5187945 0.00336311597486 
3946.5187945 0.00170624510487 
3949.5187945 0.000506167940983 
3952.5187945 0.00134230758982 
3955.5187945 0.000623687431543 
3958.5187945 0.00112706352349 
3961.5187945 0.00122384828809 
3964.5187945 0.0020153408963 
3967.5187945 0.0021768187016 
3970.5187945 0.00156670172909 
3973.5187945 0.0010527216735 
3976.5187945 0.00126133937037 
3979.5187945 0.00180850489132 
3982.5187945 0.00390503346437 
3985.5187945 0.00704609322358 
3988.5187945 0.0114510444166 
3991.5187945 0.0166105289954 
3994.5187945 0.0210330155018 
3997.5187945 0.0246592874678 
4000.5187945 0.0271392395023 
4003.5187945 0.0271216953264 
4006.5187945 0.0253851143776 
4009.5187945 0.0219927499856 
4012.5187945 0.018109090177 
4015.5187945 0.0147261802844 
4018.5187945 0.0100817080191 
4021.5187945 0.00517801514931 
4024.5187945 0.00270016684726 
4027.5187945 0.000545846949314 
4030.5187945 -0.000296820224585 
4033.5187945 -0.00157916759011 
4036.5187945 -0.0013174852087 
4039.5187945 0.000839709790256 
4042.5187945 0.00443573946687 
4045.5187945 0.0107419684903 
4048.5187945 0.0172345915316 
4051.5187945 0.0209879692616 
4054.5187945 0.0212400342955 
4057.5187945 0.0194290722802 
4060.5187945 0.0183295480434 
4063.5187945 0.017325297296 
4066.5187945 0.0151268302016 
4069.5187945 0.0111632086195 
4072.5187945 0.00684605319388 
4075.5187945 0.00485563072589 
4078.5187945 0.0049948129554 
4081.5187945 0.00423864133916 
4084.5187945 0.00285432468284 
4087.5187945 -0.00028407671852 
4090.5187945 -0.00329955467353 
4093.5187945 -0.00350413894256 
4096.5187945 -0.00376784086281 
4099.5187945 -0.00454535777485 
4102.5187945 -0.00448343647642 
4105.5187945 -0.00530305684043 
4108.5187945 -0.00377505669832 
4111.5187945 -0.000506938257126 
4114.5187945 0.00486852209698 
4117.5187945 0.0107687083809 
4120.5187945 0.015080552076 
4123.5187945 0.016857393523 
4126.5187945 0.0164237822505 
4129.5187945 0.0136767397245 
4132.5187945 0.00956482926618 
4135.5187945 0.00487026889283 
4138.5187945 -0.00039078879601 
4141.5187945 -0.0076693226862 
4144.5187945 -0.0140677118078 
4147.5187945 -0.0149492100441 
4150.5187945 -0.0140722582628 
4153.5187945 -0.013962234053 
4156.5187945 -0.0126567048908 
4159.5187945 -0.0105031865493 
4162.5187945 -0.0099157872284 
4165.5187945 -0.00975988990852 
4168.5187945 -0.00960738337551 
4171.5187945 -0.00950229113877 
4174.5187945 -0.0108367846753 
4177.5187945 -0.00739276174293 
4180.5187945 -0.00473819171777 
4183.5187945 -0.00311142050655 
4186.5187945 -0.00193097468921 
4189.5187945 -0.00303772295924 
4192.5187945 -0.00155103307667 
4195.5187945 0.000230508907919 
4198.5187945 0.00293635828381 
4201.5187945 0.00501356996237 
4204.5187945 0.00618373928491 
4207.5187945 0.00443413535704 
4210.5187945 0.000741988150181 
4213.5187945 -0.00446802815951 
4216.5187945 -0.00903323790139 
4219.5187945 -0.0139938713529 
4222.5187945 -0.0197270573954 
4225.5187945 -0.0258775353299 
4228.5187945 -0.025138524587 
4231.5187945 -0.0199904114631 
4234.5187945 -0.0127725996109 
4237.5187945 -0.00614770973724 
4240.5187945 -0.00203917544266 
4243.5187945 -0.00177912309386 
4246.5187945 -0.00177670618334 
4249.5187945 0.00015367771044 
4252.5187945 -0.00051125750011 
4255.5187945 -0.00196499112335 
4258.5187945 -0.00152463605347 
4261.5187945 -0.000511429764668 
4264.5187945 -9.27694840893e-05 
4267.5187945 -0.00312741928655 
4270.5187945 -0.00684518201157 
4273.5187945 -0.0109527405465 
4276.5187945 -0.0102913261798 
4279.5187945 -0.00677280032177 
4282.5187945 -0.00519154240372 
4285.5187945 -0.00783590904958 
4288.5187945 -0.00831265137919 
4291.5187945 -0.00510705278652 
4294.5187945 0.00142642564733 
4297.5187945 0.00414285205322 
4300.5187945 0.00186300961894 
4303.5187945 -0.00302423602914 
4306.5187945 -0.00885155163559 
4309.5187945 -0.0140240472291 
4312.5187945 -0.0144626108583 
4315.5187945 -0.0115094614883 
4318.5187945 -0.0072422235679 
4321.5187945 -0.00396594266698 
4324.5187945 -0.00398275258594 
4327.5187945 -0.00565614490099 
4330.5187945 -0.00811851863905 
4333.5187945 -0.00828207491871 
4336.5187945 -0.00795713721328 
4339.5187945 -0.00761152067093 
4342.5187945 -0.00738409600482 
4345.5187945 -0.00912867889166 
4348.5187945 -0.0118284001775 
4351.5187945 -0.0156301927783 
4354.5187945 -0.0172069476675 
4357.5187945 -0.018028413201 
4360.5187945 -0.016361750171 
4363.5187945 -0.0150846465442 
4366.5187945 -0.013619072419 
4369.5187945 -0.0127495013155 
4372.5187945 -0.0138502911151 
4375.5187945 -0.0124665983777 
4378.5187945 -0.0108688854833 
4381.5187945 -0.00936329812332 
4384.5187945 -0.0071982913421 
4387.5187945 -0.0054487671766 
4390.5187945 -0.00533881874104 
4393.5187945 -0.00528202660597 
4396.5187945 -0.00572861344316 
4399.5187945 -0.00617619598056 
4402.5187945 -0.00250666777482 
4405.5187945 -0.000624392608419 
4408.5187945 -0.00148755696598 
4411.5187945 -0.00554023954596 
4414.5187945 -0.00745881561825 
4417.5187945 -0.00785156019859 
4420.5187945 -0.00849422509143 
4423.5187945 -0.00701911404588 
4426.5187945 -0.0054942498942 
4429.5187945 -0.00426980050804 
4432.5187945 -0.000180464184477 
4435.5187945 0.00253588805349 
4438.5187945 0.00454806792285 
4441.5187945 0.00646348762101 
4444.5187945 0.00927183107145 
4447.5187945 0.014764078044 
4450.5187945 0.0143905473317 
4453.5187945 0.00749495151575 
4456.5187945 -0.00237182306717 
4459.5187945 -0.0104414327518 
4462.5187945 -0.0142507744176 
4465.5187945 -0.0141329077945 
4468.5187945 -0.0175265076169 
4471.5187945 -0.0221008014062 
4474.5187945 -0.025115927022 
4477.5187945 -0.0242449361483 
4480.5187945 -0.0194189956344 
4483.5187945 -0.0104114358979 
4486.5187945 -0.00329143353514 
4489.5187945 0.00136762505153 
4492.5187945 0.00729095970385 
4495.5187945 0.0113320398504 
4498.5187945 0.0115211023627 
4501.5187945 0.0110911193917 
4504.5187945 0.0114988805671 
4507.5187945 0.0112975780764 
4510.5187945 0.0103278396192 
4513.5187945 0.014310459711 
4516.5187945 0.0150121071021 
4519.5187945 0.014918834762 
4522.5187945 0.0128927119877 
4525.5187945 0.0116839008999 
4528.5187945 0.00690609475918 
4531.5187945 0.00212381417118 
4534.5187945 0.00173986062234 
4537.5187945 0.00475714990317 
4540.5187945 0.00737979016635 
4543.5187945 0.00602657595901 
4546.5187945 0.00179369113639 
4549.5187945 0.0016274798777 
4552.5187945 0.000596600463865 
4555.5187945 0.000765842581742 
4558.5187945 -0.00193715715894 
4561.5187945 -0.000321387532307 
4564.5187945 -0.00257012804382 
4567.5187945 -0.00325705617629 
4570.5187945 -0.00436390592178 
4573.5187945 -0.0014693253936 
4576.5187945 -0.0020732357461 
4579.5187945 -0.00423768552012 
4582.5187945 -0.00758948144253 
4585.5187945 -0.0104439895788 
4588.5187945 -0.0128257674326 
4591.5187945 -0.0162512101646 
4594.5187945 -0.0166977748455 
4597.5187945 -0.0172918431866 
4600.5187945 -0.0181827480647 
4603.5187945 -0.019293681865 
4606.5187945 -0.0182309458047 
4609.5187945 -0.0116935760751 
4612.5187945 -0.00395276415136 
4615.5187945 0.00397331669786 
4618.5187945 0.00554607106127 
4621.5187945 0.0035003327267 
4624.5187945 -0.00102474912198 
4627.5187945 -0.0039639415178 
4630.5187945 -0.00657273680647 
4633.5187945 -0.0109329763181 
4636.5187945 -0.0166226493303 
4639.5187945 -0.0204810953683 
4642.5187945 -0.016670707043 
4645.5187945 -0.00596716806141 
4648.5187945 0.00333977794924 
4651.5187945 0.00846515348096 
4654.5187945 0.00633941371329 
4657.5187945 6.16550292125e-05 
4660.5187945 -0.00294553715982 
4663.5187945 -0.00198002721588 
4666.5187945 0.00586316103599 
4669.5187945 0.011210202834 
4672.5187945 0.00831028598187 
4675.5187945 0.000624673936936 
4678.5187945 -0.0089565703137 
4681.5187945 -0.0144625488209 
4684.5187945 -0.0161202314946 
4687.5187945 -0.0153960211021 
4690.5187945 -0.0127289837758 
4693.5187945 -0.0113792928495 
4696.5187945 -0.0107582151983 
4699.5187945 -0.00951583213004 
4702.5187945 -0.00570979395566 
4705.5187945 -0.00144546747243 
4708.5187945 0.00307360406029 
4711.5187945 0.00402687136706 
4714.5187945 0.00319783239682 
4717.5187945 0.000529793775815 
4720.5187945 -5.15014909994e-05 
4723.5187945 0.00116445268719 
4726.5187945 0.00407508417325 
4729.5187945 0.00456817823133 
4732.5187945 0.00335003982095 
4735.5187945 0.00497577367826 
4738.5187945 0.00483387110889 
4741.5187945 0.00788468285109 
4744.5187945 0.0133909112804 
4747.5187945 0.0167534064382 
4750.5187945 0.0157146168131 
4753.5187945 0.0114886497141 
4756.5187945 0.00788324181098 
4759.5187945 0.00997346782762 
4762.5187945 0.0139301624912 
4765.5187945 0.0164672084284 
4768.5187945 0.0173889972953 
4771.5187945 0.018392122507 
4774.5187945 0.0196345614089 
4777.5187945 0.0200074876997 
4780.5187945 0.0121294198076 
4783.5187945 0.00339207436709 
4786.5187945 -0.00593430330723 
4789.5187945 -0.0122895977079 
4792.5187945 -0.018981697568 
4795.5187945 -0.0256480962209 
4798.5187945 -0.0273855439208 
4801.5187945 -0.0261796308657 
4804.5187945 -0.0213649811581 
4807.5187945 -0.0169048414967 
4810.5187945 -0.0101692330376 
4813.5187945 -0.00366596748072 
4816.5187945 0.00239316769829 
4819.5187945 0.00735797338632 
4822.5187945 0.0132435352401 
4825.5187945 0.0197743919293 
4828.5187945 0.0201513010209 
4831.5187945 0.0195687095983 
4834.5187945 0.0159455696346 
4837.5187945 0.00869042456314 
4840.5187945 0.000329747736237 
4843.5187945 -0.0061504757189 
4846.5187945 -0.0125530581254 
4849.5187945 -0.0167137361815 
4852.5187945 -0.0185408101951 
4855.5187945 -0.0193573499593 
4858.5187945 -0.0178659390308 
4861.5187945 -0.0161043853709 
4864.5187945 -0.0131825533651 
4867.5187945 -0.0097084148215 
4870.5187945 -0.00654395987363 
4873.5187945 -0.00162893476544 
4876.5187945 0.00213377205964 
4879.5187945 0.00485052770686 
4882.5187945 0.00594755936959 
4885.5187945 0.0059437188116 
4888.5187945 0.00534256757232 
4891.5187945 0.00339475637669 
4894.5187945 0.000542974673224 
4897.5187945 0.00195406722399 
4900.5187945 0.00222626560887 
4903.5187945 -0.00247438750155 
4906.5187945 -0.0126867788484 
4909.5187945 -0.0225439611203 
4912.5187945 -0.0229985942079 
4915.5187945 -0.0148805311006 
4918.5187945 -0.00277216545614 
4921.5187945 0.0019195742097 
4924.5187945 0.00152762304335 
4927.5187945 0.000524329942856 
4930.5187945 0.00221906218083 
4933.5187945 0.00344044160208 
4936.5187945 0.00626484875023 
4939.5187945 0.00258134684238 
4942.5187945 -0.00555109476106 
4945.5187945 -0.00561977060264 
4948.5187945 0.00393448350297 
4951.5187945 0.0176825121729 
4954.5187945 0.0229552974223 
4957.5187945 0.0137555963461 
4960.5187945 0.0053743165396 
4963.5187945 0.00969773286799 
4966.5187945 0.0188406404798 
4969.5187945 0.0186648832166 
4972.5187945 0.00957339131321 
4975.5187945 0.000776032334978 
4978.5187945 -0.00482034695635 
4981.5187945 -0.0085232125083 
4984.5187945 -0.0132780298053 
4987.5187945 -0.0174009456979 
4990.5187945 -0.0203619888835 
4993.5187945 -0.0231456192938 
4996.5187945 -0.0224476276778 
4999.5187945 -0.020613114494 
5002.5187945 -0.0157343411603 
5005.5187945 -0.011500349081 
5008.5187945 -0.0125268987276 
5011.5187945 -0.0169466511573 
5014.5187945 -0.021507167327 
5017.5187945 -0.0241582645873 
5020.5187945 -0.020454142778 
5023.5187945 -0.0167696336487 
5026.5187945 -0.0175412849249 
5029.5187945 -0.0219502791837 
5032.5187945 -0.0247983699944 
5035.5187945 -0.0262940721382 
5038.5187945 -0.0271253271729 
5041.5187945 -0.0275911553519 
5044.5187945 -0.0302659402628 
5047.5187945 -0.0249032645977 
5050.5187945 -0.013741325086 
5053.5187945 -0.0057227593285 
5056.5187945 -0.00224900763236 
5059.5187945 -0.00346560241937 
5062.5187945 -0.0019613807684 
5065.5187945 -0.000822935044282 
5068.5187945 -0.00432576887511 
5071.5187945 -0.0168523312714 
5074.5187945 -0.0319329453848 
5077.5187945 -0.0411048661146 
5080.5187945 -0.038375947371 
5083.5187945 -0.0319662399695 
5086.5187945 -0.0241924596005 
5089.5187945 -0.0168099136443 
5092.5187945 -0.0171667314818 
5095.5187945 -0.0189306531978 
5098.5187945 -0.0155784642242 
5101.5187945 -0.0117376580769 
5104.5187945 -0.00791163101009 
5107.5187945 0.000240036675047 
5110.5187945 0.00469335197348 
5113.5187945 0.0073428114465 
5116.5187945 0.00484677444434 
5119.5187945 -0.000433122118683 
5122.5187945 -0.00559272008194 
5125.5187945 -0.0104234738116 
5128.5187945 -0.0161379582376 
5131.5187945 -0.0204068153341 
5134.5187945 -0.0216327487434 
5137.5187945 -0.0210065166708 
5140.5187945 -0.0212649839641 
5143.5187945 -0.0197389632581 
5146.5187945 -0.0205713225584 
5149.5187945 -0.0184553120271 
5152.5187945 -0.0198661753719 
5155.5187945 -0.0169323772385 
5158.5187945 -0.0112501770739 
5161.5187945 -0.00933611599471 
5164.5187945 -0.0109733777298 
5167.5187945 -0.0157424184294 
5170.5187945 -0.0171633956424 
5173.5187945 -0.0136670672081 
5176.5187945 -0.00867664251228 
5179.5187945 -0.0122652391671 
5182.5187945 -0.0208179797039 
5185.5187945 -0.0207471259065 
5188.5187945 -0.0195053428285 
5191.5187945 -0.0186082501632 
5194.5187945 -0.0159482425601 
5197.5187945 -0.00729426363837 
5200.5187945 0.000992536979062 
5203.5187945 0.00787306767788 
5206.5187945 0.00458641855542 
5209.5187945 -0.0028789070014 
5212.5187945 -0.0141732409651 
5215.5187945 -0.024464036282 
5218.5187945 -0.0348877369733 
5221.5187945 -0.0451458864394 
5224.5187945 -0.0509097455434 
5227.5187945 -0.0476097424281 
5230.5187945 -0.0415940859373 
5233.5187945 -0.0322766361091 
5236.5187945 -0.0243766539496 
5239.5187945 -0.00909679610085 
5242.5187945 -0.00266275076377 
5245.5187945 0.00476587324743 
5248.5187945 0.00722912880277 
5251.5187945 0.0101791350924 
5254.5187945 0.0102618548713 
5257.5187945 0.0110748283713 
5260.5187945 0.0140524045232 
5263.5187945 0.0183225183201 
5266.5187945 0.0165003115834 
5269.5187945 0.0137727656388 
5272.5187945 0.00757877644655 
5275.5187945 -0.00367995004531 
5278.5187945 -0.021313841073 
5281.5187945 -0.034142348786 
5284.5187945 -0.0450060080617 
5287.5187945 -0.0468869074934 
5290.5187945 -0.0494391189154 
5293.5187945 -0.0434511027436 
5296.5187945 -0.0305099351177 
5299.5187945 -0.0114274914757 
5302.5187945 0.000262206542023 
5305.5187945 0.00847633705114 
5308.5187945 0.0111974240165 
5311.5187945 0.0131520150133 
5314.5187945 0.0210905170788 
5317.5187945 0.0219275167765 
5320.5187945 0.0193782282021 
5323.5187945 0.0120831939706 
5326.5187945 0.000104981047171 
5329.5187945 -0.0148828406643 
5332.5187945 -0.0280469441075 
5335.5187945 -0.0330056322435 
5338.5187945 -0.0256028160111 
5341.5187945 -0.0116847127036 
5344.5187945 -0.00210120574966 
5347.5187945 0.000973264064658 
5350.5187945 0.00399038717389 
5353.5187945 0.00175337358599 
5356.5187945 -0.0105330052673 
5359.5187945 -0.0282442035325 
5362.5187945 -0.0437427813143 
5365.5187945 -0.0414180379846 
5368.5187945 -0.0279908357132 
5371.5187945 -0.0127893550255 
5374.5187945 -0.00498897036197 
5377.5187945 0.00327271419372 
5380.5187945 0.0139700853287 
5383.5187945 0.0145357715606 
5386.5187945 0.00537803966967 
5389.5187945 -0.00595010556162 
5392.5187945 -0.0213464000714 
5395.5187945 -0.0320638407474 
5398.5187945 -0.0348998714881 
5401.5187945 -0.0297800846396 
5404.5187945 -0.0244982844701 
5407.5187945 -0.0215746888298 
5410.5187945 -0.0163594530148 
5413.5187945 -0.0106347722995 
5416.5187945 -0.00796012121207 
5419.5187945 -0.0112966572642 
5422.5187945 -0.0196172458852 
5425.5187945 -0.0270519298423 
5428.5187945 -0.028508263054 
5431.5187945 -0.0270836628571 
5434.5187945 -0.024619413374 
5437.5187945 -0.0257782418173 
5440.5187945 -0.0217885618697 
5443.5187945 -0.0111567957252 
5446.5187945 0.00628002176816 
5449.5187945 0.021116571013 
5452.5187945 0.0282418656089 
5455.5187945 0.0254132793558 
5458.5187945 0.0206774082798 
5461.5187945 0.0123471409386 
5464.5187945 -0.00355220795493 
5467.5187945 -0.0240437754574 
5470.5187945 -0.0397646456401 
5473.5187945 -0.0508558651779 
5476.5187945 -0.0526932639869 
5479.5187945 -0.0480080296068 
5482.5187945 -0.0319798562919 
5485.5187945 -0.0118755893666 
5488.5187945 0.0113153517907 
5491.5187945 0.0238779459502 
5494.5187945 0.0270566482294 
5497.5187945 0.0233247691163 
5500.5187945 0.0196701921448 
5503.5187945 0.0172303712162 
5506.5187945 0.0120852376597 
5509.5187945 0.00346714604274 
5512.5187945 -0.0104356437764 
5515.5187945 -0.0222149945291 
5518.5187945 -0.0319082048708 
5521.5187945 -0.0360514592809 
5524.5187945 -0.0363152883778 
5527.5187945 -0.0337542180155 
5530.5187945 -0.0269823380628 
5533.5187945 -0.0156230053027 
5536.5187945 -0.00513764652884 
5539.5187945 0.00355769006677 
5542.5187945 0.00706711592492 
5545.5187945 0.00908012133479 
5548.5187945 0.0109891476361 
5551.5187945 0.0128385577713 
5554.5187945 0.0187503087123 
5557.5187945 0.0214447665681 
5560.5187945 0.0217401851075 
5563.5187945 0.0210656329926 
5566.5187945 0.00985847442232 
5569.5187945 -0.00268691388677 
5572.5187945 -0.0147595156366 
5575.5187945 -0.0203171801579 
5578.5187945 -0.0174763158178 
5581.5187945 -0.00768210238998 
5584.5187945 -0.00102357583971 
5587.5187945 -0.00588425773908 
5590.5187945 -0.0163669010475 
5593.5187945 -0.0285676913353 
5596.5187945 -0.0397694774671 
5599.5187945 -0.0436269450867 
5602.5187945 -0.0372814871584 
5605.5187945 -0.0260069754724 
5608.5187945 -0.01580379823 
5611.5187945 -0.0145191659219 
5614.5187945 -0.0141694176889 
5617.5187945 -0.0163603516708 
5620.5187945 -0.0117666561288 
5623.5187945 -0.00380951404111 
5626.5187945 0.000137396660288 
5629.5187945 -0.00236198460069 
5632.5187945 -0.00445297301263 
5635.5187945 -0.0133413859401 
5638.5187945 -0.018528229011 
5641.5187945 -0.0241433561145 
5644.5187945 -0.0294374237361 
5647.5187945 -0.0298558198939 
5650.5187945 -0.0332366949599 
5653.5187945 -0.0238520497682 
5656.5187945 -0.0217256435417 
5659.5187945 -0.0189013662289 
5662.5187945 -0.0229554941695 
5665.5187945 -0.0213639690622 
5668.5187945 -0.0239922383329 
5671.5187945 -0.0288029247372 
5674.5187945 -0.0360794647344 
5677.5187945 -0.0454300708925 
5680.5187945 -0.0546316844931 
5683.5187945 -0.0536940158251 
5686.5187945 -0.0504814535346 
5689.5187945 -0.0322705174492 
5692.5187945 -0.0127463710857 
5695.5187945 -0.00127333374717 
5698.5187945 -0.00449219748625 
5701.5187945 -0.00846064247595 
5704.5187945 -0.0315875636983 
5707.5187945 -0.0445553046001 
5710.5187945 -0.0641848622499 
5713.5187945 -0.0728193406021 
5716.5187945 -0.0646962914606 
5719.5187945 -0.0551713708519 
5722.5187945 -0.0423020744366 
5725.5187945 -0.0341140987279 
5728.5187945 -0.0432071007988 
5731.5187945 -0.0565627314115 
5734.5187945 -0.0478742486189 
5737.5187945 -0.0527504872818 
5740.5187945 -0.044128391594 
5743.5187945 -0.0311413269293 
5746.5187945 -0.02717226644 
5749.5187945 -0.0204837753838 
5752.5187945 -0.0172199489335 
5755.5187945 -0.0258793787268 
5758.5187945 -0.0387832175648 
5761.5187945 -0.0451138645076 
5764.5187945 -0.0302872385875 
5767.5187945 -0.0182601299687 
5770.5187945 0.0111388802112 
5773.5187945 0.00888564029898 
5776.5187945 -0.0139365248694 
5779.5187945 -0.0106970303724 
5782.5187945 5.81556561268e-05 
5785.5187945 -0.0120873806087 
5788.5187945 -0.0266632070578 
5791.5187945 -0.03270362356 
5794.5187945 -0.0289476810268 
5797.5187945 -0.04514551776 
5800.5187945 -0.0470131305538 
5803.5187945 -0.0632402914783 
5806.5187945 -0.0739498463149 
5809.5187945 -0.117049586967 
5812.5187945 -0.129963823273 
5815.5187945 -0.140557683681 
5818.5187945 -0.118928816707 
5821.5187945 -0.117397450149 
5824.5187945 -0.10305193665 
5827.5187945 -0.085252896976 
5830.5187945 -0.0926927903019 
5833.5187945 -0.100302531386 
5836.5187945 -0.125779638361 
5839.5187945 -0.146009388329 
5842.5187945 -0.16023905142 
5845.5187945 -0.122431178721 
5848.5187945 -0.136012930328 
5851.5187945 -0.136231103446 
5854.5187945 -0.144228993025 
5857.5187945 -0.132266382029 
5860.5187945 -0.143504339508 
5863.5187945 -0.139336915328 
5866.5187945 -0.152064153195 
5869.5187945 -0.178406139473 
5872.5187945 -0.176465411176 
5875.5187945 -0.206735548712 
5878.5187945 -0.276278804274 
5881.5187945 -0.314182023135 
5884.5187945 -0.326622995637 
5887.5187945 -0.393476848504 
5890.5187945 -0.459318307773 
5893.5187945 -0.502345177527 
5896.5187945 -0.57716945336 
5899.5187945 -0.704770864195 
5902.5187945 -0.828499383142 
5905.5187945 -0.92414542296 
5908.5187945 -0.890670185346 
5911.5187945 -0.648222422655 
5914.5187945 nan 
5917.5187945 nan 
5920.5187945 nan 
5923.5187945 nan 
5926.5187945 nan 
5929.5187945 nan 
5932.5187945 nan 
5935.5187945 nan 
5938.5187945 nan 
5941.5187945 nan 
5944.5187945 nan 
5947.5187945 nan 
5950.5187945 nan 
5953.5187945 nan 
5956.5187945 nan 
5959.5187945 nan 
5962.5187945 nan 
5965.5187945 nan 
5968.5187945 nan 
5971.5187945 nan 
5974.5187945 nan 
5977.5187945 nan 
5980.5187945 nan 
5983.5187945 nan 
5986.5187945 nan 
5989.5187945 nan 
5992.5187945 nan 
5995.5187945 nan 
5998.5187945 nan 
