1.49619792281 nan 
4.49619792281 nan 
7.49619792281 nan 
10.4961979228 nan 
13.4961979228 nan 
16.4961979228 nan 
19.4961979228 nan 
22.4961979228 nan 
25.4961979228 nan 
28.4961979228 nan 
31.4961979228 nan 
34.4961979228 nan 
37.4961979228 nan 
40.4961979228 nan 
43.4961979228 nan 
46.4961979228 nan 
49.4961979228 nan 
52.4961979228 nan 
55.4961979228 nan 
58.4961979228 nan 
61.4961979228 nan 
64.4961979228 nan 
67.4961979228 nan 
70.4961979228 nan 
73.4961979228 nan 
76.4961979228 nan 
79.4961979228 nan 
82.4961979228 nan 
85.4961979228 nan 
88.4961979228 nan 
91.4961979228 nan 
94.4961979228 nan 
97.4961979228 nan 
100.496197923 nan 
103.496197923 nan 
106.496197923 nan 
109.496197923 nan 
112.496197923 nan 
115.496197923 nan 
118.496197923 nan 
121.496197923 nan 
124.496197923 nan 
127.496197923 nan 
130.496197923 nan 
133.496197923 nan 
136.496197923 nan 
139.496197923 nan 
142.496197923 nan 
145.496197923 nan 
148.496197923 nan 
151.496197923 nan 
154.496197923 nan 
157.496197923 nan 
160.496197923 nan 
163.496197923 nan 
166.496197923 nan 
169.496197923 nan 
172.496197923 nan 
175.496197923 nan 
178.496197923 nan 
181.496197923 nan 
184.496197923 nan 
187.496197923 nan 
190.496197923 nan 
193.496197923 nan 
196.496197923 nan 
199.496197923 nan 
202.496197923 nan 
205.496197923 nan 
208.496197923 nan 
211.496197923 nan 
214.496197923 nan 
217.496197923 nan 
220.496197923 nan 
223.496197923 nan 
226.496197923 nan 
229.496197923 nan 
232.496197923 nan 
235.496197923 nan 
238.496197923 nan 
241.496197923 nan 
244.496197923 nan 
247.496197923 nan 
250.496197923 nan 
253.496197923 nan 
256.496197923 nan 
259.496197923 nan 
262.496197923 nan 
265.496197923 nan 
268.496197923 nan 
271.496197923 nan 
274.496197923 nan 
277.496197923 nan 
280.496197923 nan 
283.496197923 nan 
286.496197923 nan 
289.496197923 nan 
292.496197923 nan 
295.496197923 nan 
298.496197923 nan 
301.496197923 nan 
304.496197923 nan 
307.496197923 nan 
310.496197923 nan 
313.496197923 nan 
316.496197923 nan 
319.496197923 -0.761160046288 
322.496197923 -0.888596920836 
325.496197923 -0.925260710928 
328.496197923 -0.865029497342 
331.496197923 -0.814594885687 
334.496197923 -0.7802651868 
337.496197923 -0.717982561236 
340.496197923 -0.634735958404 
343.496197923 -0.547477592607 
346.496197923 -0.484210669143 
349.496197923 -0.459977329951 
352.496197923 -0.429220541892 
355.496197923 -0.396922305485 
358.496197923 -0.352055517599 
361.496197923 -0.305613087485 
364.496197923 -0.283628594043 
367.496197923 -0.286570169529 
370.496197923 -0.240601153504 
373.496197923 -0.221967126632 
376.496197923 -0.213392817896 
379.496197923 -0.208187379325 
382.496197923 -0.217605640142 
385.496197923 -0.237752571386 
388.496197923 -0.23937661507 
391.496197923 -0.237424582508 
394.496197923 -0.234286714272 
397.496197923 -0.232205212415 
400.496197923 -0.227259062101 
403.496197923 -0.221147596123 
406.496197923 -0.20507177944 
409.496197923 -0.197669669313 
412.496197923 -0.189768821749 
415.496197923 -0.178356825822 
418.496197923 -0.174252952861 
421.496197923 -0.17264924515 
424.496197923 -0.165833307941 
427.496197923 -0.150384897433 
430.496197923 -0.136329261827 
433.496197923 -0.12683078894 
436.496197923 -0.127903230859 
439.496197923 -0.120250288928 
442.496197923 -0.124354842822 
445.496197923 -0.12224035252 
448.496197923 -0.11749553754 
451.496197923 -0.0961353952753 
454.496197923 -0.0665403019733 
457.496197923 -0.044512353041 
460.496197923 -0.0244472970929 
463.496197923 -0.0219840149491 
466.496197923 -0.0315405810859 
469.496197923 -0.0633695189072 
472.496197923 -0.0948159310957 
475.496197923 -0.0972462915077 
478.496197923 -0.085480155194 
481.496197923 -0.0602670729919 
484.496197923 -0.0417040563927 
487.496197923 -0.035487959073 
490.496197923 -0.0335864765862 
493.496197923 -0.0403582060581 
496.496197923 -0.0462139954856 
499.496197923 -0.0435175650923 
502.496197923 -0.035244734855 
505.496197923 -0.027349452078 
508.496197923 -0.0168171595165 
511.496197923 -0.00730833460676 
514.496197923 -0.00652107940315 
517.496197923 -0.0159029149034 
520.496197923 -0.0285293111834 
523.496197923 -0.02975979858 
526.496197923 -0.0252566688174 
529.496197923 -0.0228606472141 
532.496197923 -0.0107508203046 
535.496197923 -0.00871070928437 
538.496197923 -0.0109742986148 
541.496197923 -0.0236983811796 
544.496197923 -0.033058709778 
547.496197923 -0.0396475972286 
550.496197923 -0.0349778459137 
553.496197923 -0.0258027126963 
556.496197923 -0.00311336902429 
559.496197923 0.0231690822721 
562.496197923 0.0345095963333 
565.496197923 0.02172455876 
568.496197923 -0.00391558232523 
571.496197923 -0.029604511342 
574.496197923 -0.0461650787289 
577.496197923 -0.0531074992481 
580.496197923 -0.048499491996 
583.496197923 -0.0344578132166 
586.496197923 -0.0261128822932 
589.496197923 -0.0152419980821 
592.496197923 -0.0101716718081 
595.496197923 -0.0223619373827 
598.496197923 -0.0364101402367 
601.496197923 -0.0395753539147 
604.496197923 -0.0442278518588 
607.496197923 -0.0303998112172 
610.496197923 -0.0197016148437 
613.496197923 -0.00893473280116 
616.496197923 -0.00362962553373 
619.496197923 -0.00228639814279 
622.496197923 -0.00278501264932 
625.496197923 -0.00190880927442 
628.496197923 -0.0105478988104 
631.496197923 -0.0133794012423 
634.496197923 -0.0146684212742 
637.496197923 -0.00770469284205 
640.496197923 -0.00998570462628 
643.496197923 -0.0145845204327 
646.496197923 -0.0168203640426 
649.496197923 -0.0171515747002 
652.496197923 -0.0156373544717 
655.496197923 -0.0122816417264 
658.496197923 -0.0192375980901 
661.496197923 -0.0288575945191 
664.496197923 -0.035294845545 
667.496197923 -0.0344817631956 
670.496197923 -0.0285733463864 
673.496197923 -0.0272944414307 
676.496197923 -0.0294341078508 
679.496197923 -0.037237917857 
682.496197923 -0.0401956839066 
685.496197923 -0.0415921165234 
688.496197923 -0.0306472452577 
691.496197923 -0.0218313111158 
694.496197923 -0.0156488061089 
697.496197923 -0.0182983004325 
700.496197923 -0.0191352579963 
703.496197923 -0.0164047947541 
706.496197923 -0.00721160185839 
709.496197923 0.00251757332553 
712.496197923 0.0114458654434 
715.496197923 0.0142392149214 
718.496197923 0.00719427314793 
721.496197923 -0.00147666035932 
724.496197923 -0.0101080689822 
727.496197923 -0.015770131812 
730.496197923 -0.0170321135114 
733.496197923 -0.0146735478257 
736.496197923 -0.0113295788748 
739.496197923 -0.0104443647833 
742.496197923 -0.00762410119711 
745.496197923 -0.0103347851751 
748.496197923 -0.0127161460142 
751.496197923 -0.0150474007642 
754.496197923 -0.0164533790959 
757.496197923 -0.0106574899209 
760.496197923 -0.00490621048619 
763.496197923 -0.00381881133188 
766.496197923 -0.00487655769302 
769.496197923 0.000166319600378 
772.496197923 0.00775939982998 
775.496197923 0.0194748089333 
778.496197923 0.0333552975215 
781.496197923 0.0400526051538 
784.496197923 0.0376620724228 
787.496197923 0.0378944937302 
790.496197923 0.029364332919 
793.496197923 0.021030009368 
796.496197923 0.0174612945592 
799.496197923 0.0183646741497 
802.496197923 0.0246978896504 
805.496197923 0.0199975745644 
808.496197923 0.0165484233144 
811.496197923 0.00990551555999 
814.496197923 0.00499979506952 
817.496197923 -0.00164179912823 
820.496197923 -0.00859778367245 
823.496197923 -0.00929098097526 
826.496197923 -0.00568263057299 
829.496197923 4.08984683325e-05 
832.496197923 -0.00271762299611 
835.496197923 -0.00826466191648 
838.496197923 -0.0165051817664 
841.496197923 -0.0230143816487 
844.496197923 -0.0355784541527 
847.496197923 -0.0381006209007 
850.496197923 -0.0413670497528 
853.496197923 -0.0410527071406 
856.496197923 -0.0371694886882 
859.496197923 -0.0332211997232 
862.496197923 -0.028061082307 
865.496197923 -0.0280841535143 
868.496197923 -0.0294735858635 
871.496197923 -0.0251922838387 
874.496197923 -0.0107854708241 
877.496197923 0.00195657307464 
880.496197923 0.010340691579 
883.496197923 0.00874691950865 
886.496197923 0.00187141503758 
889.496197923 -0.00540449128377 
892.496197923 -0.00581045101987 
895.496197923 -0.00155770001679 
898.496197923 0.00559182033167 
901.496197923 0.00692831243801 
904.496197923 0.00453392271598 
907.496197923 -0.00121562649319 
910.496197923 -0.00207410159832 
913.496197923 -0.0013078857301 
916.496197923 0.000764705910732 
919.496197923 0.00197995642422 
922.496197923 -0.00595934645912 
925.496197923 -0.00782673571019 
928.496197923 -0.0127997846044 
931.496197923 -0.0146482934919 
934.496197923 -0.0169678930149 
937.496197923 -0.0156842238284 
940.496197923 -0.0178855802506 
943.496197923 -0.0184728665869 
946.496197923 -0.019393821611 
949.496197923 -0.0191842966768 
952.496197923 -0.00885980716317 
955.496197923 -0.00350498890886 
958.496197923 0.00615344860525 
961.496197923 0.00513482224937 
964.496197923 0.00481403521569 
967.496197923 0.0036286211 
970.496197923 0.00335526099448 
973.496197923 0.00268245056208 
976.496197923 -0.00408774422247 
979.496197923 -0.00827626710875 
982.496197923 -0.00502420398822 
985.496197923 -0.00395229979861 
988.496197923 -0.00664816830711 
991.496197923 -0.0101219936026 
994.496197923 -0.00942992121959 
997.496197923 -0.00762205379711 
1000.49619792 -0.00413283101843 
1003.49619792 -0.00236172865989 
1006.49619792 -0.00597927640277 
1009.49619792 -0.00854476348906 
1012.49619792 -0.0054912998933 
1015.49619792 0.000607784131534 
1018.49619792 0.00132239207666 
1021.49619792 -0.00356846175935 
1024.49619792 -0.00690485878094 
1027.49619792 -0.0101412288106 
1030.49619792 -0.00720567647576 
1033.49619792 -0.0124152161724 
1036.49619792 -0.0188653876725 
1039.49619792 -0.0218851462334 
1042.49619792 -0.019660043422 
1045.49619792 -0.0113796562083 
1048.49619792 -0.00302444198839 
1051.49619792 -0.000648013528527 
1054.49619792 -0.000550873384932 
1057.49619792 -0.0025879699537 
1060.49619792 -0.0075514317249 
1063.49619792 -0.0118533187463 
1066.49619792 -0.00892855149353 
1069.49619792 -0.00375806020062 
1072.49619792 -0.00334366529156 
1075.49619792 -0.00574257280872 
1078.49619792 -0.0102482871262 
1081.49619792 -0.0121983896117 
1084.49619792 -0.0102791913639 
1087.49619792 -0.00034729238069 
1090.49619792 0.00282378442404 
1093.49619792 0.00599663559418 
1096.49619792 0.00143356043277 
1099.49619792 -0.00199064517495 
1102.49619792 -0.00765786719387 
1105.49619792 -0.00955550793008 
1108.49619792 -0.0147087481527 
1111.49619792 -0.0147788497482 
1114.49619792 -0.0135971916914 
1117.49619792 -0.015729654254 
1120.49619792 -0.0194709556805 
1123.49619792 -0.0234421617227 
1126.49619792 -0.0264887366227 
1129.49619792 -0.0246936867293 
1132.49619792 -0.0202564073317 
1135.49619792 -0.0152558847451 
1138.49619792 -0.00632246895124 
1141.49619792 -0.000228420322648 
1144.49619792 0.000454018964346 
1147.49619792 0.00163266375598 
1150.49619792 -0.0023104014635 
1153.49619792 -0.00298310348722 
1156.49619792 -0.00295792880642 
1159.49619792 -0.00714820147205 
1162.49619792 -0.0136275541732 
1165.49619792 -0.0218903659532 
1168.49619792 -0.0291896735964 
1171.49619792 -0.0318566214298 
1174.49619792 -0.0332650071817 
1177.49619792 -0.0363599881386 
1180.49619792 -0.0398031306147 
1183.49619792 -0.0427070155377 
1186.49619792 -0.0462251618671 
1189.49619792 -0.0461402246732 
1192.49619792 -0.0439967717134 
1195.49619792 -0.0383336495267 
1198.49619792 -0.035691079556 
1201.49619792 -0.0283991126469 
1204.49619792 -0.0222180879792 
1207.49619792 -0.0125802745694 
1210.49619792 -0.00504152062132 
1213.49619792 -0.00178495552125 
1216.49619792 -0.00177414542181 
1219.49619792 -0.00293706890608 
1222.49619792 0.000838345022378 
1225.49619792 0.00677796599029 
1228.49619792 0.0174291860363 
1231.49619792 0.0296352890549 
1234.49619792 0.0340602426444 
1237.49619792 0.0355467723631 
1240.49619792 0.0294135280301 
1243.49619792 0.0283444355648 
1246.49619792 0.0283147045564 
1249.49619792 0.0281361068643 
1252.49619792 0.0267207162438 
1255.49619792 0.0243295715933 
1258.49619792 0.0209266202692 
1261.49619792 0.0210007798575 
1264.49619792 0.0174350751868 
1267.49619792 0.0121951275744 
1270.49619792 0.0103634407234 
1273.49619792 0.0107421913187 
1276.49619792 0.012865208236 
1279.49619792 0.011169532007 
1282.49619792 0.00819649327358 
1285.49619792 0.00311060877253 
1288.49619792 -0.00313186147461 
1291.49619792 -0.00994184540764 
1294.49619792 -0.0143991778229 
1297.49619792 -0.0206210906788 
1300.49619792 -0.0198770494178 
1303.49619792 -0.0195725550296 
1306.49619792 -0.0222524658955 
1309.49619792 -0.0277278806104 
1312.49619792 -0.0301719609028 
1315.49619792 -0.034440212478 
1318.49619792 -0.0381263353244 
1321.49619792 -0.0376368640979 
1324.49619792 -0.0382234556985 
1327.49619792 -0.0372397789206 
1330.49619792 -0.0342897377802 
1333.49619792 -0.027686090646 
1336.49619792 -0.0200163531331 
1339.49619792 -0.0154954420467 
1342.49619792 -0.0144632142835 
1345.49619792 -0.00898867143898 
1348.49619792 -0.00796764916501 
1351.49619792 -0.00591024681667 
1354.49619792 -0.00491401878668 
1357.49619792 -0.000156619611571 
1360.49619792 0.00334238106567 
1363.49619792 0.00637039478936 
1366.49619792 0.00542405660619 
1369.49619792 0.00474105978371 
1372.49619792 0.000622400612111 
1375.49619792 0.000891401294068 
1378.49619792 0.00269857412459 
1381.49619792 0.0066441281428 
1384.49619792 0.00877193344555 
1387.49619792 0.0103081666747 
1390.49619792 0.00734947756974 
1393.49619792 -0.000213136334319 
1396.49619792 -0.00685264260462 
1399.49619792 -0.00872475927928 
1402.49619792 -0.00590897811881 
1405.49619792 -0.00409446038458 
1408.49619792 -0.00372361154549 
1411.49619792 -0.00588326196972 
1414.49619792 -0.00991990487118 
1417.49619792 -0.0161179241091 
1420.49619792 -0.019777320334 
1423.49619792 -0.020313782841 
1426.49619792 -0.0190975145224 
1429.49619792 -0.020714182966 
1432.49619792 -0.0229703602483 
1435.49619792 -0.0228974682077 
1438.49619792 -0.0216145397659 
1441.49619792 -0.0204184187834 
1444.49619792 -0.0193858137466 
1447.49619792 -0.0163606146228 
1450.49619792 -0.0135082977244 
1453.49619792 -0.0140413670685 
1456.49619792 -0.0216182480904 
1459.49619792 -0.0270717257195 
1462.49619792 -0.0285380989003 
1465.49619792 -0.027814290092 
1468.49619792 -0.0260888448971 
1471.49619792 -0.0194593614153 
1474.49619792 -0.0154332194904 
1477.49619792 -0.0117732585052 
1480.49619792 -0.0100277648935 
1483.49619792 -0.00127442296133 
1486.49619792 0.00919486244688 
1489.49619792 0.018797072376 
1492.49619792 0.0268391985913 
1495.49619792 0.0390564507382 
1498.49619792 0.0522791764213 
1501.49619792 0.0619566472789 
1504.49619792 0.0622727290308 
1507.49619792 0.0578408855952 
1510.49619792 0.0466854495921 
1513.49619792 0.0354748833184 
1516.49619792 0.0238848234042 
1519.49619792 0.0172118131188 
1522.49619792 0.0130201112989 
1525.49619792 0.00819161862123 
1528.49619792 0.00186592199567 
1531.49619792 -0.00384196190473 
1534.49619792 -0.00690948440963 
1537.49619792 -0.00617796334462 
1540.49619792 -0.0042231199204 
1543.49619792 -0.00199562967376 
1546.49619792 -0.00230864449525 
1549.49619792 -0.00332826809596 
1552.49619792 -0.00634027673029 
1555.49619792 -0.00869799815104 
1558.49619792 -0.013149007781 
1561.49619792 -0.0172292309717 
1564.49619792 -0.0191934559162 
1567.49619792 -0.0180088314298 
1570.49619792 -0.0143967197927 
1573.49619792 -0.0103929566398 
1576.49619792 -0.00378013675114 
1579.49619792 -0.00185130824688 
1582.49619792 -0.00570276295619 
1585.49619792 -0.00934081906198 
1588.49619792 -0.0123203893464 
1591.49619792 -0.0146775644104 
1594.49619792 -0.0192067525139 
1597.49619792 -0.0199483771528 
1600.49619792 -0.0187722332732 
1603.49619792 -0.0170856863778 
1606.49619792 -0.0111476156252 
1609.49619792 -0.00540519292085 
1612.49619792 -0.00502751606029 
1615.49619792 -0.0118657158683 
1618.49619792 -0.0182565587775 
1621.49619792 -0.0194009944124 
1624.49619792 -0.0174392125451 
1627.49619792 -0.0154384173559 
1630.49619792 -0.00870485809124 
1633.49619792 0.00184070518789 
1636.49619792 0.00778958805276 
1639.49619792 0.010419108149 
1642.49619792 0.0114868663536 
1645.49619792 0.00803368816685 
1648.49619792 0.00390968224755 
1651.49619792 -0.00208330612783 
1654.49619792 -0.00596091306518 
1657.49619792 -0.00884720932697 
1660.49619792 -0.0112099647062 
1663.49619792 -0.0132049363076 
1666.49619792 -0.0132112521915 
1669.49619792 -0.0143831689953 
1672.49619792 -0.0145430640335 
1675.49619792 -0.0171032813653 
1678.49619792 -0.0182395538553 
1681.49619792 -0.0236932281728 
1684.49619792 -0.0258838909558 
1687.49619792 -0.0222982885478 
1690.49619792 -0.0143884048182 
1693.49619792 -0.0040811353188 
1696.49619792 0.00724967199603 
1699.49619792 0.0126138243239 
1702.49619792 0.0156478514224 
1705.49619792 0.0126197663848 
1708.49619792 0.0106617733577 
1711.49619792 0.0103982902319 
1714.49619792 0.00873782295649 
1717.49619792 0.00494707279434 
1720.49619792 0.000596090695461 
1723.49619792 -0.00316612896934 
1726.49619792 -0.00596893933325 
1729.49619792 -0.00978669734684 
1732.49619792 -0.011424944006 
1735.49619792 -0.0139689477702 
1738.49619792 -0.0150862358013 
1741.49619792 -0.0153260058944 
1744.49619792 -0.0121451445594 
1747.49619792 -0.00978593359763 
1750.49619792 -0.00753055054541 
1753.49619792 -0.00347086317932 
1756.49619792 0.000483087946588 
1759.49619792 0.0025401220433 
1762.49619792 0.00478953887992 
1765.49619792 0.00694921317132 
1768.49619792 0.0103834350796 
1771.49619792 0.0128314169343 
1774.49619792 0.00903485468666 
1777.49619792 0.000788807791317 
1780.49619792 -0.00919631863137 
1783.49619792 -0.0149570391105 
1786.49619792 -0.0148312758406 
1789.49619792 -0.0193476078824 
1792.49619792 -0.0200502410537 
1795.49619792 -0.0237493453363 
1798.49619792 -0.0240125489575 
1801.49619792 -0.0237151238505 
1804.49619792 -0.0207896446087 
1807.49619792 -0.0161903042998 
1810.49619792 -0.0108133200649 
1813.49619792 -0.0123441702424 
1816.49619792 -0.0134105217222 
1819.49619792 -0.0140734744412 
1822.49619792 -0.017045736773 
1825.49619792 -0.0191964108435 
1828.49619792 -0.0185248061342 
1831.49619792 -0.0199956766936 
1834.49619792 -0.0204561484546 
1837.49619792 -0.0236718454954 
1840.49619792 -0.0278589487168 
1843.49619792 -0.0336419151171 
1846.49619792 -0.0374114890671 
1849.49619792 -0.0379254025688 
1852.49619792 -0.0387228487634 
1855.49619792 -0.0377537361308 
1858.49619792 -0.0380242666836 
1861.49619792 -0.0385924822941 
1864.49619792 -0.0361731341335 
1867.49619792 -0.0330852914712 
1870.49619792 -0.0335689793678 
1873.49619792 -0.0317299310787 
1876.49619792 -0.0301401525885 
1879.49619792 -0.0296824229633 
1882.49619792 -0.0310351539422 
1885.49619792 -0.0309964833872 
1888.49619792 -0.0296463956248 
1891.49619792 -0.0275507989145 
1894.49619792 -0.0242412895459 
1897.49619792 -0.0213737448225 
1900.49619792 -0.0193497449999 
1903.49619792 -0.0182792285564 
1906.49619792 -0.0169395434263 
1909.49619792 -0.0161424906085 
1912.49619792 -0.0138785953183 
1915.49619792 -0.0111192487833 
1918.49619792 -0.00911742759367 
1921.49619792 -0.00411179570883 
1924.49619792 0.00161881318128 
1927.49619792 0.00372274801428 
1930.49619792 0.00457541678505 
1933.49619792 0.00176352065233 
1936.49619792 -0.00627257795419 
1939.49619792 -0.0118083139038 
1942.49619792 -0.0162685207307 
1945.49619792 -0.0203471692636 
1948.49619792 -0.0215034924709 
1951.49619792 -0.0211115649012 
1954.49619792 -0.0216456855507 
1957.49619792 -0.0225053865079 
1960.49619792 -0.021031125086 
1963.49619792 -0.0191307387634 
1966.49619792 -0.0167837293854 
1969.49619792 -0.0161588226493 
1972.49619792 -0.0150814658194 
1975.49619792 -0.0134216846531 
1978.49619792 -0.0105975678141 
1981.49619792 -0.00800309046407 
1984.49619792 -0.00581682383991 
1987.49619792 0.00176003288344 
1990.49619792 0.00372275865386 
1993.49619792 0.00455203559214 
1996.49619792 0.00708526290093 
1999.49619792 0.00400927330434 
2002.49619792 0.000916291653696 
2005.49619792 -0.00156522176754 
2008.49619792 -0.00249334355433 
2011.49619792 -0.00282962670293 
2014.49619792 -0.00333720591711 
2017.49619792 0.000708670844585 
2020.49619792 0.00405053819114 
2023.49619792 0.00729620203646 
2026.49619792 0.00405913008221 
2029.49619792 0.00242606374758 
2032.49619792 0.00165173376287 
2035.49619792 0.00296489399218 
2038.49619792 -0.00176488683174 
2041.49619792 -0.00561084562358 
2044.49619792 -0.00659622128338 
2047.49619792 -0.0065166470122 
2050.49619792 -0.0102237148756 
2053.49619792 -0.0133815510123 
2056.49619792 -0.0200386168827 
2059.49619792 -0.026592036004 
2062.49619792 -0.0343368440832 
2065.49619792 -0.0363046577289 
2068.49619792 -0.0367284235187 
2071.49619792 -0.0327318366178 
2074.49619792 -0.0280065340501 
2077.49619792 -0.0252982954499 
2080.49619792 -0.0257801429869 
2083.49619792 -0.0254201134491 
2086.49619792 -0.0226248833536 
2089.49619792 -0.016695892475 
2092.49619792 -0.0112685445007 
2095.49619792 -0.00956496450258 
2098.49619792 -0.00938584863426 
2101.49619792 -0.0106702367112 
2104.49619792 -0.00896882086084 
2107.49619792 -0.00739705776533 
2110.49619792 -0.00422547443039 
2113.49619792 -0.00452846202414 
2116.49619792 -0.00570803903696 
2119.49619792 -0.00555697772458 
2122.49619792 -0.00927208163296 
2125.49619792 -0.0100643052322 
2128.49619792 -0.00953788936299 
2131.49619792 -0.00837033018556 
2134.49619792 -0.0063259437801 
2137.49619792 -0.00607382257396 
2140.49619792 -0.00602647472376 
2143.49619792 -0.00424603671008 
2146.49619792 0.00154695389861 
2149.49619792 0.0094123072534 
2152.49619792 0.0150912519313 
2155.49619792 0.0181071307842 
2158.49619792 0.0191333796793 
2161.49619792 0.0192247719343 
2164.49619792 0.0184689523722 
2167.49619792 0.0144643955643 
2170.49619792 0.0104602194808 
2173.49619792 0.00778360860958 
2176.49619792 0.00501989984733 
2179.49619792 0.00384008186244 
2182.49619792 0.00262519266328 
2185.49619792 -0.00017734220383 
2188.49619792 -0.00164097326688 
2191.49619792 -0.00130914752661 
2194.49619792 0.00115392448554 
2197.49619792 0.00682009239539 
2200.49619792 0.00853249404201 
2203.49619792 0.0097565108494 
2206.49619792 0.00933316374138 
2209.49619792 0.00773341970433 
2212.49619792 0.00523228021443 
2215.49619792 0.00523006258118 
2218.49619792 0.0065468685915 
2221.49619792 0.00860456424715 
2224.49619792 0.0110209310253 
2227.49619792 0.0150496736083 
2230.49619792 0.0213889093852 
2233.49619792 0.0258760510242 
2236.49619792 0.0263059636149 
2239.49619792 0.0266187626255 
2242.49619792 0.0302556098451 
2245.49619792 0.0341072109205 
2248.49619792 0.0353976871368 
2251.49619792 0.0391007988023 
2254.49619792 0.0393250006039 
2257.49619792 0.0350674369169 
2260.49619792 0.0331859890442 
2263.49619792 0.0327015650038 
2266.49619792 0.033562397782 
2269.49619792 0.033351317744 
2272.49619792 0.0355855625415 
2275.49619792 0.0392759412194 
2278.49619792 0.0412946776136 
2281.49619792 0.0417881700257 
2284.49619792 0.0416371823277 
2287.49619792 0.0396723132573 
2290.49619792 0.0372558797662 
2293.49619792 0.0361794902753 
2296.49619792 0.0337527668738 
2299.49619792 0.0311500314855 
2302.49619792 0.0233453404071 
2305.49619792 0.0147028486501 
2308.49619792 0.00461490371199 
2311.49619792 -0.000574406802896 
2314.49619792 -0.00419495666823 
2317.49619792 -0.009894039768 
2320.49619792 -0.0131596979696 
2323.49619792 -0.0166778569514 
2326.49619792 -0.0204997258681 
2329.49619792 -0.0225007971112 
2332.49619792 -0.017646739539 
2335.49619792 -0.0115725419918 
2338.49619792 -0.00831995551902 
2341.49619792 -0.00973593793013 
2344.49619792 -0.0128367102684 
2347.49619792 -0.0157502869849 
2350.49619792 -0.0101813866061 
2353.49619792 -0.00136505721826 
2356.49619792 0.00936548908168 
2359.49619792 0.016230440241 
2362.49619792 0.0181475692346 
2365.49619792 0.0163033679386 
2368.49619792 0.0128646929353 
2371.49619792 0.00838818224826 
2374.49619792 0.00634380101882 
2377.49619792 0.00621474868126 
2380.49619792 0.00777059151647 
2383.49619792 0.00896917973095 
2386.49619792 0.00725996305656 
2389.49619792 0.00457419553396 
2392.49619792 0.00195774917941 
2395.49619792 0.00226074295562 
2398.49619792 0.00682840564452 
2401.49619792 0.00963167408542 
2404.49619792 0.00839080993663 
2407.49619792 0.00869845479025 
2410.49619792 0.00872078065199 
2413.49619792 0.0120737754162 
2416.49619792 0.0140735492058 
2419.49619792 0.0179717355325 
2422.49619792 0.017228101451 
2425.49619792 0.0177722589614 
2428.49619792 0.0153999710948 
2431.49619792 0.0120523697343 
2434.49619792 0.0106026851639 
2437.49619792 0.0118703593254 
2440.49619792 0.0122823008052 
2443.49619792 0.0114683626886 
2446.49619792 0.00802438054845 
2449.49619792 0.00273650911083 
2452.49619792 0.00183879437708 
2455.49619792 0.0050080220518 
2458.49619792 0.00942480502005 
2461.49619792 0.0086590906498 
2464.49619792 0.00782077812127 
2467.49619792 0.00970208221584 
2470.49619792 0.00965656897406 
2473.49619792 0.00794224472683 
2476.49619792 0.00817069890921 
2479.49619792 0.0056257945191 
2482.49619792 0.00178374692263 
2485.49619792 -0.00406732802132 
2488.49619792 -0.00518189577098 
2491.49619792 -0.00665043770048 
2494.49619792 -0.00360756997481 
2497.49619792 -0.00189849032094 
2500.49619792 0.00260858370594 
2503.49619792 0.00369735594101 
2506.49619792 0.00292497573098 
2509.49619792 0.00197354133343 
2512.49619792 0.00388339213633 
2515.49619792 0.00780645667333 
2518.49619792 0.0115745307303 
2521.49619792 0.010551827978 
2524.49619792 0.00949672339552 
2527.49619792 0.00889172647414 
2530.49619792 0.00377752200281 
2533.49619792 0.00132057371516 
2536.49619792 -0.000290649241057 
2539.49619792 -0.00106209413868 
2542.49619792 -0.00403482698419 
2545.49619792 -0.00714678612054 
2548.49619792 -0.00721417721152 
2551.49619792 -0.00368747781115 
2554.49619792 0.000152808575615 
2557.49619792 0.00677268185794 
2560.49619792 0.01499040943 
2563.49619792 0.0190915667104 
2566.49619792 0.0179204033039 
2569.49619792 0.0156290141922 
2572.49619792 0.0155954115274 
2575.49619792 0.0132956234749 
2578.49619792 0.0127432970686 
2581.49619792 0.00777933840032 
2584.49619792 0.00129631691368 
2587.49619792 -0.00389223477639 
2590.49619792 -0.0112949916176 
2593.49619792 -0.0135425042572 
2596.49619792 -0.0115591591272 
2599.49619792 -0.0070531221717 
2602.49619792 -0.00109978010127 
2605.49619792 0.00437525928089 
2608.49619792 0.00831945574638 
2611.49619792 0.00854753668085 
2614.49619792 0.00998532045122 
2617.49619792 0.0106149132028 
2620.49619792 0.0122114872205 
2623.49619792 0.0146099070424 
2626.49619792 0.0158120264468 
2629.49619792 0.0163190731069 
2632.49619792 0.0159136326973 
2635.49619792 0.0122659779662 
2638.49619792 0.00920078552906 
2641.49619792 0.00525609446695 
2644.49619792 0.00125453198154 
2647.49619792 -0.00129757324663 
2650.49619792 -0.00337482286622 
2653.49619792 -0.00502598396097 
2656.49619792 -0.00735926425673 
2659.49619792 -0.00911297449869 
2662.49619792 -0.0105435026516 
2665.49619792 -0.00802896016815 
2668.49619792 -0.0072637806524 
2671.49619792 -0.00892216084501 
2674.49619792 -0.0120314367947 
2677.49619792 -0.0135498541932 
2680.49619792 -0.0142660933726 
2683.49619792 -0.0159200129938 
2686.49619792 -0.0171015008174 
2689.49619792 -0.018143865511 
2692.49619792 -0.0178204591281 
2695.49619792 -0.0221540986778 
2698.49619792 -0.0279219603272 
2701.49619792 -0.0314287930462 
2704.49619792 -0.0283695587731 
2707.49619792 -0.0219985514891 
2710.49619792 -0.0155983492013 
2713.49619792 -0.00972226635916 
2716.49619792 -0.00490847930444 
2719.49619792 -0.00119655835541 
2722.49619792 0.00393082309027 
2725.49619792 0.00914176002243 
2728.49619792 0.012321216358 
2731.49619792 0.0161676333706 
2734.49619792 0.0166043598925 
2737.49619792 0.0184028673614 
2740.49619792 0.0186786532908 
2743.49619792 0.0154619360007 
2746.49619792 0.010478529908 
2749.49619792 0.0072939792272 
2752.49619792 0.00830670320495 
2755.49619792 0.00880342199737 
2758.49619792 0.00987205322255 
2761.49619792 0.0112007076977 
2764.49619792 0.00785672034319 
2767.49619792 0.00598528402646 
2770.49619792 0.00312294291971 
2773.49619792 -7.98035287131e-06 
2776.49619792 -0.00463399945516 
2779.49619792 -0.00708702101941 
2782.49619792 -0.00523325100409 
2785.49619792 -0.00394905961558 
2788.49619792 -0.00208074903451 
2791.49619792 -0.00125382502467 
2794.49619792 0.00136570781412 
2797.49619792 0.0056215174085 
2800.49619792 0.0110109562765 
2803.49619792 0.0119382892967 
2806.49619792 0.00829955283301 
2809.49619792 0.00464869386346 
2812.49619792 0.00229603889503 
2815.49619792 -0.000440640700675 
2818.49619792 -0.00718811829547 
2821.49619792 -0.0142096817516 
2824.49619792 -0.0211528947757 
2827.49619792 -0.0288156481242 
2830.49619792 -0.0365956047703 
2833.49619792 -0.0408101891606 
2836.49619792 -0.0420013434728 
2839.49619792 -0.0406056746053 
2842.49619792 -0.0405498150922 
2845.49619792 -0.0388364265527 
2848.49619792 -0.0382842519761 
2851.49619792 -0.0354634500847 
2854.49619792 -0.0300913531547 
2857.49619792 -0.0236788411621 
2860.49619792 -0.0186559087473 
2863.49619792 -0.0107227789762 
2866.49619792 -0.00346687276223 
2869.49619792 0.00335230117873 
2872.49619792 0.00842105452042 
2875.49619792 0.0111932461899 
2878.49619792 0.0111094511692 
2881.49619792 0.00952241251433 
2884.49619792 0.00569464294481 
2887.49619792 0.00124366925932 
2890.49619792 -0.00135898719488 
2893.49619792 0.00146203266406 
2896.49619792 0.00532695923658 
2899.49619792 0.00482851683242 
2902.49619792 0.00242875239786 
2905.49619792 -0.000479468944242 
2908.49619792 -0.00439496234272 
2911.49619792 -0.00782891768647 
2914.49619792 -0.00701215404288 
2917.49619792 -0.0070589394332 
2920.49619792 -0.00639290641238 
2923.49619792 -0.00556899067151 
2926.49619792 -0.00465511441783 
2929.49619792 -0.0033414726757 
2932.49619792 -0.00440820890566 
2935.49619792 -0.0066446261901 
2938.49619792 -0.00961543751333 
2941.49619792 -0.00932465380382 
2944.49619792 -0.00944787105139 
2947.49619792 -0.00995783468141 
2950.49619792 -0.0121359542639 
2953.49619792 -0.014628909905 
2956.49619792 -0.0145452437093 
2959.49619792 -0.0121528993744 
2962.49619792 -0.00967905586726 
2965.49619792 -0.00729993221521 
2968.49619792 -0.00346321821075 
2971.49619792 0.00139001321259 
2974.49619792 0.00296069193374 
2977.49619792 0.00157845912869 
2980.49619792 0.0004174095402 
2983.49619792 0.00105410173035 
2986.49619792 0.000379299468191 
2989.49619792 0.000883968398176 
2992.49619792 -0.000418315485942 
2995.49619792 -0.000671474015055 
2998.49619792 -1.8464795496e-05 
3001.49619792 0.00362943114576 
3004.49619792 0.00824545546417 
3007.49619792 0.0102469942736 
3010.49619792 0.00989219480755 
3013.49619792 0.00918555942938 
3016.49619792 0.00502064001694 
3019.49619792 0.00107455366036 
3022.49619792 -0.00694834072587 
3025.49619792 -0.014730478198 
3028.49619792 -0.0209767171565 
3031.49619792 -0.0251783707205 
3034.49619792 -0.0277765328154 
3037.49619792 -0.0273313337383 
3040.49619792 -0.0248515274662 
3043.49619792 -0.0231684703525 
3046.49619792 -0.023425501868 
3049.49619792 -0.0196267973268 
3052.49619792 -0.0165873135622 
3055.49619792 -0.0140721574339 
3058.49619792 -0.00878566310287 
3061.49619792 -0.00215785894924 
3064.49619792 0.00130632372493 
3067.49619792 0.00385331807335 
3070.49619792 0.00325557188103 
3073.49619792 0.00465387102491 
3076.49619792 0.00334320606434 
3079.49619792 0.00327368130651 
3082.49619792 0.00144637221077 
3085.49619792 -0.00168905625445 
3088.49619792 -0.00853096021735 
3091.49619792 -0.0152658663952 
3094.49619792 -0.0184589695719 
3097.49619792 -0.0233492902787 
3100.49619792 -0.0284615859522 
3103.49619792 -0.0312283180801 
3106.49619792 -0.0325119711634 
3109.49619792 -0.0321108256929 
3112.49619792 -0.0297049811704 
3115.49619792 -0.0251201946549 
3118.49619792 -0.0217176942189 
3121.49619792 -0.018140758754 
3124.49619792 -0.0140660646936 
3127.49619792 -0.00991610682917 
3130.49619792 -0.00418030711869 
3133.49619792 0.000809968978638 
3136.49619792 0.0062368094162 
3139.49619792 0.00814711125097 
3142.49619792 0.0143078591823 
3145.49619792 0.0217355319037 
3148.49619792 0.0284320987913 
3151.49619792 0.0318571620354 
3154.49619792 0.0347316380129 
3157.49619792 0.0356536604455 
3160.49619792 0.0341780969693 
3163.49619792 0.0292434765077 
3166.49619792 0.0190901565349 
3169.49619792 0.00589680126485 
3172.49619792 -0.00897220424684 
3175.49619792 -0.0230961028143 
3178.49619792 -0.0344106931109 
3181.49619792 -0.0397680763663 
3184.49619792 -0.0391937829683 
3187.49619792 -0.0351442282193 
3190.49619792 -0.0257281114217 
3193.49619792 -0.0186360869248 
3196.49619792 -0.0126869878176 
3199.49619792 -0.00718439099228 
3202.49619792 -0.00407780398047 
3205.49619792 -0.00241592710472 
3208.49619792 -0.00393940376665 
3211.49619792 -0.00425964818181 
3214.49619792 -0.00392724071539 
3217.49619792 -0.00483519963802 
3220.49619792 -0.00540494447231 
3223.49619792 -0.00403288281686 
3226.49619792 0.000256607783451 
3229.49619792 0.00470201281772 
3232.49619792 0.00376279078732 
3235.49619792 0.00105787374853 
3238.49619792 -0.00699783374517 
3241.49619792 -0.014572124461 
3244.49619792 -0.0213061990263 
3247.49619792 -0.0213154997434 
3250.49619792 -0.0178266312339 
3253.49619792 -0.0145771451918 
3256.49619792 -0.00778069336504 
3259.49619792 0.00386669547435 
3262.49619792 0.0151024321155 
3265.49619792 0.0236621421997 
3268.49619792 0.0268505697129 
3271.49619792 0.0268252555673 
3274.49619792 0.0233640062538 
3277.49619792 0.0192045337305 
3280.49619792 0.0136739588391 
3283.49619792 0.00921071599414 
3286.49619792 0.00547256215757 
3289.49619792 0.0051452996463 
3292.49619792 0.00526823738927 
3295.49619792 0.00673354373665 
3298.49619792 0.00859397182774 
3301.49619792 0.00851138626825 
3304.49619792 0.00862728463596 
3307.49619792 0.00704261659426 
3310.49619792 0.00547272836504 
3313.49619792 0.00391691572323 
3316.49619792 0.00779083834703 
3319.49619792 0.00427398314489 
3322.49619792 -0.00291452593943 
3325.49619792 -0.0119342750125 
3328.49619792 -0.021764156396 
3331.49619792 -0.0302238153335 
3334.49619792 -0.0344519056624 
3337.49619792 -0.0352567270979 
3340.49619792 -0.035470740209 
3343.49619792 -0.0347727631474 
3346.49619792 -0.0310362236512 
3349.49619792 -0.0260481982561 
3352.49619792 -0.0232360690591 
3355.49619792 -0.0218873109564 
3358.49619792 -0.0215545831523 
3361.49619792 -0.0226480005699 
3364.49619792 -0.0185017590815 
3367.49619792 -0.0114852341847 
3370.49619792 -0.00500349246687 
3373.49619792 -6.3894187693e-05 
3376.49619792 0.000503918012969 
3379.49619792 -0.000831455823332 
3382.49619792 -0.0052057801872 
3385.49619792 -0.0125522447433 
3388.49619792 -0.0224459543968 
3391.49619792 -0.0314413903073 
3394.49619792 -0.034471257043 
3397.49619792 -0.0342666182634 
3400.49619792 -0.0320991348088 
3403.49619792 -0.0288679534429 
3406.49619792 -0.0231000687891 
3409.49619792 -0.0134649687594 
3412.49619792 -0.00227867855339 
3415.49619792 0.00605648868749 
3418.49619792 0.00868449163731 
3421.49619792 0.00864985722089 
3424.49619792 0.00836939102708 
3427.49619792 0.00785082199085 
3430.49619792 0.00821594357353 
3433.49619792 0.00704494119841 
3436.49619792 0.00724837914345 
3439.49619792 0.0111796942423 
3442.49619792 0.0126405497952 
3445.49619792 0.0132246799149 
3448.49619792 0.00918227266226 
3451.49619792 0.00378767819949 
3454.49619792 -0.00188002863914 
3457.49619792 -0.00669590838394 
3460.49619792 -0.0128479617666 
3463.49619792 -0.0179982838691 
3466.49619792 -0.0204395576133 
3469.49619792 -0.019340619117 
3472.49619792 -0.0164678247681 
3475.49619792 -0.0128315457595 
3478.49619792 -0.00901490863986 
3481.49619792 -0.00552903186488 
3484.49619792 -0.0018319703814 
3487.49619792 -0.00154514358868 
3490.49619792 -0.00333821638953 
3493.49619792 -0.00541401629465 
3496.49619792 -0.00793256673607 
3499.49619792 -0.0110997340708 
3502.49619792 -0.0109522522577 
3505.49619792 -0.0128358153936 
3508.49619792 -0.013895418505 
3511.49619792 -0.0137305268906 
3514.49619792 -0.0123334892557 
3517.49619792 -0.0097574183767 
3520.49619792 -0.00830508426367 
3523.49619792 -0.00719482065489 
3526.49619792 -0.00730618368655 
3529.49619792 -0.00833565378594 
3532.49619792 -0.00861317770493 
3535.49619792 -0.0044565054037 
3538.49619792 0.00181614731509 
3541.49619792 0.00994531908628 
3544.49619792 0.013404342715 
3547.49619792 0.0132300388118 
3550.49619792 0.0119708199521 
3553.49619792 0.0103712875564 
3556.49619792 0.00571260370375 
3559.49619792 -0.0044971724612 
3562.49619792 -0.0164927098798 
3565.49619792 -0.0258015808752 
3568.49619792 -0.0265536760097 
3571.49619792 -0.0228501709673 
3574.49619792 -0.0187135212029 
3577.49619792 -0.0129010193323 
3580.49619792 -0.00715073484198 
3583.49619792 -0.00234714668605 
3586.49619792 9.87159694279e-05 
3589.49619792 -0.000865563005497 
3592.49619792 -0.00508001231632 
3595.49619792 -0.0127977211013 
3598.49619792 -0.0160325705338 
3601.49619792 -0.0157162368827 
3604.49619792 -0.0126731839708 
3607.49619792 -0.0099403915236 
3610.49619792 -0.00675895680152 
3613.49619792 -0.00327663968448 
3616.49619792 -0.000640592206771 
3619.49619792 0.00239662906577 
3622.49619792 0.00583345781464 
3625.49619792 0.00797470924432 
3628.49619792 0.00776494448823 
3631.49619792 0.00802063886745 
3634.49619792 0.00659349180013 
3637.49619792 0.0079476093749 
3640.49619792 0.0128905085789 
3643.49619792 0.0183568273167 
3646.49619792 0.0239553367802 
3649.49619792 0.0273245129057 
3652.49619792 0.0264629669881 
3655.49619792 0.0216958583528 
3658.49619792 0.0148182529963 
3661.49619792 0.0070596796028 
3664.49619792 -0.000435070413988 
3667.49619792 -0.00657890234984 
3670.49619792 -0.0122488729745 
3673.49619792 -0.0191219027371 
3676.49619792 -0.0247852607198 
3679.49619792 -0.0278565010386 
3682.49619792 -0.030150888786 
3685.49619792 -0.0296239225343 
3688.49619792 -0.0294807540639 
3691.49619792 -0.0283069934499 
3694.49619792 -0.0267225704061 
3697.49619792 -0.0247633696431 
3700.49619792 -0.0227192776951 
3703.49619792 -0.020695438904 
3706.49619792 -0.0203687336766 
3709.49619792 -0.0190312995362 
3712.49619792 -0.0175686208772 
3715.49619792 -0.0156467667605 
3718.49619792 -0.0119373806192 
3721.49619792 -0.0120813266415 
3724.49619792 -0.0169762747024 
3727.49619792 -0.0242257615122 
3730.49619792 -0.0311768317213 
3733.49619792 -0.0358671306506 
3736.49619792 -0.0393067442372 
3739.49619792 -0.0398809870253 
3742.49619792 -0.0404555334726 
3745.49619792 -0.0387853519744 
3748.49619792 -0.0348440724788 
3751.49619792 -0.0261305612471 
3754.49619792 -0.018956439461 
3757.49619792 -0.009839972305 
3760.49619792 -0.00159093762907 
3763.49619792 0.00202385791362 
3766.49619792 0.00345807756894 
3769.49619792 0.00563792593918 
3772.49619792 0.00714798925559 
3775.49619792 0.00799905950155 
3778.49619792 0.00973046056003 
3781.49619792 0.0121448293978 
3784.49619792 0.0144340192798 
3787.49619792 0.0184583737555 
3790.49619792 0.0240610424316 
3793.49619792 0.0278094729509 
3796.49619792 0.0301933136745 
3799.49619792 0.0320511037252 
3802.49619792 0.0302979151101 
3805.49619792 0.0283552407758 
3808.49619792 0.0275688850479 
3811.49619792 0.0268680485277 
3814.49619792 0.0223085232473 
3817.49619792 0.0155999859711 
3820.49619792 0.00540726447556 
3823.49619792 -0.00124296316513 
3826.49619792 0.00069212917539 
3829.49619792 0.00491349600954 
3832.49619792 0.0118049310929 
3835.49619792 0.0145593776707 
3838.49619792 0.0159547083721 
3841.49619792 0.0143291935503 
3844.49619792 0.0105793586066 
3847.49619792 0.00957513076373 
3850.49619792 0.00838408457271 
3853.49619792 0.00568017426811 
3856.49619792 0.000648915089037 
3859.49619792 -0.00501883991526 
3862.49619792 -0.00855896703896 
3865.49619792 -0.00922471710449 
3868.49619792 -0.0146717385222 
3871.49619792 -0.0180853984384 
3874.49619792 -0.0169436129213 
3877.49619792 -0.0149671438347 
3880.49619792 -0.0113603496864 
3883.49619792 -0.00691353262552 
3886.49619792 -0.000782695928512 
3889.49619792 0.00521416532538 
3892.49619792 0.011483208639 
3895.49619792 0.0150906929221 
3898.49619792 0.0160218067309 
3901.49619792 0.0138601583663 
3904.49619792 0.0100986612943 
3907.49619792 0.00483183523073 
3910.49619792 -2.70404913134e-05 
3913.49619792 -0.000283406114271 
3916.49619792 0.00176690130655 
3919.49619792 0.00450785804881 
3922.49619792 0.00765597392398 
3925.49619792 0.0110326092568 
3928.49619792 0.0125368800415 
3931.49619792 0.00923268413599 
3934.49619792 0.00375477918461 
3937.49619792 -0.000360017855889 
3940.49619792 -0.00261941077119 
3943.49619792 -0.00134952515881 
3946.49619792 0.00383507033335 
3949.49619792 0.0120743597304 
3952.49619792 0.0213364131291 
3955.49619792 0.0254818000006 
3958.49619792 0.0264587548652 
3961.49619792 0.0238268313745 
3964.49619792 0.0196076736907 
3967.49619792 0.0151947813575 
3970.49619792 0.0106386112826 
3973.49619792 0.00798749744271 
3976.49619792 0.00977840767731 
3979.49619792 0.0159601937938 
3982.49619792 0.0233960699179 
3985.49619792 0.0309952963553 
3988.49619792 0.0346586907614 
3991.49619792 0.0350361416028 
3994.49619792 0.0318026804915 
3997.49619792 0.0285484118151 
4000.49619792 0.0254902610536 
4003.49619792 0.0194599204246 
4006.49619792 0.0143633241683 
4009.49619792 0.00867360533549 
4012.49619792 0.00572566680584 
4015.49619792 0.00363879455005 
4018.49619792 0.0033284863511 
4021.49619792 0.00688631025717 
4024.49619792 0.00839444292139 
4027.49619792 0.00986266968932 
4030.49619792 0.00891858077058 
4033.49619792 0.00800213807801 
4036.49619792 0.0099039294001 
4039.49619792 0.0107185231448 
4042.49619792 0.00889433805936 
4045.49619792 0.00574186887119 
4048.49619792 0.0040885301135 
4051.49619792 0.00103738012288 
4054.49619792 0.000835877862252 
4057.49619792 0.00197511038372 
4060.49619792 0.0014636204055 
4063.49619792 0.00228315508421 
4066.49619792 0.00611695542569 
4069.49619792 0.0102557152774 
4072.49619792 0.0139465379421 
4075.49619792 0.013300691365 
4078.49619792 0.0092692681833 
4081.49619792 0.00587390546677 
4084.49619792 0.00582826800072 
4087.49619792 0.00662748324094 
4090.49619792 0.00854363684395 
4093.49619792 0.0112098703878 
4096.49619792 0.0141672959709 
4099.49619792 0.0165561056652 
4102.49619792 0.0178553431433 
4105.49619792 0.0175856119967 
4108.49619792 0.0167895023632 
4111.49619792 0.0120197344084 
4114.49619792 0.00642977744076 
4117.49619792 -0.00144809898563 
4120.49619792 -0.0101539905538 
4123.49619792 -0.01727426572 
4126.49619792 -0.0208352602204 
4129.49619792 -0.0192232271825 
4132.49619792 -0.0160708086043 
4135.49619792 -0.0127366844267 
4138.49619792 -0.00763709701106 
4141.49619792 -0.00100296547127 
4144.49619792 0.00564805194247 
4147.49619792 0.012078652369 
4150.49619792 0.0180641250323 
4153.49619792 0.0263873535158 
4156.49619792 0.0344918253614 
4159.49619792 0.0433203613652 
4162.49619792 0.0498921564765 
4165.49619792 0.0549365589859 
4168.49619792 0.0540456317282 
4171.49619792 0.0485461865185 
4174.49619792 0.0359642717287 
4177.49619792 0.0204268568319 
4180.49619792 0.0011709539219 
4183.49619792 -0.0195639122411 
4186.49619792 -0.0390911783228 
4189.49619792 -0.0524457289601 
4192.49619792 -0.0580498446189 
4195.49619792 -0.0506753490865 
4198.49619792 -0.0283311780748 
4201.49619792 -0.00167698248939 
4204.49619792 0.0247809588794 
4207.49619792 0.0416924207195 
4210.49619792 0.0448429690324 
4213.49619792 0.0312954866026 
4216.49619792 0.0126692904602 
4219.49619792 -0.00631419250929 
4222.49619792 -0.0187527588186 
4225.49619792 -0.0253837962539 
4228.49619792 -0.02544668364 
4231.49619792 -0.0190631895165 
4234.49619792 -0.010008577995 
4237.49619792 0.00481940849045 
4240.49619792 0.0236803295529 
4243.49619792 0.0368882771488 
4246.49619792 0.0380465994466 
4249.49619792 0.0342061279456 
4252.49619792 0.0277417362173 
4255.49619792 0.0196530316521 
4258.49619792 0.0101901823745 
4261.49619792 0.00379000395387 
4264.49619792 0.00208590865503 
4267.49619792 0.00129914287203 
4270.49619792 0.00017909469699 
4273.49619792 -0.000534336855804 
4276.49619792 -0.00137785260556 
4279.49619792 0.00140018968198 
4282.49619792 0.0041839372279 
4285.49619792 0.00799575145527 
4288.49619792 0.0121255470307 
4291.49619792 0.0133097850416 
4294.49619792 0.013580979274 
4297.49619792 0.0134817010783 
4300.49619792 0.00951538579154 
4303.49619792 0.00890371009035 
4306.49619792 0.00948353319359 
4309.49619792 0.01416288946 
4312.49619792 0.019125249891 
4315.49619792 0.0249076538314 
4318.49619792 0.0261477663084 
4321.49619792 0.0214995472001 
4324.49619792 0.0110188939773 
4327.49619792 0.00607297888413 
4330.49619792 0.00200086808467 
4333.49619792 0.000324066971338 
4336.49619792 0.000510089615571 
4339.49619792 -0.00219235878937 
4342.49619792 -0.00322144385104 
4345.49619792 -0.00636095374489 
4348.49619792 -0.00705196101985 
4351.49619792 -0.00379285219782 
4354.49619792 0.00370092681364 
4357.49619792 0.0118090028884 
4360.49619792 0.0194017765652 
4363.49619792 0.0243348810306 
4366.49619792 0.027569883443 
4369.49619792 0.0317588201226 
4372.49619792 0.0379725824862 
4375.49619792 0.042986188879 
4378.49619792 0.0445253643829 
4381.49619792 0.0417496052915 
4384.49619792 0.0298824608441 
4387.49619792 0.00994135311146 
4390.49619792 -0.0161344585894 
4393.49619792 -0.0382443391784 
4396.49619792 -0.0494275853147 
4399.49619792 -0.0488157761875 
4402.49619792 -0.0382532350164 
4405.49619792 -0.0235694225853 
4408.49619792 -0.00126874617102 
4411.49619792 0.0199057636276 
4414.49619792 0.0370306335605 
4417.49619792 0.0501214744777 
4420.49619792 0.0566344793033 
4423.49619792 0.0538800177727 
4426.49619792 0.0441780287251 
4429.49619792 0.0354428196542 
4432.49619792 0.0279734052778 
4435.49619792 0.0235059025756 
4438.49619792 0.0191584108696 
4441.49619792 0.0124000205537 
4444.49619792 0.00538755192438 
4447.49619792 -0.0026049866657 
4450.49619792 -0.00815761280262 
4453.49619792 -0.0127996132209 
4456.49619792 -0.0174533591589 
4459.49619792 -0.02112174439 
4462.49619792 -0.0181260416288 
4465.49619792 -0.00766922911361 
4468.49619792 0.00590859336864 
4471.49619792 0.0199432816574 
4474.49619792 0.0262200947389 
4477.49619792 0.0251595415419 
4480.49619792 0.0243103904459 
4483.49619792 0.026227619509 
4486.49619792 0.0302435370864 
4489.49619792 0.0318839530695 
4492.49619792 0.0317800739749 
4495.49619792 0.0318552526623 
4498.49619792 0.030267986263 
4501.49619792 0.0255761759385 
4504.49619792 0.0231582655588 
4507.49619792 0.0215669641712 
4510.49619792 0.0133153463781 
4513.49619792 0.00210591623885 
4516.49619792 -0.00745599930556 
4519.49619792 -0.010757179897 
4522.49619792 -0.00550940903123 
4525.49619792 0.000742111399638 
4528.49619792 0.0057936519879 
4531.49619792 0.00799533622415 
4534.49619792 0.0148532715878 
4537.49619792 0.0217215451712 
4540.49619792 0.0272549404135 
4543.49619792 0.0312219435347 
4546.49619792 0.0295197052737 
4549.49619792 0.0244073382863 
4552.49619792 0.0185121732161 
4555.49619792 0.0125686147415 
4558.49619792 0.0070540670813 
4561.49619792 0.00549039409134 
4564.49619792 0.00797809032987 
4567.49619792 0.014260285888 
4570.49619792 0.0241136353065 
4573.49619792 0.0339622619022 
4576.49619792 0.0398367263782 
4579.49619792 0.0403998395919 
4582.49619792 0.0352520318806 
4585.49619792 0.0310160947186 
4588.49619792 0.0273486561225 
4591.49619792 0.0257603246151 
4594.49619792 0.0261356728457 
4597.49619792 0.0294051129861 
4600.49619792 0.0341844370079 
4603.49619792 0.0412759749598 
4606.49619792 0.0449217502236 
4609.49619792 0.0424979736979 
4612.49619792 0.0327009829901 
4615.49619792 0.0180378596509 
4618.49619792 0.000167307715298 
4621.49619792 -0.0178824320855 
4624.49619792 -0.0284960351824 
4627.49619792 -0.0338355232417 
4630.49619792 -0.0315819983775 
4633.49619792 -0.0245123837087 
4636.49619792 -0.0129001796683 
4639.49619792 -0.00389376745082 
4642.49619792 0.00319727993021 
4645.49619792 0.00844648943956 
4648.49619792 0.0129401764323 
4651.49619792 0.016023665494 
4654.49619792 0.0146619156032 
4657.49619792 0.0105516496932 
4660.49619792 0.00806854227619 
4663.49619792 0.005998400614 
4666.49619792 0.00543211968145 
4669.49619792 0.00672707027195 
4672.49619792 0.0098905729907 
4675.49619792 0.019179691177 
4678.49619792 0.0340077532897 
4681.49619792 0.0523942264982 
4684.49619792 0.0664808629609 
4687.49619792 0.0726790374791 
4690.49619792 0.0740712694752 
4693.49619792 0.0770720355256 
4696.49619792 0.074415743374 
4699.49619792 0.0618405021879 
4702.49619792 0.0380599006453 
4705.49619792 0.0115416101487 
4708.49619792 -0.0137523938127 
4711.49619792 -0.0346140942487 
4714.49619792 -0.0528281740772 
4717.49619792 -0.0629931699811 
4720.49619792 -0.0668729837683 
4723.49619792 -0.0594037833337 
4726.49619792 -0.0335934584502 
4729.49619792 0.00290876043804 
4732.49619792 0.0426837902003 
4735.49619792 0.0730240680867 
4738.49619792 0.0936478272868 
4741.49619792 0.103887919062 
4744.49619792 0.103249645564 
4747.49619792 0.0890354629835 
4750.49619792 0.0697442713229 
4753.49619792 0.0526127645934 
4756.49619792 0.0406299397459 
4759.49619792 0.0321508788179 
4762.49619792 0.0299305126318 
4765.49619792 0.0331119260747 
4768.49619792 0.0348185443915 
4771.49619792 0.031735557978 
4774.49619792 0.0238981752127 
4777.49619792 0.01292834062 
4780.49619792 0.0053937470347 
4783.49619792 0.00281618575201 
4786.49619792 0.00509738531043 
4789.49619792 0.00570190316321 
4792.49619792 0.00869581157385 
4795.49619792 0.0118893966947 
4798.49619792 0.0117735150053 
4801.49619792 0.00533787544424 
4804.49619792 0.00249933967577 
4807.49619792 0.00692463919538 
4810.49619792 0.0170943958793 
4813.49619792 0.0197454890152 
4816.49619792 0.0284903254669 
4819.49619792 0.0360144882394 
4822.49619792 0.0421191540891 
4825.49619792 0.0411585646217 
4828.49619792 0.0323378984554 
4831.49619792 0.0145729779277 
4834.49619792 -0.00693648363439 
4837.49619792 -0.0281542413072 
4840.49619792 -0.0400543028855 
4843.49619792 -0.0396591040767 
4846.49619792 -0.0254433479883 
4849.49619792 0.000379630840743 
4852.49619792 0.0335601571443 
4855.49619792 0.0660586108668 
4858.49619792 0.0875157952907 
4861.49619792 0.0849250383425 
4864.49619792 0.0578710444873 
4867.49619792 0.0117730342113 
4870.49619792 -0.0314755818872 
4873.49619792 -0.0534038615475 
4876.49619792 -0.0527963312562 
4879.49619792 -0.0376414212882 
4882.49619792 -0.0133625090421 
4885.49619792 0.0124205589663 
4888.49619792 0.0371937377257 
4891.49619792 0.0534857023365 
4894.49619792 0.0556348834154 
4897.49619792 0.0481899849285 
4900.49619792 0.0381809410926 
4903.49619792 0.0324425136937 
4906.49619792 0.0352272790447 
4909.49619792 0.0372679594261 
4912.49619792 0.0381903269262 
4915.49619792 0.0325703059601 
4918.49619792 0.02460933615 
4921.49619792 0.0165397563711 
4924.49619792 0.00964920178476 
4927.49619792 0.00936468449949 
4930.49619792 0.0125703596323 
4933.49619792 0.0164806244687 
4936.49619792 0.0209644166533 
4939.49619792 0.0221383889087 
4942.49619792 0.0188818255339 
4945.49619792 0.0155051407415 
4948.49619792 0.0142433959883 
4951.49619792 0.0126112880784 
4954.49619792 0.0108985045572 
4957.49619792 0.00652672758161 
4960.49619792 0.00134950258565 
4963.49619792 -0.00289385956441 
4966.49619792 -0.00369861284907 
4969.49619792 -0.00424185880636 
4972.49619792 -0.00380213393617 
4975.49619792 -0.00417366054517 
4978.49619792 0.00578901485696 
4981.49619792 0.0210493078383 
4984.49619792 0.0435175236842 
4987.49619792 0.0643395678227 
4990.49619792 0.0729818088306 
4993.49619792 0.0699597130131 
4996.49619792 0.0564968434138 
4999.49619792 0.0359973613933 
5002.49619792 0.0166036548048 
5005.49619792 -0.00877250855791 
5008.49619792 -0.0306177258906 
5011.49619792 -0.0493873504542 
5014.49619792 -0.0613272075072 
5017.49619792 -0.0699023674097 
5020.49619792 -0.0736476923222 
5023.49619792 -0.0691105389126 
5026.49619792 -0.0550040081632 
5029.49619792 -0.0359174391792 
5032.49619792 -0.00642557336943 
5035.49619792 0.0325096845167 
5038.49619792 0.0762491785666 
5041.49619792 0.10935295875 
5044.49619792 0.128564315613 
5047.49619792 0.134511851565 
5050.49619792 0.13248706959 
5053.49619792 0.120722055895 
5056.49619792 0.100478864646 
5059.49619792 0.077563830206 
5062.49619792 0.0510998188138 
5065.49619792 0.0187482027785 
5068.49619792 -0.0126901831419 
5071.49619792 -0.0410824473509 
5074.49619792 -0.056522585443 
5077.49619792 -0.0616353020986 
5080.49619792 -0.0597477971426 
5083.49619792 -0.049988577514 
5086.49619792 -0.0392676918077 
5089.49619792 -0.0205098593479 
5092.49619792 0.00539927616491 
5095.49619792 0.033576044048 
5098.49619792 0.0555381679204 
5101.49619792 0.0641048943753 
5104.49619792 0.0555968937935 
5107.49619792 0.0417984162275 
5110.49619792 0.0179461499339 
5113.49619792 -0.00786543502075 
5116.49619792 -0.030076782108 
5119.49619792 -0.03915663071 
5122.49619792 -0.0314658279816 
5125.49619792 -0.012427416606 
5128.49619792 0.0036577212102 
5131.49619792 0.0141329376084 
5134.49619792 0.0337177218272 
5137.49619792 0.051642665068 
5140.49619792 0.0654921481988 
5143.49619792 0.0710775566027 
5146.49619792 0.0742474516954 
5149.49619792 0.0623822718318 
5152.49619792 0.0282533032606 
5155.49619792 -0.0242773283867 
5158.49619792 -0.0747505921924 
5161.49619792 -0.112296761071 
5164.49619792 -0.120136867569 
5167.49619792 -0.090325453805 
5170.49619792 -0.0365287077008 
5173.49619792 0.0246409098185 
5176.49619792 0.074626372524 
5179.49619792 0.0995517283137 
5182.49619792 0.0949618163968 
5185.49619792 0.0750363356172 
5188.49619792 0.0465782210432 
5191.49619792 0.0166169272478 
5194.49619792 0.00324686324215 
5197.49619792 0.0124769326298 
5200.49619792 0.0349878942769 
5203.49619792 0.0559430286167 
5206.49619792 0.0649370543518 
5209.49619792 0.0578693237511 
5212.49619792 0.0363120076648 
5215.49619792 0.0146731268435 
5218.49619792 -0.00349823651467 
5221.49619792 -0.017884957979 
5224.49619792 -0.0243712488356 
5227.49619792 -0.0229738914382 
5230.49619792 -0.0158101113226 
5233.49619792 0.005655113172 
5236.49619792 0.0297624371954 
5239.49619792 0.0542319773339 
5242.49619792 0.0686310194303 
5245.49619792 0.0673372236655 
5248.49619792 0.0511541140213 
5251.49619792 0.0328797003055 
5254.49619792 0.0245380107154 
5257.49619792 0.0326802605416 
5260.49619792 0.0498519722259 
5263.49619792 0.0665039456705 
5266.49619792 0.0719469792592 
5269.49619792 0.0715458268873 
5272.49619792 0.0635095794704 
5275.49619792 0.0500913569937 
5278.49619792 0.0339582545193 
5281.49619792 0.0135384577667 
5284.49619792 -0.0144752065264 
5287.49619792 -0.043850536744 
5290.49619792 -0.0766884677891 
5293.49619792 -0.110378710748 
5296.49619792 -0.126372806265 
5299.49619792 -0.124221113095 
5302.49619792 -0.10595872843 
5305.49619792 -0.0854766309054 
5308.49619792 -0.0719543913072 
5311.49619792 -0.0539757946843 
5314.49619792 -0.0255754121893 
5317.49619792 0.0166981158593 
5320.49619792 0.0680360633956 
5323.49619792 0.122630140672 
5326.49619792 0.17626858825 
5329.49619792 0.205399271421 
5332.49619792 0.209112344033 
5335.49619792 0.181239399382 
5338.49619792 0.129602259993 
5341.49619792 0.0783705150055 
5344.49619792 0.0328794840633 
5347.49619792 -0.00739180871484 
5350.49619792 -0.0355473129688 
5353.49619792 -0.0419069008218 
5356.49619792 -0.0346245589932 
5359.49619792 -0.0199665760083 
5362.49619792 -0.0067323267989 
5365.49619792 0.00233524272291 
5368.49619792 -0.000476040951088 
5371.49619792 -0.007900298907 
5374.49619792 -0.0217145886121 
5377.49619792 -0.0383135850068 
5380.49619792 -0.0550084664342 
5383.49619792 -0.0653629273533 
5386.49619792 -0.0628871514686 
5389.49619792 -0.0399516338273 
5392.49619792 0.00124979593127 
5395.49619792 0.0524672335614 
5398.49619792 0.110087308217 
5401.49619792 0.164756145499 
5404.49619792 0.207320938051 
5407.49619792 0.217138961768 
5410.49619792 0.193578568447 
5413.49619792 0.129024534325 
5416.49619792 0.0515774841338 
5419.49619792 -0.0291033446306 
5422.49619792 -0.0949334472544 
5425.49619792 -0.143079222146 
5428.49619792 -0.18040941563 
5431.49619792 -0.215756722925 
5434.49619792 -0.244399416359 
5437.49619792 -0.243396254775 
5440.49619792 -0.202515004731 
5443.49619792 -0.11944504881 
5446.49619792 -0.0140757231306 
5449.49619792 0.0820983012916 
5452.49619792 0.150763652629 
5455.49619792 0.181735762755 
5458.49619792 0.176681307281 
5461.49619792 0.149404666728 
5464.49619792 0.115180503259 
5467.49619792 0.0762842604204 
5470.49619792 0.033259101928 
5473.49619792 -0.00728787095884 
5476.49619792 -0.0463264414538 
5479.49619792 -0.0723630799515 
5482.49619792 -0.0744468270467 
5485.49619792 -0.0578295489804 
5488.49619792 -0.0239806716298 
5491.49619792 0.00916259921872 
5494.49619792 0.0285388649499 
5497.49619792 0.042144403822 
5500.49619792 0.0530057089617 
5503.49619792 0.0591532183816 
5506.49619792 0.0570407800811 
5509.49619792 0.0411356797507 
5512.49619792 0.0178552591768 
5515.49619792 -0.0123075286839 
5518.49619792 -0.0361961110224 
5521.49619792 -0.0460963090936 
5524.49619792 -0.0240917994405 
5527.49619792 0.0166489311003 
5530.49619792 0.063661225097 
5533.49619792 0.09917431658 
5536.49619792 0.112944236367 
5539.49619792 0.0932275351757 
5542.49619792 0.0548228431696 
5545.49619792 0.000712497426547 
5548.49619792 -0.0612887669971 
5551.49619792 -0.122237628788 
5554.49619792 -0.167908920647 
5557.49619792 -0.185755292038 
5560.49619792 -0.161828299095 
5563.49619792 -0.0885022372088 
5566.49619792 -0.00804507481642 
5569.49619792 0.0470173400325 
5572.49619792 0.0598608136223 
5575.49619792 0.0563658466214 
5578.49619792 0.0497721604333 
5581.49619792 0.0488863309715 
5584.49619792 0.0483434295065 
5587.49619792 0.0488622682705 
5590.49619792 0.0512380022103 
5593.49619792 0.0582222449002 
5596.49619792 0.0697145587181 
5599.49619792 0.0701570087582 
5602.49619792 0.0559006865445 
5605.49619792 0.0224646478489 
5608.49619792 -0.021242481178 
5611.49619792 -0.0637781707443 
5614.49619792 -0.0951677986389 
5617.49619792 -0.0971897188553 
5620.49619792 -0.0681245478826 
5623.49619792 -0.0176587421339 
5626.49619792 0.0263002976079 
5629.49619792 0.0472660278179 
5632.49619792 0.054557467924 
5635.49619792 0.0589190878402 
5638.49619792 0.0802371272798 
5641.49619792 0.128284360119 
5644.49619792 0.161359761958 
5647.49619792 0.136777288156 
5650.49619792 0.0599833953707 
5653.49619792 -0.0440874784345 
5656.49619792 -0.137795043792 
5659.49619792 -0.184872489967 
5662.49619792 -0.160675369051 
5665.49619792 -0.0881780762785 
5668.49619792 -0.00811206217854 
5671.49619792 0.0186903085179 
5674.49619792 -0.0125630465036 
5677.49619792 -0.0925505405133 
5680.49619792 -0.171828003106 
5683.49619792 -0.202883941609 
5686.49619792 -0.156551767435 
5689.49619792 -0.0552720933382 
5692.49619792 0.0731502707425 
5695.49619792 0.184304315765 
5698.49619792 0.230916629469 
5701.49619792 0.225134532638 
5704.49619792 0.175446260394 
5707.49619792 0.0986891333912 
5710.49619792 0.0302296285692 
5713.49619792 -0.0143344776826 
5716.49619792 -0.0392721132715 
5719.49619792 -0.0446304673166 
5722.49619792 -0.0360555420599 
5725.49619792 -0.0151342887393 
5728.49619792 0.0196801700541 
5731.49619792 0.0489046333472 
5734.49619792 0.0554716895327 
5737.49619792 0.0233203598267 
5740.49619792 -0.0264595600225 
5743.49619792 -0.0894270546875 
5746.49619792 -0.135589814563 
5749.49619792 -0.144415764862 
5752.49619792 -0.133137250213 
5755.49619792 -0.0956306950736 
5758.49619792 -0.0450872353539 
5761.49619792 0.00829881898964 
5764.49619792 0.0624086441841 
5767.49619792 0.117317648387 
5770.49619792 0.154801861562 
5773.49619792 0.147385893527 
5776.49619792 0.0945352118524 
5779.49619792 0.00248529744489 
5782.49619792 -0.0998473268639 
5785.49619792 -0.193210772592 
5788.49619792 -0.244900362228 
5791.49619792 -0.239669177027 
5794.49619792 -0.176546703384 
5797.49619792 -0.100963348498 
5800.49619792 -0.0226658313535 
5803.49619792 0.0395303065139 
5806.49619792 0.0919527549258 
5809.49619792 0.103532462818 
5812.49619792 0.11391207225 
5815.49619792 0.102328803262 
5818.49619792 0.0754684888456 
5821.49619792 0.0457995557178 
5824.49619792 0.0382629176081 
5827.49619792 0.0269085847471 
5830.49619792 0.00539996514952 
5833.49619792 -0.0426859480219 
5836.49619792 -0.0878075382876 
5839.49619792 -0.114963046375 
5842.49619792 -0.107843817914 
5845.49619792 -0.0709395480404 
5848.49619792 -0.0474204937954 
5851.49619792 -0.00127600710832 
5854.49619792 0.0216806132745 
5857.49619792 0.0373698578337 
5860.49619792 0.0276800013564 
5863.49619792 0.0137490236543 
5866.49619792 -0.0174245391284 
5869.49619792 -0.0409422671643 
5872.49619792 -0.042832606274 
5875.49619792 -0.0489130345885 
5878.49619792 -0.0421378199358 
5881.49619792 -0.0330667521493 
5884.49619792 -0.0467129859718 
5887.49619792 -0.0920676485722 
5890.49619792 -0.152917278176 
5893.49619792 -0.20067006269 
5896.49619792 -0.214995587024 
5899.49619792 -0.215588164394 
5902.49619792 -0.227067646305 
5905.49619792 -0.262519909304 
5908.49619792 -0.293070503479 
5911.49619792 -0.255714425338 
5914.49619792 -0.15217566849 
5917.49619792 -0.042686578345 
5920.49619792 0.0790629042755 
5923.49619792 0.148678819722 
5926.49619792 0.149981417006 
5929.49619792 0.100299898882 
5932.49619792 0.0269657348123 
5935.49619792 -0.0327203550747 
5938.49619792 -0.0823637823578 
5941.49619792 -0.104296580101 
5944.49619792 -0.125076190149 
5947.49619792 -0.110855741144 
5950.49619792 -0.112293650864 
5953.49619792 -0.123703521175 
5956.49619792 -0.148577949615 
5959.49619792 -0.25032570536 
5962.49619792 -0.301869446502 
5965.49619792 -0.307876177618 
5968.49619792 -0.297425603922 
5971.49619792 -0.254226531452 
5974.49619792 -0.227584787337 
5977.49619792 -0.182044648701 
5980.49619792 -0.107901430369 
5983.49619792 -0.0788799909402 
5986.49619792 -0.168059646094 
5989.49619792 -0.327860384271 
5992.49619792 -0.512246890493 
5995.49619792 -0.703093610828 
5998.49619792 -0.855952991293 
