1.49619792281 nan 
4.49619792281 nan 
7.49619792281 nan 
10.4961979228 nan 
13.4961979228 nan 
16.4961979228 nan 
19.4961979228 nan 
22.4961979228 nan 
25.4961979228 nan 
28.4961979228 nan 
31.4961979228 nan 
34.4961979228 nan 
37.4961979228 nan 
40.4961979228 nan 
43.4961979228 nan 
46.4961979228 nan 
49.4961979228 nan 
52.4961979228 nan 
55.4961979228 nan 
58.4961979228 nan 
61.4961979228 nan 
64.4961979228 nan 
67.4961979228 nan 
70.4961979228 nan 
73.4961979228 nan 
76.4961979228 nan 
79.4961979228 nan 
82.4961979228 nan 
85.4961979228 nan 
88.4961979228 nan 
91.4961979228 nan 
94.4961979228 nan 
97.4961979228 nan 
100.496197923 nan 
103.496197923 nan 
106.496197923 nan 
109.496197923 nan 
112.496197923 nan 
115.496197923 nan 
118.496197923 nan 
121.496197923 nan 
124.496197923 nan 
127.496197923 nan 
130.496197923 nan 
133.496197923 nan 
136.496197923 nan 
139.496197923 nan 
142.496197923 nan 
145.496197923 nan 
148.496197923 nan 
151.496197923 nan 
154.496197923 nan 
157.496197923 nan 
160.496197923 nan 
163.496197923 nan 
166.496197923 nan 
169.496197923 nan 
172.496197923 nan 
175.496197923 nan 
178.496197923 nan 
181.496197923 nan 
184.496197923 nan 
187.496197923 nan 
190.496197923 nan 
193.496197923 nan 
196.496197923 nan 
199.496197923 nan 
202.496197923 nan 
205.496197923 nan 
208.496197923 nan 
211.496197923 nan 
214.496197923 nan 
217.496197923 nan 
220.496197923 nan 
223.496197923 nan 
226.496197923 nan 
229.496197923 nan 
232.496197923 nan 
235.496197923 nan 
238.496197923 nan 
241.496197923 nan 
244.496197923 nan 
247.496197923 nan 
250.496197923 nan 
253.496197923 nan 
256.496197923 nan 
259.496197923 nan 
262.496197923 nan 
265.496197923 nan 
268.496197923 nan 
271.496197923 nan 
274.496197923 nan 
277.496197923 nan 
280.496197923 nan 
283.496197923 nan 
286.496197923 nan 
289.496197923 nan 
292.496197923 nan 
295.496197923 nan 
298.496197923 nan 
301.496197923 nan 
304.496197923 nan 
307.496197923 nan 
310.496197923 nan 
313.496197923 nan 
316.496197923 nan 
319.496197923 -1.01666119529 
322.496197923 -1.16090677353 
325.496197923 -1.11318990557 
328.496197923 -0.937092521974 
331.496197923 -0.753898085184 
334.496197923 -0.608279369951 
337.496197923 -0.515780222459 
340.496197923 -0.428239557977 
343.496197923 -0.359152170631 
346.496197923 -0.307038847563 
349.496197923 -0.24499355933 
352.496197923 -0.210002385018 
355.496197923 -0.193354102928 
358.496197923 -0.163088924861 
361.496197923 -0.146766470799 
364.496197923 -0.157524039942 
367.496197923 -0.189183955237 
370.496197923 -0.148890701951 
373.496197923 -0.125560969533 
376.496197923 -0.111600285057 
379.496197923 -0.1106614907 
382.496197923 -0.105048069425 
385.496197923 -0.136254994004 
388.496197923 -0.140092024962 
391.496197923 -0.115804052472 
394.496197923 -0.113211455562 
397.496197923 -0.117552351479 
400.496197923 -0.141129826518 
403.496197923 -0.146390520318 
406.496197923 -0.138358193346 
409.496197923 -0.123224449121 
412.496197923 -0.127030840014 
415.496197923 -0.108725564843 
418.496197923 -0.099961699442 
421.496197923 -0.08197549535 
424.496197923 -0.0696837134234 
427.496197923 -0.0613513210145 
430.496197923 -0.0624834127413 
433.496197923 -0.0730760921265 
436.496197923 -0.0919016387183 
439.496197923 -0.0903374093057 
442.496197923 -0.070771472405 
445.496197923 -0.0515113860638 
448.496197923 -0.0250121511603 
451.496197923 -0.0123223509382 
454.496197923 -0.0100074559765 
457.496197923 -0.0206071123484 
460.496197923 -0.021539213932 
463.496197923 -0.0361739912988 
466.496197923 -0.0466318181835 
469.496197923 -0.0632743380707 
472.496197923 -0.067386189875 
475.496197923 -0.0488280791591 
478.496197923 -0.0412555502782 
481.496197923 -0.0410043237485 
484.496197923 -0.0317785859543 
487.496197923 -0.0201118448518 
490.496197923 -0.0192510969385 
493.496197923 -0.0260474658475 
496.496197923 -0.0281010286507 
499.496197923 -0.0238676319625 
502.496197923 -0.0185060342947 
505.496197923 -0.0195705645407 
508.496197923 -0.0153237960587 
511.496197923 -0.0148329189754 
514.496197923 -0.00964135670749 
517.496197923 0.00388377865927 
520.496197923 0.000501917186287 
523.496197923 -0.000629104549232 
526.496197923 -0.0083406076732 
529.496197923 -0.0179222353924 
532.496197923 -0.0195875577664 
535.496197923 -0.0127056600314 
538.496197923 1.14406214631e-06 
541.496197923 0.00586103897924 
544.496197923 0.0078221956736 
547.496197923 -0.00288995773236 
550.496197923 -0.0156589790712 
553.496197923 -0.0245877926773 
556.496197923 -0.0298222677682 
559.496197923 -0.0211626996079 
562.496197923 -0.0136644158128 
565.496197923 -0.00928031311794 
568.496197923 -0.0081146509458 
571.496197923 -0.00677874995479 
574.496197923 -0.0102673521685 
577.496197923 -0.0150577537465 
580.496197923 -0.00833139193102 
583.496197923 -0.00223026977459 
586.496197923 -0.014847691209 
589.496197923 -0.0195477884839 
592.496197923 -0.023165599036 
595.496197923 -0.026702156573 
598.496197923 -0.0233853901608 
601.496197923 -0.0208679012921 
604.496197923 -0.0331954070408 
607.496197923 -0.0357332355218 
610.496197923 -0.0377167740411 
613.496197923 -0.0329873786938 
616.496197923 -0.0291342988332 
619.496197923 -0.0186294895987 
622.496197923 -0.0137526618589 
625.496197923 -0.00809946327892 
628.496197923 -0.0144068735468 
631.496197923 -0.011809039313 
634.496197923 -0.00486411662818 
637.496197923 0.00997006125323 
640.496197923 0.015036751733 
643.496197923 0.00937712167323 
646.496197923 -0.00957680296334 
649.496197923 -0.023197341575 
652.496197923 -0.022243990437 
655.496197923 -0.00850243353885 
658.496197923 0.00245679321025 
661.496197923 0.00107276843067 
664.496197923 -0.00675691191771 
667.496197923 -0.0122849332945 
670.496197923 -0.000926462650139 
673.496197923 0.0111581178565 
676.496197923 0.0115210392044 
679.496197923 0.000294724468932 
682.496197923 -0.00640398675353 
685.496197923 -0.00997687779672 
688.496197923 -0.00912001260861 
691.496197923 -0.0106573013177 
694.496197923 -0.0129788088308 
697.496197923 -0.0167289976202 
700.496197923 -0.0197237167329 
703.496197923 -0.0184615548586 
706.496197923 -0.0177582280724 
709.496197923 -0.0172764653083 
712.496197923 -0.0184362437995 
715.496197923 -0.0175587146747 
718.496197923 -0.0147330029793 
721.496197923 -0.0125799035137 
724.496197923 -0.0114911830189 
727.496197923 -0.0105121873292 
730.496197923 -0.0117983366063 
733.496197923 -0.00946213650809 
736.496197923 -0.0115918393457 
739.496197923 -0.0191053022125 
742.496197923 -0.0233107176086 
745.496197923 -0.0215695491549 
748.496197923 -0.0105728062041 
751.496197923 -0.00105943495701 
754.496197923 -0.00731436375631 
757.496197923 -0.0137360216081 
760.496197923 -0.0159313199246 
763.496197923 -0.0119191583499 
766.496197923 -0.0104849669961 
769.496197923 -0.00414519762906 
772.496197923 -0.00118678473287 
775.496197923 0.00605052983479 
778.496197923 0.014993638356 
781.496197923 0.0202028894855 
784.496197923 0.0205616610849 
787.496197923 0.0152759518996 
790.496197923 0.013570148563 
793.496197923 0.0101019570149 
796.496197923 0.00515917852919 
799.496197923 -0.00146239268232 
802.496197923 -0.00433621555997 
805.496197923 -0.00894993537895 
808.496197923 -0.0146839291379 
811.496197923 -0.0245423253695 
814.496197923 -0.0246346352124 
817.496197923 -0.0195673671371 
820.496197923 -0.0139010660787 
823.496197923 -0.0158452432996 
826.496197923 -0.0201128052189 
829.496197923 -0.0212748516892 
832.496197923 -0.0228132222437 
835.496197923 -0.0248619717512 
838.496197923 -0.0277342601043 
841.496197923 -0.0261041320899 
844.496197923 -0.0336291674948 
847.496197923 -0.0380556323487 
850.496197923 -0.0373129545783 
853.496197923 -0.030244755942 
856.496197923 -0.0161138928136 
859.496197923 -0.00322750413035 
862.496197923 0.000245120305438 
865.496197923 -0.00579959725994 
868.496197923 -0.0145676101178 
871.496197923 -0.0163276019955 
874.496197923 -0.0135463238954 
877.496197923 -0.0157691370728 
880.496197923 -0.0127991743442 
883.496197923 -0.00809422366277 
886.496197923 -0.00698371956702 
889.496197923 -0.0132536892707 
892.496197923 -0.0161943802855 
895.496197923 -0.0116370144176 
898.496197923 -0.00537798923154 
901.496197923 -0.00197473949961 
904.496197923 -0.00299062465984 
907.496197923 -0.00196567231063 
910.496197923 0.00632984824787 
913.496197923 0.0131711928209 
916.496197923 0.0163409348246 
919.496197923 0.0125080478854 
922.496197923 0.00585110009668 
925.496197923 0.00916531775415 
928.496197923 0.011022660256 
931.496197923 0.0120124468962 
934.496197923 0.00728135486218 
937.496197923 0.00614947686858 
940.496197923 0.00623888899285 
943.496197923 0.00631320971614 
946.496197923 0.0011706722256 
949.496197923 -0.0048979856124 
952.496197923 -0.00457782466649 
955.496197923 -0.00367814951093 
958.496197923 -0.000450849802396 
961.496197923 -0.00702814972417 
964.496197923 -0.0150601569562 
967.496197923 -0.0142244908975 
970.496197923 -0.0129719028975 
973.496197923 -0.00729496330968 
976.496197923 -0.00815803936825 
979.496197923 -0.00549739162593 
982.496197923 -0.000206911995494 
985.496197923 0.00268009345684 
988.496197923 0.00159768038496 
991.496197923 -0.00116154329464 
994.496197923 -0.00279838019805 
997.496197923 0.000738352680408 
1000.49619792 0.00629756020207 
1003.49619792 0.0099174370332 
1006.49619792 0.0105700935682 
1009.49619792 0.010874653706 
1012.49619792 0.0131062041611 
1015.49619792 0.0126088554872 
1018.49619792 0.00744831720193 
1021.49619792 -0.000374722230941 
1024.49619792 -0.0060154701329 
1027.49619792 -0.0083204892433 
1030.49619792 -0.00106172177384 
1033.49619792 0.00124319132945 
1036.49619792 0.00170374135516 
1039.49619792 -0.00347012660751 
1042.49619792 -0.00840692342737 
1045.49619792 -0.00445933479274 
1048.49619792 0.00193072019162 
1051.49619792 0.00200527212501 
1054.49619792 0.00842423811254 
1057.49619792 0.00976824664171 
1060.49619792 0.00750822783479 
1063.49619792 0.00211734985806 
1066.49619792 0.00104656662535 
1069.49619792 0.000637463066377 
1072.49619792 0.00207199385775 
1075.49619792 0.00270271795205 
1078.49619792 0.00700431187734 
1081.49619792 0.00940530982253 
1084.49619792 0.00642521338746 
1087.49619792 0.00933559267275 
1090.49619792 0.00622925323332 
1093.49619792 0.00214868154784 
1096.49619792 0.00386670435238 
1099.49619792 0.010092096635 
1102.49619792 0.0107000502594 
1105.49619792 0.00834866249431 
1108.49619792 0.00421585165246 
1111.49619792 0.00261156415967 
1114.49619792 0.0047257633146 
1117.49619792 -0.00144918061545 
1120.49619792 -0.00409193994494 
1123.49619792 -0.00469264382927 
1126.49619792 -0.0033156126537 
1129.49619792 0.00117448153369 
1132.49619792 0.00528222413 
1135.49619792 0.00460231173522 
1138.49619792 0.0078608126302 
1141.49619792 0.00929119173918 
1144.49619792 0.00636599552537 
1147.49619792 0.00336745442668 
1150.49619792 -0.00336040122948 
1153.49619792 -0.00801178566013 
1156.49619792 -0.00796762768339 
1159.49619792 -0.00702604677237 
1162.49619792 -0.00995385076101 
1165.49619792 -0.0162891025063 
1168.49619792 -0.0223733924531 
1171.49619792 -0.0227939896894 
1174.49619792 -0.0185422119419 
1177.49619792 -0.0115883703347 
1180.49619792 -0.00744149893941 
1183.49619792 -0.00879938351239 
1186.49619792 -0.0118484716648 
1189.49619792 -0.01519627925 
1192.49619792 -0.0191942553547 
1195.49619792 -0.0179700772594 
1198.49619792 -0.0131083105509 
1201.49619792 -0.00884303494706 
1204.49619792 -0.00691132301598 
1207.49619792 -0.00445860706827 
1210.49619792 -0.00228825480267 
1213.49619792 -0.00623432266508 
1216.49619792 -0.0105636128094 
1219.49619792 -0.00986889609234 
1222.49619792 -0.00670324997406 
1225.49619792 -0.00638860025169 
1228.49619792 -0.00196077693107 
1231.49619792 0.00538614375663 
1234.49619792 0.0109480335446 
1237.49619792 0.0138523062475 
1240.49619792 0.0130043124217 
1243.49619792 0.0148157584303 
1246.49619792 0.0181604545636 
1249.49619792 0.0208170362171 
1252.49619792 0.0229662919223 
1255.49619792 0.0224158250926 
1258.49619792 0.0255432822938 
1261.49619792 0.0280638493797 
1264.49619792 0.0296738646943 
1267.49619792 0.0263342030391 
1270.49619792 0.0210958268867 
1273.49619792 0.0169945459965 
1276.49619792 0.0181783577314 
1279.49619792 0.0171922429482 
1282.49619792 0.0160978576629 
1285.49619792 0.0158074142337 
1288.49619792 0.0128484498856 
1291.49619792 0.00871283587207 
1294.49619792 0.0024404454818 
1297.49619792 -0.0058851553096 
1300.49619792 -0.00519822982842 
1303.49619792 -0.00466561516852 
1306.49619792 -0.010660790957 
1309.49619792 -0.0162772090819 
1312.49619792 -0.0197319062117 
1315.49619792 -0.0200377453109 
1318.49619792 -0.0176523241074 
1321.49619792 -0.0158834746195 
1324.49619792 -0.0143456381116 
1327.49619792 -0.0156637694464 
1330.49619792 -0.0154943723812 
1333.49619792 -0.0133510622422 
1336.49619792 -0.0158572295518 
1339.49619792 -0.0182906003485 
1342.49619792 -0.0168893262071 
1345.49619792 -0.00831639507692 
1348.49619792 -0.00458816637605 
1351.49619792 -0.00625281546167 
1354.49619792 -0.00705140653745 
1357.49619792 -0.00638430896939 
1360.49619792 -0.00291241548126 
1363.49619792 7.51965711997e-05 
1366.49619792 0.00162247616359 
1369.49619792 0.00107886097427 
1372.49619792 0.00154695498143 
1375.49619792 0.00710343940972 
1378.49619792 0.0151548459424 
1381.49619792 0.0179251291 
1384.49619792 0.0195269767103 
1387.49619792 0.0196964574351 
1390.49619792 0.0163395103182 
1393.49619792 0.00686870472084 
1396.49619792 -0.00221915278062 
1399.49619792 -0.00541317155787 
1402.49619792 -0.010882752649 
1405.49619792 -0.0134558889458 
1408.49619792 -0.0141613966134 
1411.49619792 -0.0207427831091 
1414.49619792 -0.0294155832484 
1417.49619792 -0.0347518732951 
1420.49619792 -0.0398358664268 
1423.49619792 -0.0432234272501 
1426.49619792 -0.0403476756161 
1429.49619792 -0.0415303436203 
1432.49619792 -0.0383657965379 
1435.49619792 -0.0317059899953 
1438.49619792 -0.0255384483697 
1441.49619792 -0.019625470492 
1444.49619792 -0.0143332484593 
1447.49619792 -0.00695706880728 
1450.49619792 0.000110828138457 
1453.49619792 0.00302279294626 
1456.49619792 0.00548793751101 
1459.49619792 0.00596103863495 
1462.49619792 0.0119359326853 
1465.49619792 0.0153018611827 
1468.49619792 0.0154008924491 
1471.49619792 0.0104379284911 
1474.49619792 0.00585345345446 
1477.49619792 0.00653678730024 
1480.49619792 0.00875192499005 
1483.49619792 0.0147608467488 
1486.49619792 0.019598905684 
1489.49619792 0.0179923490661 
1492.49619792 0.0151787966725 
1495.49619792 0.0163685321991 
1498.49619792 0.021862447365 
1501.49619792 0.0278428778514 
1504.49619792 0.0280965637459 
1507.49619792 0.0253128950423 
1510.49619792 0.0210622002863 
1513.49619792 0.0244847675214 
1516.49619792 0.0254319759773 
1519.49619792 0.0253900796765 
1522.49619792 0.0241333350519 
1525.49619792 0.0202730650444 
1528.49619792 0.0144091128753 
1531.49619792 0.00598528962299 
1534.49619792 0.00438700872209 
1537.49619792 0.00607333110402 
1540.49619792 0.0121833956762 
1543.49619792 0.0167736787563 
1546.49619792 0.019012705864 
1549.49619792 0.0162573404849 
1552.49619792 0.0144673170802 
1555.49619792 0.0129976116266 
1558.49619792 0.00982056945774 
1561.49619792 0.00409761390372 
1564.49619792 0.000412193701958 
1567.49619792 -0.00135639087555 
1570.49619792 -0.000547693311377 
1573.49619792 -0.00388731385304 
1576.49619792 -0.0106881545429 
1579.49619792 -0.0195556135275 
1582.49619792 -0.0235459869171 
1585.49619792 -0.0221554120443 
1588.49619792 -0.0169224130307 
1591.49619792 -0.0144266493159 
1594.49619792 -0.0175836269178 
1597.49619792 -0.0217338200602 
1600.49619792 -0.0250726794995 
1603.49619792 -0.0270673642363 
1606.49619792 -0.0287914661187 
1609.49619792 -0.0279145042751 
1612.49619792 -0.029131367307 
1615.49619792 -0.0340860661487 
1618.49619792 -0.0365434621669 
1621.49619792 -0.0346996444529 
1624.49619792 -0.0237774399697 
1627.49619792 -0.00915607679947 
1630.49619792 0.0034603510332 
1633.49619792 0.0114897035035 
1636.49619792 0.0153864663144 
1639.49619792 0.0130093320015 
1642.49619792 0.0120055111663 
1645.49619792 0.0108481805798 
1648.49619792 0.00817577636281 
1651.49619792 0.00375156401671 
1654.49619792 -0.00171491077968 
1657.49619792 -0.00422476656367 
1660.49619792 -0.00464256635837 
1663.49619792 -0.00182057622877 
1666.49619792 0.000225933448807 
1669.49619792 -0.000596426246866 
1672.49619792 -0.00253084719674 
1675.49619792 -0.00255951151851 
1678.49619792 -0.000697934677385 
1681.49619792 0.00212416539878 
1684.49619792 0.000788574908312 
1687.49619792 0.00113796351782 
1690.49619792 0.00416375460292 
1693.49619792 0.0107006931782 
1696.49619792 0.0158013861538 
1699.49619792 0.0162068879781 
1702.49619792 0.015731063904 
1705.49619792 0.0178599616606 
1708.49619792 0.0171155476657 
1711.49619792 0.0155485036212 
1714.49619792 0.0135108682427 
1717.49619792 0.0150628180211 
1720.49619792 0.0155004531781 
1723.49619792 0.0159658587591 
1726.49619792 0.0117991674728 
1729.49619792 0.00622379472682 
1732.49619792 0.00439873224862 
1735.49619792 0.00361185237963 
1738.49619792 0.00471314531729 
1741.49619792 0.00377253250901 
1744.49619792 0.00203429028131 
1747.49619792 -0.00386767789873 
1750.49619792 -0.00676862541654 
1753.49619792 -0.00634002034606 
1756.49619792 -0.0100778997048 
1759.49619792 -0.017424459252 
1762.49619792 -0.02289040917 
1765.49619792 -0.021309051301 
1768.49619792 -0.0189622774236 
1771.49619792 -0.0157012478294 
1774.49619792 -0.0134224124744 
1777.49619792 -0.0155875921662 
1780.49619792 -0.0176908476631 
1783.49619792 -0.0179369205283 
1786.49619792 -0.0121457832086 
1789.49619792 -0.00978582777718 
1792.49619792 -0.00373027549755 
1795.49619792 -0.00344331597759 
1798.49619792 -0.00283651754412 
1801.49619792 -0.00398100465336 
1804.49619792 0.00289594999897 
1807.49619792 0.012484687357 
1810.49619792 0.0221937304619 
1813.49619792 0.0219372161831 
1816.49619792 0.0160985555907 
1819.49619792 0.00844454334415 
1822.49619792 0.00043466477337 
1825.49619792 -0.00322501869345 
1828.49619792 -0.00571156838517 
1831.49619792 -0.00994324890427 
1834.49619792 -0.00969185963935 
1837.49619792 -0.0126715681457 
1840.49619792 -0.0150746541444 
1843.49619792 -0.0168040288776 
1846.49619792 -0.0148659244314 
1849.49619792 -0.0150027538212 
1852.49619792 -0.0155040402294 
1855.49619792 -0.0181573476958 
1858.49619792 -0.0210973373447 
1861.49619792 -0.0230625968006 
1864.49619792 -0.0230935256634 
1867.49619792 -0.0244060884735 
1870.49619792 -0.0302972048206 
1873.49619792 -0.0325196799212 
1876.49619792 -0.030674592414 
1879.49619792 -0.0298150363644 
1882.49619792 -0.0304524221459 
1885.49619792 -0.0266709778772 
1888.49619792 -0.0262429292008 
1891.49619792 -0.0249709539335 
1894.49619792 -0.0216095155534 
1897.49619792 -0.0170749841894 
1900.49619792 -0.00810464673995 
1903.49619792 -0.00353633921964 
1906.49619792 -0.0012151564607 
1909.49619792 -0.00185679627872 
1912.49619792 -0.0007879768993 
1915.49619792 0.00197557752876 
1918.49619792 0.00594286557872 
1921.49619792 0.00737401997211 
1924.49619792 0.00786938373457 
1927.49619792 0.0057488634045 
1930.49619792 0.00576575807231 
1933.49619792 0.00905862188733 
1936.49619792 0.00986602759733 
1939.49619792 0.00731983773412 
1942.49619792 0.00115379517788 
1945.49619792 -0.00732706398076 
1948.49619792 -0.0133356929307 
1951.49619792 -0.0168982949813 
1954.49619792 -0.0175039932329 
1957.49619792 -0.0163937756429 
1960.49619792 -0.0152191435505 
1963.49619792 -0.0109982889355 
1966.49619792 -0.00296327339367 
1969.49619792 0.00751430003649 
1972.49619792 0.010980753641 
1975.49619792 0.00896969338468 
1978.49619792 0.00700332629775 
1981.49619792 0.00731141618572 
1984.49619792 0.00839489362625 
1987.49619792 0.0113514083506 
1990.49619792 0.0122398602185 
1993.49619792 0.0139520698225 
1996.49619792 0.014886179238 
1999.49619792 0.0107961351013 
2002.49619792 0.00356828575065 
2005.49619792 -0.00379407916979 
2008.49619792 -0.00740429388287 
2011.49619792 -0.00597910281902 
2014.49619792 -0.00545253228325 
2017.49619792 -0.00162880006054 
2020.49619792 0.000197537779848 
2023.49619792 0.00066434976356 
2026.49619792 -0.00234108745559 
2029.49619792 -0.00330988253981 
2032.49619792 -0.00498611705621 
2035.49619792 -0.00957617379683 
2038.49619792 -0.0179287998109 
2041.49619792 -0.023380618122 
2044.49619792 -0.0245577141634 
2047.49619792 -0.0237320826801 
2050.49619792 -0.0176035665682 
2053.49619792 -0.0126926549649 
2056.49619792 -0.0134453902311 
2059.49619792 -0.0196319936537 
2062.49619792 -0.0286302230056 
2065.49619792 -0.0318660229084 
2068.49619792 -0.0311075185634 
2071.49619792 -0.0307273277982 
2074.49619792 -0.0321042145749 
2077.49619792 -0.0335153353441 
2080.49619792 -0.0321145585766 
2083.49619792 -0.026910235345 
2086.49619792 -0.0206539686357 
2089.49619792 -0.0178870192584 
2092.49619792 -0.0154547062408 
2095.49619792 -0.0152808396868 
2098.49619792 -0.0149625650944 
2101.49619792 -0.0155396127765 
2104.49619792 -0.00931814963303 
2107.49619792 0.000121217040881 
2110.49619792 0.00639285085018 
2113.49619792 0.0106229252184 
2116.49619792 0.0125328031234 
2119.49619792 0.0155370296412 
2122.49619792 0.0137077285977 
2125.49619792 0.0153202628704 
2128.49619792 0.0136698319164 
2131.49619792 0.0140675258875 
2134.49619792 0.0147154470564 
2137.49619792 0.0171052254385 
2140.49619792 0.0136401247139 
2143.49619792 0.00899147240159 
2146.49619792 0.0079804419371 
2149.49619792 0.0101881069854 
2152.49619792 0.00942174149715 
2155.49619792 0.00668583042781 
2158.49619792 0.00369235331727 
2161.49619792 0.000974782193722 
2164.49619792 -0.00156227100287 
2167.49619792 -0.000987230722915 
2170.49619792 0.000469435641706 
2173.49619792 0.000300092994737 
2176.49619792 -0.000519804345647 
2179.49619792 -0.000591753088289 
2182.49619792 -0.00162107858881 
2185.49619792 -0.00237820455488 
2188.49619792 0.000254425294146 
2191.49619792 0.0040086464363 
2194.49619792 0.00602261501192 
2197.49619792 0.00912871837066 
2200.49619792 0.00628690677431 
2203.49619792 -0.000240152010182 
2206.49619792 -0.00498996654673 
2209.49619792 -0.0103561299692 
2212.49619792 -0.0149078929317 
2215.49619792 -0.0155069660256 
2218.49619792 -0.0141586495968 
2221.49619792 -0.0126500114572 
2224.49619792 -0.0103596872239 
2227.49619792 -0.00363075659839 
2230.49619792 0.000859782460721 
2233.49619792 0.0037676621987 
2236.49619792 0.00409571379796 
2239.49619792 0.00753807313303 
2242.49619792 0.0136410518464 
2245.49619792 0.0242506694482 
2248.49619792 0.0287029496112 
2251.49619792 0.0302431469261 
2254.49619792 0.0329900168382 
2257.49619792 0.0356691957689 
2260.49619792 0.0427816950617 
2263.49619792 0.0520353843514 
2266.49619792 0.0586678490825 
2269.49619792 0.0584949004927 
2272.49619792 0.0524673799303 
2275.49619792 0.0468065774892 
2278.49619792 0.045848736234 
2281.49619792 0.0450695920188 
2284.49619792 0.0419337161342 
2287.49619792 0.0334086566676 
2290.49619792 0.0208408826591 
2293.49619792 0.0113268330381 
2296.49619792 0.00708252907808 
2299.49619792 0.00580844398279 
2302.49619792 -0.00121472827794 
2305.49619792 -0.00880991889981 
2308.49619792 -0.0202729733626 
2311.49619792 -0.0275823914576 
2314.49619792 -0.0323208243405 
2317.49619792 -0.0332067985073 
2320.49619792 -0.0320647042936 
2323.49619792 -0.0295343891379 
2326.49619792 -0.0252949024847 
2329.49619792 -0.0212430243445 
2332.49619792 -0.0159042439904 
2335.49619792 -0.00925322056642 
2338.49619792 -0.00294574554827 
2341.49619792 -0.000940512101528 
2344.49619792 -0.00167294385524 
2347.49619792 -0.00504047635472 
2350.49619792 -0.00319216909649 
2353.49619792 -0.000725036325466 
2356.49619792 0.00409095350583 
2359.49619792 0.00434306046752 
2362.49619792 0.00521887313676 
2365.49619792 0.00408106476177 
2368.49619792 0.00238976907075 
2371.49619792 0.00172472259696 
2374.49619792 0.00282712989852 
2377.49619792 0.00213579308916 
2380.49619792 -6.09733272466e-05 
2383.49619792 -0.000718491675876 
2386.49619792 -0.00239324252254 
2389.49619792 0.00124927556439 
2392.49619792 0.00410462441157 
2395.49619792 0.00663926236516 
2398.49619792 0.00697826220654 
2401.49619792 0.00789666595287 
2404.49619792 0.00794973998683 
2407.49619792 0.00941415539936 
2410.49619792 0.00982140490835 
2413.49619792 0.0127004891766 
2416.49619792 0.0151371410365 
2419.49619792 0.0171457132773 
2422.49619792 0.0155017080731 
2425.49619792 0.0147096802697 
2428.49619792 0.0105071562892 
2431.49619792 0.00881544387563 
2434.49619792 0.0083034799732 
2437.49619792 0.0104150561685 
2440.49619792 0.0119586502949 
2443.49619792 0.0144951173008 
2446.49619792 0.0150109031892 
2449.49619792 0.0143039091301 
2452.49619792 0.0113475829265 
2455.49619792 0.00835936921213 
2458.49619792 0.00695847096615 
2461.49619792 0.00467225723004 
2464.49619792 0.00660357750785 
2467.49619792 0.0109450951422 
2470.49619792 0.0128130962289 
2473.49619792 0.0115852176261 
2476.49619792 0.0109343064838 
2479.49619792 0.00866935118371 
2482.49619792 0.00434982286144 
2485.49619792 9.75389724572e-06 
2488.49619792 0.00225656727281 
2491.49619792 0.00286547095013 
2494.49619792 0.00528730101091 
2497.49619792 0.00285102332745 
2500.49619792 0.00370953363126 
2503.49619792 -6.30886435589e-05 
2506.49619792 -0.00372190552018 
2509.49619792 -0.00813644142294 
2512.49619792 -0.0085485844492 
2515.49619792 -0.00866840857997 
2518.49619792 -0.00868663320723 
2521.49619792 -0.0113284970632 
2524.49619792 -0.011079861691 
2527.49619792 -0.0102957357147 
2530.49619792 -0.0121929741346 
2533.49619792 -0.0126878118726 
2536.49619792 -0.0122921956408 
2539.49619792 -0.00983199186679 
2542.49619792 -0.00681961884615 
2545.49619792 -0.00219269469595 
2548.49619792 0.00335225186149 
2551.49619792 0.0073585899214 
2554.49619792 0.0105739109701 
2557.49619792 0.0135360520933 
2560.49619792 0.0150734485284 
2563.49619792 0.015276927165 
2566.49619792 0.0147841717504 
2569.49619792 0.0149901212121 
2572.49619792 0.0132160550286 
2575.49619792 0.011204076808 
2578.49619792 0.00775706777204 
2581.49619792 -0.000447138156932 
2584.49619792 -0.00919194616645 
2587.49619792 -0.0138159326305 
2590.49619792 -0.0183597651153 
2593.49619792 -0.0218756976803 
2596.49619792 -0.0259379106539 
2599.49619792 -0.0282586870045 
2602.49619792 -0.0294294890888 
2605.49619792 -0.025860086539 
2608.49619792 -0.021374351679 
2611.49619792 -0.015185665933 
2614.49619792 -0.00863837017689 
2617.49619792 -0.00125912835199 
2620.49619792 0.00582855037945 
2623.49619792 0.0101612957824 
2626.49619792 0.0111825373099 
2629.49619792 0.0151889756468 
2632.49619792 0.0189247543457 
2635.49619792 0.0211480809413 
2638.49619792 0.0238011809776 
2641.49619792 0.027225570389 
2644.49619792 0.0253839003217 
2647.49619792 0.017704628587 
2650.49619792 0.00877138560287 
2653.49619792 0.00475291116172 
2656.49619792 0.00272636097501 
2659.49619792 0.00280849700065 
2662.49619792 0.00479544780273 
2665.49619792 0.00827124464445 
2668.49619792 0.00806913034798 
2671.49619792 -2.17083216264e-05 
2674.49619792 -0.00951290531723 
2677.49619792 -0.0133749327506 
2680.49619792 -0.0127524922523 
2683.49619792 -0.0143279733165 
2686.49619792 -0.0182449267567 
2689.49619792 -0.0187609063229 
2692.49619792 -0.018104278819 
2695.49619792 -0.0170398242105 
2698.49619792 -0.0181880404779 
2701.49619792 -0.0159157248466 
2704.49619792 -0.011586318954 
2707.49619792 -0.00586213285798 
2710.49619792 -0.0046067932573 
2713.49619792 -0.00666039960931 
2716.49619792 -0.00883136958119 
2719.49619792 -0.0104446842954 
2722.49619792 -0.00703320139258 
2725.49619792 -0.00134972804236 
2728.49619792 0.00367878956466 
2731.49619792 0.00639060521855 
2734.49619792 0.00921306507424 
2737.49619792 0.0145319711014 
2740.49619792 0.0201228993876 
2743.49619792 0.0214774478882 
2746.49619792 0.0211149792194 
2749.49619792 0.0163639779046 
2752.49619792 0.0102035542264 
2755.49619792 0.00185998107603 
2758.49619792 2.59448276176e-05 
2761.49619792 0.00257089926036 
2764.49619792 0.00366352711978 
2767.49619792 0.00582504584179 
2770.49619792 0.0059398005408 
2773.49619792 0.00469246734177 
2776.49619792 0.00190960586793 
2779.49619792 -0.000320314405526 
2782.49619792 -0.000473634454292 
2785.49619792 -0.000309569797328 
2788.49619792 0.00209795972563 
2791.49619792 0.00224943213499 
2794.49619792 0.000205759418897 
2797.49619792 -0.00208948732248 
2800.49619792 -0.00247019365461 
2803.49619792 -0.00666745910964 
2806.49619792 -0.0134052725577 
2809.49619792 -0.0193689378769 
2812.49619792 -0.024736392867 
2815.49619792 -0.0262706858725 
2818.49619792 -0.0250017613178 
2821.49619792 -0.0234917387828 
2824.49619792 -0.0191734103463 
2827.49619792 -0.0152646452389 
2830.49619792 -0.014533614498 
2833.49619792 -0.0148547128906 
2836.49619792 -0.0165518924058 
2839.49619792 -0.0172122158332 
2842.49619792 -0.0173217377922 
2845.49619792 -0.01705519123 
2848.49619792 -0.0192983451657 
2851.49619792 -0.0220048911203 
2854.49619792 -0.0179151781842 
2857.49619792 -0.00931261319698 
2860.49619792 -0.00452354071897 
2863.49619792 -0.000462643415383 
2866.49619792 0.00569117892089 
2869.49619792 0.0134139513882 
2872.49619792 0.0203456289148 
2875.49619792 0.0220862656138 
2878.49619792 0.0229625742244 
2881.49619792 0.0232836943914 
2884.49619792 0.0253966074223 
2887.49619792 0.0271291944573 
2890.49619792 0.027572599839 
2893.49619792 0.0285956704188 
2896.49619792 0.0282234766006 
2899.49619792 0.0224464055644 
2902.49619792 0.0141183726262 
2905.49619792 0.00822485306932 
2908.49619792 0.00602532592881 
2911.49619792 0.00129099752646 
2914.49619792 -0.00644485277984 
2917.49619792 -0.0166841296823 
2920.49619792 -0.0231475766818 
2923.49619792 -0.0203936037204 
2926.49619792 -0.0151231343461 
2929.49619792 -0.0134736511529 
2932.49619792 -0.0170466487762 
2935.49619792 -0.0196871815267 
2938.49619792 -0.0200028145366 
2941.49619792 -0.0165009528393 
2944.49619792 -0.0127689479933 
2947.49619792 -0.00869531031871 
2950.49619792 -0.00618793968512 
2953.49619792 -0.00291526678594 
2956.49619792 0.00148468697972 
2959.49619792 0.00863698062427 
2962.49619792 0.0124771018323 
2965.49619792 0.0134481292256 
2968.49619792 0.0133359565159 
2971.49619792 0.0133008595683 
2974.49619792 0.0132434472651 
2977.49619792 0.0122829357768 
2980.49619792 0.0122878396082 
2983.49619792 0.0118708087948 
2986.49619792 0.0127298880989 
2989.49619792 0.0120838017125 
2992.49619792 0.00556018966318 
2995.49619792 0.000499984490496 
2998.49619792 -0.00303991280755 
3001.49619792 0.000577873534777 
3004.49619792 0.00896437813103 
3007.49619792 0.015600714127 
3010.49619792 0.0183741282188 
3013.49619792 0.0159090022769 
3016.49619792 0.0127797068552 
3019.49619792 0.00848741605634 
3022.49619792 0.00306079649416 
3025.49619792 -0.00281848802724 
3028.49619792 -0.0071287390086 
3031.49619792 -0.00818248174209 
3034.49619792 -0.0119773098378 
3037.49619792 -0.0172443205154 
3040.49619792 -0.0230952767862 
3043.49619792 -0.0300941937613 
3046.49619792 -0.0352470055609 
3049.49619792 -0.0360109328857 
3052.49619792 -0.0356719026747 
3055.49619792 -0.032716979203 
3058.49619792 -0.0239909692261 
3061.49619792 -0.0122220338342 
3064.49619792 -0.00368472481663 
3067.49619792 0.0047647429874 
3070.49619792 0.0107429986091 
3073.49619792 0.017135080478 
3076.49619792 0.0173524305743 
3079.49619792 0.0171362276468 
3082.49619792 0.014383288398 
3085.49619792 0.0105380324349 
3088.49619792 0.00692340438812 
3091.49619792 0.00571521617568 
3094.49619792 0.00388285152684 
3097.49619792 -0.00100205073137 
3100.49619792 -0.00912323407865 
3103.49619792 -0.017334354357 
3106.49619792 -0.0215751669586 
3109.49619792 -0.0248985413381 
3112.49619792 -0.0232581082868 
3115.49619792 -0.0200851012642 
3118.49619792 -0.0166925300293 
3121.49619792 -0.0119509329775 
3124.49619792 -0.00279494700031 
3127.49619792 0.00562189267567 
3130.49619792 0.0147405896501 
3133.49619792 0.0254523889351 
3136.49619792 0.0354897125573 
3139.49619792 0.0437216125207 
3142.49619792 0.0499840677529 
3145.49619792 0.0523934293724 
3148.49619792 0.0505538840313 
3151.49619792 0.0490596032651 
3154.49619792 0.0460766297399 
3157.49619792 0.0409925701389 
3160.49619792 0.0338959088809 
3163.49619792 0.0296534013116 
3166.49619792 0.0243682926422 
3169.49619792 0.0165130181671 
3172.49619792 0.00469486081034 
3175.49619792 -0.0115435642821 
3178.49619792 -0.0261946082963 
3181.49619792 -0.0349329746909 
3184.49619792 -0.0390711300099 
3187.49619792 -0.0411903599184 
3190.49619792 -0.0413887547979 
3193.49619792 -0.0415079686715 
3196.49619792 -0.041075235054 
3199.49619792 -0.0380865176626 
3202.49619792 -0.0324973485214 
3205.49619792 -0.0264345327494 
3208.49619792 -0.0166356460426 
3211.49619792 -0.00685922883149 
3214.49619792 -0.000974118574907 
3217.49619792 0.00111208152448 
3220.49619792 0.000550965206414 
3223.49619792 0.000805397161817 
3226.49619792 0.000760904546427 
3229.49619792 0.00418795258741 
3232.49619792 0.00548778852805 
3235.49619792 0.00451228448323 
3238.49619792 0.00159959667831 
3241.49619792 0.00106445775997 
3244.49619792 0.00307650502841 
3247.49619792 0.0100327372391 
3250.49619792 0.0168274856718 
3253.49619792 0.0218703663824 
3256.49619792 0.0228063163105 
3259.49619792 0.0204570590017 
3262.49619792 0.0155817314057 
3265.49619792 0.00961575226654 
3268.49619792 0.0072223283859 
3271.49619792 0.00684932490262 
3274.49619792 0.00812297450925 
3277.49619792 0.00600607045406 
3280.49619792 0.00188256717948 
3283.49619792 -0.00680820560529 
3286.49619792 -0.0114756864989 
3289.49619792 -0.0138353875132 
3292.49619792 -0.0127406503989 
3295.49619792 -0.00827775806492 
3298.49619792 -0.00428805882324 
3301.49619792 -0.000254865474333 
3304.49619792 0.00246606109647 
3307.49619792 0.00212794555492 
3310.49619792 0.00182412016096 
3313.49619792 0.00361529302652 
3316.49619792 0.0110668096375 
3319.49619792 0.0137894216855 
3322.49619792 0.00859781586879 
3325.49619792 0.00216970275719 
3328.49619792 -0.00554940329678 
3331.49619792 -0.0104213260591 
3334.49619792 -0.00928057441114 
3337.49619792 -0.0100065895833 
3340.49619792 -0.0140575027723 
3343.49619792 -0.0186160249771 
3346.49619792 -0.0215847247886 
3349.49619792 -0.0207188083126 
3352.49619792 -0.0180131172909 
3355.49619792 -0.0146361652005 
3358.49619792 -0.0131746675619 
3361.49619792 -0.0129718387203 
3364.49619792 -0.00801619555578 
3367.49619792 -0.00229230198212 
3370.49619792 -0.00108851256324 
3373.49619792 -0.00318282786481 
3376.49619792 -0.00726753955757 
3379.49619792 -0.00974402086617 
3382.49619792 -0.0131111538335 
3385.49619792 -0.0171601543104 
3388.49619792 -0.0201743030933 
3391.49619792 -0.0259722477884 
3394.49619792 -0.0283797918157 
3397.49619792 -0.0304240191173 
3400.49619792 -0.0322259336544 
3403.49619792 -0.0311306315508 
3406.49619792 -0.0252844095001 
3409.49619792 -0.0131023649848 
3412.49619792 0.0015937730203 
3415.49619792 0.0157240479526 
3418.49619792 0.0220443968176 
3421.49619792 0.0235306027073 
3424.49619792 0.0226400673699 
3427.49619792 0.0203825950256 
3430.49619792 0.0202073085494 
3433.49619792 0.0185013986326 
3436.49619792 0.0167471380148 
3439.49619792 0.0181770237609 
3442.49619792 0.0207120353179 
3445.49619792 0.0217802752396 
3448.49619792 0.0188400712845 
3451.49619792 0.0151517264684 
3454.49619792 0.0125377825924 
3457.49619792 0.0118705967806 
3460.49619792 0.0118825177096 
3463.49619792 0.0122960691978 
3466.49619792 0.012356549404 
3469.49619792 0.00946679451768 
3472.49619792 0.00563136340792 
3475.49619792 0.00118068259133 
3478.49619792 -0.00411451516118 
3481.49619792 -0.00451577269006 
3484.49619792 -0.00222345982073 
3487.49619792 -0.00144469236049 
3490.49619792 -0.00177224701562 
3493.49619792 -0.00229129820942 
3496.49619792 -0.00283765325269 
3499.49619792 -0.00550468892598 
3502.49619792 -0.00666353283559 
3505.49619792 -0.00465547343993 
3508.49619792 -0.00144272191757 
3511.49619792 -0.000462004615123 
3514.49619792 -0.000724390398376 
3517.49619792 -0.00298655026235 
3520.49619792 -0.0054087307196 
3523.49619792 -0.00669621224817 
3526.49619792 -0.00696850439558 
3529.49619792 -0.00885444360384 
3532.49619792 -0.00962104689179 
3535.49619792 -0.00865828919883 
3538.49619792 -0.00438667637549 
3541.49619792 -0.0023644237742 
3544.49619792 -0.0020744007921 
3547.49619792 -0.000541121551186 
3550.49619792 0.00316705257474 
3553.49619792 0.0071439725164 
3556.49619792 0.00569222638571 
3559.49619792 -0.00224713751088 
3562.49619792 -0.0132125837256 
3565.49619792 -0.0204531877368 
3568.49619792 -0.0195702482384 
3571.49619792 -0.0139113653854 
3574.49619792 -0.00467029495254 
3577.49619792 0.00289770914394 
3580.49619792 0.00825531664685 
3583.49619792 0.0118573590715 
3586.49619792 0.0155448787512 
3589.49619792 0.0181943585015 
3592.49619792 0.0194810487013 
3595.49619792 0.0116843107778 
3598.49619792 0.002881412127 
3601.49619792 -0.00645237641939 
3604.49619792 -0.0124107448213 
3607.49619792 -0.0151403682366 
3610.49619792 -0.0165499315608 
3613.49619792 -0.0142856025622 
3616.49619792 -0.0105880895639 
3619.49619792 -0.005042100269 
3622.49619792 0.00455205663079 
3625.49619792 0.0146399459296 
3628.49619792 0.0204003217059 
3631.49619792 0.0216697871834 
3634.49619792 0.0190848033031 
3637.49619792 0.0176659846989 
3640.49619792 0.0215384185922 
3643.49619792 0.0274948857422 
3646.49619792 0.0382887425502 
3649.49619792 0.0475040102803 
3652.49619792 0.0505277317915 
3655.49619792 0.0462858430745 
3658.49619792 0.0365528182969 
3661.49619792 0.0262277168944 
3664.49619792 0.0166424877986 
3667.49619792 0.00967800995406 
3670.49619792 0.00311115846522 
3673.49619792 -0.00252810247218 
3676.49619792 -0.00901886693012 
3679.49619792 -0.0166993523029 
3682.49619792 -0.0243883755454 
3685.49619792 -0.0262540983388 
3688.49619792 -0.0253622267389 
3691.49619792 -0.0251346426591 
3694.49619792 -0.0266954844284 
3697.49619792 -0.029039605263 
3700.49619792 -0.0301892173861 
3703.49619792 -0.0281991923779 
3706.49619792 -0.0271520003106 
3709.49619792 -0.0245390683728 
3712.49619792 -0.0194863960436 
3715.49619792 -0.0109867966191 
3718.49619792 -0.00335538508777 
3721.49619792 0.00149970990583 
3724.49619792 0.00250982197632 
3727.49619792 -0.000406697734838 
3730.49619792 -0.0061803220717 
3733.49619792 -0.0125099159025 
3736.49619792 -0.0189202791268 
3739.49619792 -0.0215376668012 
3742.49619792 -0.0214290513462 
3745.49619792 -0.0199560590992 
3748.49619792 -0.018056086269 
3751.49619792 -0.014439838892 
3754.49619792 -0.0109605893702 
3757.49619792 -0.00733318775348 
3760.49619792 -0.00340886223525 
3763.49619792 0.000432868203597 
3766.49619792 0.00394739610281 
3769.49619792 0.00720588353202 
3772.49619792 0.00773676425946 
3775.49619792 0.00835590020117 
3778.49619792 0.0119243647314 
3781.49619792 0.0154402904202 
3784.49619792 0.020577059047 
3787.49619792 0.0275516642948 
3790.49619792 0.0362007830194 
3793.49619792 0.0421643371743 
3796.49619792 0.0447328584374 
3799.49619792 0.0457264510193 
3802.49619792 0.0414594048102 
3805.49619792 0.033919260241 
3808.49619792 0.0253707073075 
3811.49619792 0.017404283521 
3814.49619792 0.0109041156596 
3817.49619792 0.0045099741013 
3820.49619792 -0.00783462429065 
3823.49619792 -0.015774829368 
3826.49619792 -0.0170689996585 
3829.49619792 -0.0082784966766 
3832.49619792 0.0035735053114 
3835.49619792 0.0105043439493 
3838.49619792 0.0148631315739 
3841.49619792 0.0137168257265 
3844.49619792 0.0139010019014 
3847.49619792 0.0141445959194 
3850.49619792 0.0139288181664 
3853.49619792 0.0130968858498 
3856.49619792 0.00882070870428 
3859.49619792 -0.00200506899247 
3862.49619792 -0.0139804293022 
3865.49619792 -0.0204840226257 
3868.49619792 -0.0265837976323 
3871.49619792 -0.0286406151402 
3874.49619792 -0.0293436084337 
3877.49619792 -0.0272407712351 
3880.49619792 -0.0220999674622 
3883.49619792 -0.0152732759365 
3886.49619792 -0.00317991582093 
3889.49619792 0.0101745495359 
3892.49619792 0.0196595532095 
3895.49619792 0.0262671194496 
3898.49619792 0.0237466830103 
3901.49619792 0.0207814361654 
3904.49619792 0.0185746627229 
3907.49619792 0.0159101162111 
3910.49619792 0.0118251718757 
3913.49619792 0.00800473532799 
3916.49619792 0.00179083020475 
3919.49619792 -0.0044192970544 
3922.49619792 -0.0103452427528 
3925.49619792 -0.0116476323187 
3928.49619792 -0.0125530292795 
3931.49619792 -0.0143246085936 
3934.49619792 -0.0180430880787 
3937.49619792 -0.0194130918425 
3940.49619792 -0.018514849502 
3943.49619792 -0.0174630870958 
3946.49619792 -0.0132971281181 
3949.49619792 -0.00709421564537 
3952.49619792 0.00335265125043 
3955.49619792 0.0118699802204 
3958.49619792 0.0187362370365 
3961.49619792 0.0221245336065 
3964.49619792 0.0189006832833 
3967.49619792 0.00814676536915 
3970.49619792 -0.00476089378339 
3973.49619792 -0.0163150347097 
3976.49619792 -0.0229183010724 
3979.49619792 -0.0232165443327 
3982.49619792 -0.0160564999928 
3985.49619792 -0.00282744849285 
3988.49619792 0.00774327767993 
3991.49619792 0.0146321415145 
3994.49619792 0.0180022965438 
3997.49619792 0.0180912726064 
4000.49619792 0.0172196879017 
4003.49619792 0.0138308538471 
4006.49619792 0.0099098904732 
4009.49619792 0.00675352771244 
4012.49619792 0.0059118490452 
4015.49619792 0.00666052280676 
4018.49619792 0.00884123168022 
4021.49619792 0.0125148495306 
4024.49619792 0.0120710613773 
4027.49619792 0.00906236594376 
4030.49619792 0.0023810709011 
4033.49619792 -0.00169861462226 
4036.49619792 -0.00579531629185 
4039.49619792 -0.00828129297219 
4042.49619792 -0.0146188293139 
4045.49619792 -0.0204087449734 
4048.49619792 -0.0221195621597 
4051.49619792 -0.0187059327562 
4054.49619792 -0.0109012185141 
4057.49619792 -0.00142483679956 
4060.49619792 0.00623672587485 
4063.49619792 0.0142307229694 
4066.49619792 0.0258088914093 
4069.49619792 0.0343486268436 
4072.49619792 0.0393374932085 
4075.49619792 0.0352735680769 
4078.49619792 0.0239797404949 
4081.49619792 0.0108543118017 
4084.49619792 0.00206128398837 
4087.49619792 -0.00117350440602 
4090.49619792 -0.00263205590649 
4093.49619792 -0.00662871609053 
4096.49619792 -0.0143190744496 
4099.49619792 -0.0207916518125 
4102.49619792 -0.019983868488 
4105.49619792 -0.0137381394582 
4108.49619792 -0.00646309918153 
4111.49619792 -0.00594402936485 
4114.49619792 -0.00729356172382 
4117.49619792 -0.0137146402611 
4120.49619792 -0.0194651717017 
4123.49619792 -0.0196734498817 
4126.49619792 -0.0137467965143 
4129.49619792 -0.00666106372951 
4132.49619792 -0.00152074544046 
4135.49619792 -6.67872395846e-05 
4138.49619792 -0.000185070824758 
4141.49619792 -0.00254752727179 
4144.49619792 -0.00532734877695 
4147.49619792 -0.00830707046257 
4150.49619792 -0.00908179446794 
4153.49619792 -0.00353173736517 
4156.49619792 0.00799944184877 
4159.49619792 0.0222464016689 
4162.49619792 0.0356722854463 
4165.49619792 0.0484463435552 
4168.49619792 0.0579418757401 
4171.49619792 0.0596918020998 
4174.49619792 0.0512082447022 
4177.49619792 0.0332521076639 
4180.49619792 0.00883469247424 
4183.49619792 -0.0185007763422 
4186.49619792 -0.0419384515004 
4189.49619792 -0.0587621713414 
4192.49619792 -0.0675229058085 
4195.49619792 -0.0640896003399 
4198.49619792 -0.0441463514833 
4201.49619792 -0.0135469003449 
4204.49619792 0.0166446618038 
4207.49619792 0.0364129622609 
4210.49619792 0.0415239121405 
4213.49619792 0.0317377967116 
4216.49619792 0.0163963908669 
4219.49619792 0.00153303696453 
4222.49619792 -0.00888421899469 
4225.49619792 -0.0167127218047 
4228.49619792 -0.0251202234005 
4231.49619792 -0.0284470748131 
4234.49619792 -0.0223007575293 
4237.49619792 0.00170500899961 
4240.49619792 0.0376159354967 
4243.49619792 0.0666313642631 
4246.49619792 0.0762278197981 
4249.49619792 0.070841700681 
4252.49619792 0.0564381654985 
4255.49619792 0.0384558716363 
4258.49619792 0.0222936728165 
4261.49619792 0.0108946793081 
4264.49619792 0.00390406698705 
4267.49619792 -0.00203088530438 
4270.49619792 -0.00834594985839 
4273.49619792 -0.0149211982561 
4276.49619792 -0.0225816087479 
4279.49619792 -0.0268312216584 
4282.49619792 -0.0264528805741 
4285.49619792 -0.0222783779965 
4288.49619792 -0.0179181269008 
4291.49619792 -0.0126608917975 
4294.49619792 -0.00871548146565 
4297.49619792 -0.00384941086864 
4300.49619792 -0.00221020635379 
4303.49619792 0.00160590739599 
4306.49619792 0.00530174147095 
4309.49619792 0.00930734836833 
4312.49619792 0.0135702345147 
4315.49619792 0.0198102162403 
4318.49619792 0.0205971969593 
4321.49619792 0.0142294818267 
4324.49619792 0.00584950941706 
4327.49619792 0.00308520620636 
4330.49619792 -0.00151445520793 
4333.49619792 -0.00431032432682 
4336.49619792 -0.00863697317513 
4339.49619792 -0.0121039327487 
4342.49619792 -0.0135591203858 
4345.49619792 -0.0127668106609 
4348.49619792 -0.00981794506558 
4351.49619792 -0.00524965817368 
4354.49619792 6.55547021574e-06 
4357.49619792 0.00511910612366 
4360.49619792 0.014147091957 
4363.49619792 0.0221908860334 
4366.49619792 0.0331198360067 
4369.49619792 0.0449835348762 
4372.49619792 0.0586802307126 
4375.49619792 0.0714505184066 
4378.49619792 0.0763744740412 
4381.49619792 0.0734086129281 
4384.49619792 0.0568352990645 
4387.49619792 0.0250982770643 
4390.49619792 -0.0148647841388 
4393.49619792 -0.0509469881811 
4396.49619792 -0.0743036658873 
4399.49619792 -0.0834526453676 
4402.49619792 -0.0792316876107 
4405.49619792 -0.0613881908594 
4408.49619792 -0.0315305568282 
4411.49619792 0.00582184098909 
4414.49619792 0.0413266632837 
4417.49619792 0.0725498476342 
4420.49619792 0.0916423258518 
4423.49619792 0.092816843342 
4426.49619792 0.0837978090925 
4429.49619792 0.0688514900171 
4432.49619792 0.0472947694411 
4435.49619792 0.0269448864898 
4438.49619792 0.0112744964698 
4441.49619792 -0.00618476348298 
4444.49619792 -0.0231805019162 
4447.49619792 -0.0380068622032 
4450.49619792 -0.0489079111059 
4453.49619792 -0.0558523690785 
4456.49619792 -0.0592223315761 
4459.49619792 -0.0586777094625 
4462.49619792 -0.0484017220123 
4465.49619792 -0.0303741189934 
4468.49619792 -0.00799273417744 
4471.49619792 0.0132940968879 
4474.49619792 0.0278941073617 
4477.49619792 0.0373799396098 
4480.49619792 0.0398557934709 
4483.49619792 0.0449894162651 
4486.49619792 0.052058355232 
4489.49619792 0.0551371316776 
4492.49619792 0.0560011915967 
4495.49619792 0.0533163077647 
4498.49619792 0.047154702537 
4501.49619792 0.0416690490494 
4504.49619792 0.0362597802721 
4507.49619792 0.0330132444279 
4510.49619792 0.0235652263475 
4513.49619792 0.00758148504894 
4516.49619792 -0.0074825758339 
4519.49619792 -0.0174627089083 
4522.49619792 -0.0199152927769 
4525.49619792 -0.0179950903526 
4528.49619792 -0.0115382398603 
4531.49619792 -0.00686843769753 
4534.49619792 -0.00284124947218 
4537.49619792 0.000387887024371 
4540.49619792 0.00517227871559 
4543.49619792 0.0109840186599 
4546.49619792 0.0108138445913 
4549.49619792 0.00673470256925 
4552.49619792 2.33858303768e-05 
4555.49619792 -0.00671405295779 
4558.49619792 -0.0114215884936 
4561.49619792 -0.0177917011058 
4564.49619792 -0.0175967591929 
4567.49619792 -0.00807584432244 
4570.49619792 0.0094488053981 
4573.49619792 0.0299514130752 
4576.49619792 0.0463526928753 
4579.49619792 0.0564744760843 
4582.49619792 0.0570115711203 
4585.49619792 0.0501066784381 
4588.49619792 0.0383753566599 
4591.49619792 0.0285635107275 
4594.49619792 0.0233147263962 
4597.49619792 0.0224181538109 
4600.49619792 0.0232262305172 
4603.49619792 0.0297228250795 
4606.49619792 0.0359805197332 
4609.49619792 0.0367047648732 
4612.49619792 0.0291047612421 
4615.49619792 0.0186026703736 
4618.49619792 0.00109614836977 
4621.49619792 -0.0235266718491 
4624.49619792 -0.0464999705547 
4627.49619792 -0.0607754216472 
4630.49619792 -0.0611031520736 
4633.49619792 -0.0534157183647 
4636.49619792 -0.0378131041319 
4639.49619792 -0.0250725878177 
4642.49619792 -0.0096811718309 
4645.49619792 0.00327081319071 
4648.49619792 0.0131540208155 
4651.49619792 0.0202684763692 
4654.49619792 0.0199422197281 
4657.49619792 0.0108770718141 
4660.49619792 -0.00437923066549 
4663.49619792 -0.0191669261495 
4666.49619792 -0.0245506661233 
4669.49619792 -0.0212441336946 
4672.49619792 -0.0140107438968 
4675.49619792 -0.00222369890973 
4678.49619792 0.012851436421 
4681.49619792 0.0363199327158 
4684.49619792 0.0635530553949 
4687.49619792 0.0866583644645 
4690.49619792 0.103682001103 
4693.49619792 0.112836788627 
4696.49619792 0.110272640587 
4699.49619792 0.0908302357737 
4702.49619792 0.0579491919496 
4705.49619792 0.0169206321113 
4708.49619792 -0.0252409821129 
4711.49619792 -0.0647712455211 
4714.49619792 -0.0961427481398 
4717.49619792 -0.116237835847 
4720.49619792 -0.124408519857 
4723.49619792 -0.11340433578 
4726.49619792 -0.0799349972065 
4729.49619792 -0.0309147483636 
4732.49619792 0.0243371070703 
4735.49619792 0.0662276525265 
4738.49619792 0.101586796416 
4741.49619792 0.122800494038 
4744.49619792 0.124930235267 
4747.49619792 0.105150221311 
4750.49619792 0.0738508860392 
4753.49619792 0.0466044786641 
4756.49619792 0.0310036728552 
4759.49619792 0.0214662031127 
4762.49619792 0.0199978774705 
4765.49619792 0.0236027975583 
4768.49619792 0.0300814064391 
4771.49619792 0.0272277982573 
4774.49619792 0.01599317192 
4777.49619792 -0.000187360041074 
4780.49619792 -0.0164396543728 
4783.49619792 -0.0294487995726 
4786.49619792 -0.0353419695926 
4789.49619792 -0.036014570362 
4792.49619792 -0.0253773290271 
4795.49619792 -0.0123228712326 
4798.49619792 -0.00507201662065 
4801.49619792 -0.00910790201289 
4804.49619792 -0.0143651136227 
4807.49619792 -0.0138032530345 
4810.49619792 -0.00349424924101 
4813.49619792 0.00376313225716 
4816.49619792 0.0171483915326 
4819.49619792 0.0267482587774 
4822.49619792 0.0349463304403 
4825.49619792 0.0335998659844 
4828.49619792 0.0221074876637 
4831.49619792 -0.00032960274109 
4834.49619792 -0.0275066783166 
4837.49619792 -0.054901555235 
4840.49619792 -0.0703762045642 
4843.49619792 -0.0702287847779 
4846.49619792 -0.0487066603376 
4849.49619792 -0.0114515902239 
4852.49619792 0.0281037538929 
4855.49619792 0.0728823363472 
4858.49619792 0.10340885345 
4861.49619792 0.109474302782 
4864.49619792 0.079638498193 
4867.49619792 0.0198922393827 
4870.49619792 -0.0410761472881 
4873.49619792 -0.0810003216462 
4876.49619792 -0.0969129029523 
4879.49619792 -0.0913380797243 
4882.49619792 -0.0605472714322 
4885.49619792 -0.0114162010405 
4888.49619792 0.0397742287376 
4891.49619792 0.0762001914809 
4894.49619792 0.082565064477 
4897.49619792 0.0675867392773 
4900.49619792 0.0431502468195 
4903.49619792 0.0298803917515 
4906.49619792 0.02831329499 
4909.49619792 0.0322047207727 
4912.49619792 0.0365223295068 
4915.49619792 0.0353647043925 
4918.49619792 0.0270154402362 
4921.49619792 0.019029009184 
4924.49619792 0.0104689387215 
4927.49619792 0.00292502545641 
4930.49619792 0.00135561487487 
4933.49619792 0.0079365022777 
4936.49619792 0.018731531467 
4939.49619792 0.0276104392191 
4942.49619792 0.0347188357504 
4945.49619792 0.0310863996556 
4948.49619792 0.023173396575 
4951.49619792 0.010691475717 
4954.49619792 0.00597897732952 
4957.49619792 0.0017735266933 
4960.49619792 0.000460155578994 
4963.49619792 -0.00208320367957 
4966.49619792 -0.00519340679155 
4969.49619792 -0.0107912129334 
4972.49619792 -0.0121348226467 
4975.49619792 -0.00996108904088 
4978.49619792 0.00685883173459 
4981.49619792 0.03100844031 
4984.49619792 0.0607398582683 
4987.49619792 0.090635503583 
4990.49619792 0.10884012128 
4993.49619792 0.109920564053 
4996.49619792 0.0892445344784 
4999.49619792 0.0529383677883 
5002.49619792 0.014278347092 
5005.49619792 -0.0297119768279 
5008.49619792 -0.0699970773082 
5011.49619792 -0.100187447593 
5014.49619792 -0.119060526626 
5017.49619792 -0.131266613553 
5020.49619792 -0.140144017723 
5023.49619792 -0.142805797736 
5026.49619792 -0.134101534687 
5029.49619792 -0.114189599757 
5032.49619792 -0.073086433836 
5035.49619792 -0.0150342110005 
5038.49619792 0.0544695275675 
5041.49619792 0.1114591959 
5044.49619792 0.153371311797 
5047.49619792 0.17211971272 
5050.49619792 0.175349131567 
5053.49619792 0.16345524875 
5056.49619792 0.141057727933 
5059.49619792 0.112196134389 
5062.49619792 0.0727626182235 
5065.49619792 0.0327584033424 
5068.49619792 -0.00784268426886 
5071.49619792 -0.0436311454824 
5074.49619792 -0.0660230003625 
5077.49619792 -0.0794019774276 
5080.49619792 -0.0835216084344 
5083.49619792 -0.0790265770377 
5086.49619792 -0.0650987879998 
5089.49619792 -0.0350344114591 
5092.49619792 0.000913220356918 
5095.49619792 0.035965520587 
5098.49619792 0.0637238953027 
5101.49619792 0.0739770906518 
5104.49619792 0.0745147357787 
5107.49619792 0.0627208411568 
5110.49619792 0.0379318091714 
5113.49619792 0.00897362424282 
5116.49619792 -0.015977477138 
5119.49619792 -0.0309881786272 
5122.49619792 -0.0314265254644 
5125.49619792 -0.0178974927606 
5128.49619792 -0.000302930242727 
5131.49619792 0.0263328209356 
5134.49619792 0.0637681180297 
5137.49619792 0.0988340955403 
5140.49619792 0.126671419765 
5143.49619792 0.142061396347 
5146.49619792 0.140395546803 
5149.49619792 0.119331886484 
5152.49619792 0.063742827599 
5155.49619792 -0.0259024962579 
5158.49619792 -0.119006544369 
5161.49619792 -0.191627660868 
5164.49619792 -0.221394731595 
5167.49619792 -0.193363454474 
5170.49619792 -0.123534636231 
5173.49619792 -0.022756035707 
5176.49619792 0.0794123374735 
5179.49619792 0.143939030902 
5182.49619792 0.154401283726 
5185.49619792 0.124859117678 
5188.49619792 0.0678465426415 
5191.49619792 0.0102817404845 
5194.49619792 -0.0157719459746 
5197.49619792 -0.00324022813477 
5200.49619792 0.0322644170993 
5203.49619792 0.0681232017087 
5206.49619792 0.0846960250746 
5209.49619792 0.0753320608889 
5212.49619792 0.0485777923681 
5215.49619792 0.014488183863 
5218.49619792 -0.0202155805418 
5221.49619792 -0.0541859511068 
5224.49619792 -0.0783100285867 
5227.49619792 -0.0874242010632 
5230.49619792 -0.0734376806499 
5233.49619792 -0.0391445442292 
5236.49619792 0.00457372562951 
5239.49619792 0.0444405767877 
5242.49619792 0.0667399338772 
5245.49619792 0.0691664491656 
5248.49619792 0.0614265321975 
5251.49619792 0.0467395397407 
5254.49619792 0.0429161693747 
5257.49619792 0.049419202293 
5260.49619792 0.0679284786862 
5263.49619792 0.090725104228 
5266.49619792 0.10502943051 
5269.49619792 0.105217570778 
5272.49619792 0.0923601211756 
5275.49619792 0.0687582358514 
5278.49619792 0.0362151770655 
5281.49619792 0.0022625963554 
5284.49619792 -0.0334478827353 
5287.49619792 -0.0709381912149 
5290.49619792 -0.111502258852 
5293.49619792 -0.156457230257 
5296.49619792 -0.195400532886 
5299.49619792 -0.21053483637 
5302.49619792 -0.197109647082 
5305.49619792 -0.170920056074 
5308.49619792 -0.142318288814 
5311.49619792 -0.0997581841326 
5314.49619792 -0.0452762290941 
5317.49619792 0.0160947129764 
5320.49619792 0.082850717531 
5323.49619792 0.155402889299 
5326.49619792 0.240611865002 
5329.49619792 0.305003511106 
5332.49619792 0.316119106933 
5335.49619792 0.275425910033 
5338.49619792 0.198124234802 
5341.49619792 0.115341572687 
5344.49619792 0.0431630135133 
5347.49619792 -0.0120515090826 
5350.49619792 -0.0512624011547 
5353.49619792 -0.0671425087593 
5356.49619792 -0.0642507403109 
5359.49619792 -0.0468008840481 
5362.49619792 -0.0248126125501 
5365.49619792 0.000177092232072 
5368.49619792 0.00968626475614 
5371.49619792 0.00749235885736 
5374.49619792 -0.0137511158741 
5377.49619792 -0.0419745787225 
5380.49619792 -0.0686904004711 
5383.49619792 -0.0884080662037 
5386.49619792 -0.0970248831302 
5389.49619792 -0.0779392581288 
5392.49619792 -0.0284453236903 
5395.49619792 0.0487283660091 
5398.49619792 0.148094619519 
5401.49619792 0.24212674209 
5404.49619792 0.311140233887 
5407.49619792 0.332948698995 
5410.49619792 0.30205007288 
5413.49619792 0.218114521017 
5416.49619792 0.0998625822238 
5419.49619792 -0.0325702401542 
5422.49619792 -0.145402593673 
5425.49619792 -0.233530085996 
5428.49619792 -0.290185638263 
5431.49619792 -0.329850110107 
5434.49619792 -0.35659509126 
5437.49619792 -0.345340927526 
5440.49619792 -0.275421564315 
5443.49619792 -0.156253733284 
5446.49619792 -0.0048635092361 
5449.49619792 0.14634128718 
5452.49619792 0.261655190293 
5455.49619792 0.32720721655 
5458.49619792 0.321348161336 
5461.49619792 0.265201534865 
5464.49619792 0.196169413321 
5467.49619792 0.129949558334 
5470.49619792 0.0712742784394 
5473.49619792 0.0127241213123 
5476.49619792 -0.0393352699243 
5479.49619792 -0.0784512094249 
5482.49619792 -0.0899882207488 
5485.49619792 -0.0754189615042 
5488.49619792 -0.0496136502701 
5491.49619792 -0.0174355516065 
5494.49619792 0.0119893339088 
5497.49619792 0.0417833441933 
5500.49619792 0.0676327085431 
5503.49619792 0.0860831435427 
5506.49619792 0.101390248926 
5509.49619792 0.0921406165565 
5512.49619792 0.0697156141135 
5515.49619792 0.027747874855 
5518.49619792 -0.0165429809327 
5521.49619792 -0.0412681565287 
5524.49619792 -0.0296177485429 
5527.49619792 0.0112501732823 
5530.49619792 0.0704878913602 
5533.49619792 0.121399669137 
5536.49619792 0.142363781334 
5539.49619792 0.116993908331 
5542.49619792 0.0677718723813 
5545.49619792 -0.00254324000057 
5548.49619792 -0.0934893753501 
5551.49619792 -0.183290629358 
5554.49619792 -0.254752777604 
5557.49619792 -0.275709701946 
5560.49619792 -0.229369289851 
5563.49619792 -0.123096873865 
5566.49619792 0.00454141122519 
5569.49619792 0.113365325165 
5572.49619792 0.175324120766 
5575.49619792 0.190260978278 
5578.49619792 0.169484300399 
5581.49619792 0.134436503394 
5584.49619792 0.107466562554 
5587.49619792 0.110807393152 
5590.49619792 0.121263439118 
5593.49619792 0.132109545396 
5596.49619792 0.139931114195 
5599.49619792 0.137192046406 
5602.49619792 0.123724197567 
5605.49619792 0.0894087457904 
5608.49619792 0.0318894957469 
5611.49619792 -0.044106089411 
5614.49619792 -0.104087665663 
5617.49619792 -0.118369264021 
5620.49619792 -0.0898730867163 
5623.49619792 -0.0169625054917 
5626.49619792 0.0607109876624 
5629.49619792 0.104221301087 
5632.49619792 0.118238507406 
5635.49619792 0.131071413785 
5638.49619792 0.173519070711 
5641.49619792 0.230681091702 
5644.49619792 0.267766608891 
5647.49619792 0.253097150583 
5650.49619792 0.171535717847 
5653.49619792 0.027761560659 
5656.49619792 -0.128297296035 
5659.49619792 -0.230347938296 
5662.49619792 -0.228058056427 
5665.49619792 -0.129628855319 
5668.49619792 0.00246557203125 
5671.49619792 0.074318999672 
5674.49619792 0.047962006824 
5677.49619792 -0.0622247645681 
5680.49619792 -0.194403694767 
5683.49619792 -0.275483211172 
5686.49619792 -0.243722500881 
5689.49619792 -0.109677561382 
5692.49619792 0.083736556467 
5695.49619792 0.261238258038 
5698.49619792 0.374283925361 
5701.49619792 0.392789607826 
5704.49619792 0.32120187382 
5707.49619792 0.19726812828 
5710.49619792 0.0618030786102 
5713.49619792 -0.0372850947645 
5716.49619792 -0.0883751249249 
5719.49619792 -0.102488276271 
5722.49619792 -0.0858737147558 
5725.49619792 -0.0310661654774 
5728.49619792 0.0388961965087 
5731.49619792 0.101961509193 
5734.49619792 0.125827983672 
5737.49619792 0.0966134334477 
5740.49619792 0.0446005019746 
5743.49619792 -0.0211316332224 
5746.49619792 -0.0867925683161 
5749.49619792 -0.109000390274 
5752.49619792 -0.10063705525 
5755.49619792 -0.0476078078555 
5758.49619792 0.0184497748905 
5761.49619792 0.0842756089099 
5764.49619792 0.144839667284 
5767.49619792 0.211329699434 
5770.49619792 0.246361085393 
5773.49619792 0.227412506379 
5776.49619792 0.134017508297 
5779.49619792 -0.00887558543208 
5782.49619792 -0.166024925204 
5785.49619792 -0.290186170018 
5788.49619792 -0.342108959923 
5791.49619792 -0.303218356006 
5794.49619792 -0.187712205279 
5797.49619792 -0.0532261661969 
5800.49619792 0.0820433674031 
5803.49619792 0.193102362981 
5806.49619792 0.26956901851 
5809.49619792 0.278670144663 
5812.49619792 0.257224079463 
5815.49619792 0.207856003538 
5818.49619792 0.155224568155 
5821.49619792 0.105362712271 
5824.49619792 0.0842348288353 
5827.49619792 0.0663903327521 
5830.49619792 0.0415179161493 
5833.49619792 -0.0277373727022 
5836.49619792 -0.0957825944369 
5839.49619792 -0.128124732509 
5842.49619792 -0.103530194342 
5845.49619792 -0.0222229563349 
5848.49619792 0.0501613345565 
5851.49619792 0.144597343059 
5854.49619792 0.192444050823 
5857.49619792 0.229966120178 
5860.49619792 0.200748406931 
5863.49619792 0.18525911143 
5866.49619792 0.158010668719 
5869.49619792 0.122261863332 
5872.49619792 0.0820937832372 
5875.49619792 0.0382094675705 
5878.49619792 0.0217183900095 
5881.49619792 0.0485685141677 
5884.49619792 0.0428554897605 
5887.49619792 0.00780333844177 
5890.49619792 -0.0620293126751 
5893.49619792 -0.101899422263 
5896.49619792 -0.15742826911 
5899.49619792 -0.189328757508 
5902.49619792 -0.20284142959 
5905.49619792 -0.238914981161 
5908.49619792 -0.220208368813 
5911.49619792 -0.16044881843 
5914.49619792 -0.0260785001444 
5917.49619792 0.123842815508 
5920.49619792 0.314780992399 
5923.49619792 0.434497282428 
5926.49619792 0.432923618955 
5929.49619792 0.342259318112 
5932.49619792 0.212652759812 
5935.49619792 0.126856754569 
5938.49619792 0.0834901799057 
5941.49619792 0.0691717804636 
5944.49619792 0.0748636997152 
5947.49619792 0.125603363207 
5950.49619792 0.108959839404 
5953.49619792 0.0534275865766 
5956.49619792 0.00827714093166 
5959.49619792 -0.0978789268102 
5962.49619792 -0.124156880759 
5965.49619792 -0.103091460149 
5968.49619792 -0.104398778759 
5971.49619792 -0.0516411112584 
5974.49619792 0.0251339275409 
5977.49619792 0.0867356797453 
5980.49619792 0.138449196723 
5983.49619792 0.206862502638 
5986.49619792 0.119144342148 
5989.49619792 -0.0736215714651 
5992.49619792 -0.249669350608 
5995.49619792 -0.598920086122 
5998.49619792 -0.923443078949 
