1.49619792281 nan 
4.49619792281 nan 
7.49619792281 nan 
10.4961979228 nan 
13.4961979228 nan 
16.4961979228 nan 
19.4961979228 nan 
22.4961979228 nan 
25.4961979228 nan 
28.4961979228 nan 
31.4961979228 nan 
34.4961979228 nan 
37.4961979228 nan 
40.4961979228 nan 
43.4961979228 nan 
46.4961979228 nan 
49.4961979228 nan 
52.4961979228 nan 
55.4961979228 nan 
58.4961979228 nan 
61.4961979228 nan 
64.4961979228 nan 
67.4961979228 nan 
70.4961979228 nan 
73.4961979228 nan 
76.4961979228 nan 
79.4961979228 nan 
82.4961979228 nan 
85.4961979228 nan 
88.4961979228 nan 
91.4961979228 nan 
94.4961979228 nan 
97.4961979228 nan 
100.496197923 nan 
103.496197923 nan 
106.496197923 nan 
109.496197923 nan 
112.496197923 nan 
115.496197923 nan 
118.496197923 nan 
121.496197923 nan 
124.496197923 nan 
127.496197923 nan 
130.496197923 nan 
133.496197923 nan 
136.496197923 nan 
139.496197923 nan 
142.496197923 nan 
145.496197923 nan 
148.496197923 nan 
151.496197923 nan 
154.496197923 nan 
157.496197923 nan 
160.496197923 nan 
163.496197923 nan 
166.496197923 nan 
169.496197923 nan 
172.496197923 nan 
175.496197923 nan 
178.496197923 nan 
181.496197923 nan 
184.496197923 nan 
187.496197923 nan 
190.496197923 nan 
193.496197923 nan 
196.496197923 nan 
199.496197923 nan 
202.496197923 nan 
205.496197923 nan 
208.496197923 nan 
211.496197923 nan 
214.496197923 nan 
217.496197923 nan 
220.496197923 nan 
223.496197923 nan 
226.496197923 nan 
229.496197923 nan 
232.496197923 nan 
235.496197923 nan 
238.496197923 nan 
241.496197923 nan 
244.496197923 nan 
247.496197923 nan 
250.496197923 nan 
253.496197923 nan 
256.496197923 nan 
259.496197923 nan 
262.496197923 nan 
265.496197923 nan 
268.496197923 nan 
271.496197923 nan 
274.496197923 nan 
277.496197923 nan 
280.496197923 nan 
283.496197923 nan 
286.496197923 nan 
289.496197923 nan 
292.496197923 nan 
295.496197923 nan 
298.496197923 nan 
301.496197923 nan 
304.496197923 nan 
307.496197923 nan 
310.496197923 nan 
313.496197923 nan 
316.496197923 nan 
319.496197923 -0.914066758814 
322.496197923 -1.01997703429 
325.496197923 -0.98320358794 
328.496197923 -0.852241016114 
331.496197923 -0.679200304042 
334.496197923 -0.530521669292 
337.496197923 -0.431139577602 
340.496197923 -0.350716560734 
343.496197923 -0.295061594537 
346.496197923 -0.27488584967 
349.496197923 -0.241842394897 
352.496197923 -0.212177903081 
355.496197923 -0.176107580145 
358.496197923 -0.125332079029 
361.496197923 -0.0874997747799 
364.496197923 -0.099455529024 
367.496197923 -0.142890265471 
370.496197923 -0.101133402072 
373.496197923 -0.0990258884503 
376.496197923 -0.105959503303 
379.496197923 -0.109488236141 
382.496197923 -0.105385322615 
385.496197923 -0.132390574115 
388.496197923 -0.123723746265 
391.496197923 -0.0928052499281 
394.496197923 -0.0840591667428 
397.496197923 -0.0914297015647 
400.496197923 -0.107082276502 
403.496197923 -0.103667596716 
406.496197923 -0.103210961718 
409.496197923 -0.0911234338741 
412.496197923 -0.0935369578342 
415.496197923 -0.0765100293832 
418.496197923 -0.0682438026508 
421.496197923 -0.0635768646631 
424.496197923 -0.0673786943108 
427.496197923 -0.0682640783403 
430.496197923 -0.0633542594674 
433.496197923 -0.0647955154031 
436.496197923 -0.0644581770106 
439.496197923 -0.042173057312 
442.496197923 -0.0131597577285 
445.496197923 0.0067662898632 
448.496197923 0.0149113576322 
451.496197923 0.0123210544299 
454.496197923 0.00140524929592 
457.496197923 -0.0128658762691 
460.496197923 -0.0179961438628 
463.496197923 -0.0219478433465 
466.496197923 -0.0272230864858 
469.496197923 -0.0375412042635 
472.496197923 -0.0521196524915 
475.496197923 -0.0405931849616 
478.496197923 -0.0364306369192 
481.496197923 -0.0336935245357 
484.496197923 -0.0257739973877 
487.496197923 -0.0246321019891 
490.496197923 -0.0176433470953 
493.496197923 -0.018023139436 
496.496197923 -0.0180889239841 
499.496197923 -0.0175583794564 
502.496197923 -0.0147493037703 
505.496197923 -0.0133334027866 
508.496197923 -0.00905403055957 
511.496197923 -0.00964729668272 
514.496197923 -0.0170177671665 
517.496197923 -0.0122061408568 
520.496197923 -0.00651669311542 
523.496197923 0.00397029893621 
526.496197923 0.00108713133342 
529.496197923 0.00267890910277 
532.496197923 0.000161984730756 
535.496197923 -0.00579929813662 
538.496197923 -0.0183890853005 
541.496197923 -0.0243969807371 
544.496197923 -0.0242186861031 
547.496197923 -0.0260788680226 
550.496197923 -0.0255911715139 
553.496197923 -0.0244197150608 
556.496197923 -0.0214195655876 
559.496197923 -0.0166189399424 
562.496197923 -0.0111752263656 
565.496197923 -0.00589041810543 
568.496197923 0.00159110365552 
571.496197923 0.00628229911362 
574.496197923 0.0012042125114 
577.496197923 -0.00666697885132 
580.496197923 -0.00190711842308 
583.496197923 0.00728068208364 
586.496197923 -0.00520464472341 
589.496197923 -0.0169663518414 
592.496197923 -0.0187986673257 
595.496197923 -0.024830853838 
598.496197923 -0.0314097245473 
601.496197923 -0.0291681602172 
604.496197923 -0.0401109112348 
607.496197923 -0.0342970250107 
610.496197923 -0.0269217498503 
613.496197923 -0.0171672716541 
616.496197923 -0.012951846893 
619.496197923 -0.0177290098154 
622.496197923 -0.0257245030142 
625.496197923 -0.0296380006081 
628.496197923 -0.034623522435 
631.496197923 -0.0287868306558 
634.496197923 -0.0236550132035 
637.496197923 -0.0168229112188 
640.496197923 -0.0172477275845 
643.496197923 -0.0157689338201 
646.496197923 -0.0182561605089 
649.496197923 -0.0225807716043 
652.496197923 -0.0169045976151 
655.496197923 -0.0101396094494 
658.496197923 -0.00114668600129 
661.496197923 0.000228736091494 
664.496197923 -0.00670101025423 
667.496197923 -0.0119287287996 
670.496197923 -0.00721453965491 
673.496197923 -0.00659696062712 
676.496197923 -0.0103319481693 
679.496197923 -0.0164101387136 
682.496197923 -0.0170123099178 
685.496197923 -0.0169211623755 
688.496197923 -0.00985565903376 
691.496197923 -0.00198395418703 
694.496197923 0.00347699065253 
697.496197923 -0.00135100323853 
700.496197923 -0.00722299092259 
703.496197923 -0.00886236279399 
706.496197923 -0.0124792112418 
709.496197923 -0.0135287240366 
712.496197923 -0.0148226032371 
715.496197923 -0.0158843977137 
718.496197923 -0.0218313086832 
721.496197923 -0.0240107637786 
724.496197923 -0.017478565758 
727.496197923 -0.0102295311212 
730.496197923 -0.00311320873068 
733.496197923 0.00385372549778 
736.496197923 0.00252675239224 
739.496197923 -0.00937765574768 
742.496197923 -0.0162330906301 
745.496197923 -0.013899820395 
748.496197923 -0.00484764530002 
751.496197923 0.0037467341264 
754.496197923 0.00659029646479 
757.496197923 0.00055252133496 
760.496197923 -0.00259299075365 
763.496197923 -0.00510143321481 
766.496197923 -0.00852539894116 
769.496197923 -0.00642910140151 
772.496197923 -0.00471406219184 
775.496197923 0.000432843152856 
778.496197923 0.00381767405118 
781.496197923 0.00208664783144 
784.496197923 -0.00566017678267 
787.496197923 -0.0130437124943 
790.496197923 -0.01541283513 
793.496197923 -0.0240168804928 
796.496197923 -0.025314529216 
799.496197923 -0.0327633749823 
802.496197923 -0.0287571662007 
805.496197923 -0.0227465455865 
808.496197923 -0.0170739710836 
811.496197923 -0.0234190555564 
814.496197923 -0.0216463780348 
817.496197923 -0.0215437748658 
820.496197923 -0.0196992638668 
823.496197923 -0.0242092215105 
826.496197923 -0.026817005142 
829.496197923 -0.0240303409403 
832.496197923 -0.0264092969637 
835.496197923 -0.0221055130271 
838.496197923 -0.0147706364427 
841.496197923 -0.00769289852384 
844.496197923 -0.0115928345675 
847.496197923 -0.0171118639208 
850.496197923 -0.0199184315703 
853.496197923 -0.0215061187009 
856.496197923 -0.0286847352982 
859.496197923 -0.0342581648044 
862.496197923 -0.0389199902116 
865.496197923 -0.0468354318908 
868.496197923 -0.0516161104304 
871.496197923 -0.0468048253423 
874.496197923 -0.0280760923715 
877.496197923 -0.0192247187531 
880.496197923 -0.0147619553962 
883.496197923 -0.0183501193959 
886.496197923 -0.0197154265141 
889.496197923 -0.0256650707036 
892.496197923 -0.0249047553254 
895.496197923 -0.0190379498735 
898.496197923 -0.0116673610536 
901.496197923 -0.00678670686672 
904.496197923 -0.000641662009928 
907.496197923 0.00215076834951 
910.496197923 0.00803654664465 
913.496197923 0.00721940120184 
916.496197923 0.00590897964439 
919.496197923 0.00316118627626 
922.496197923 -0.00336031697306 
925.496197923 -0.00471662997097 
928.496197923 -0.00538343223316 
931.496197923 -0.0033894377138 
934.496197923 -0.00648721420682 
937.496197923 -0.00847783988039 
940.496197923 -0.0103303201859 
943.496197923 -0.0160896787298 
946.496197923 -0.0200676982368 
949.496197923 -0.0209286544722 
952.496197923 -0.0141510077872 
955.496197923 -0.0134664551056 
958.496197923 -0.0102062901351 
961.496197923 -0.00648165413207 
964.496197923 -0.00462920944233 
967.496197923 -0.00231812033822 
970.496197923 -0.0014827301641 
973.496197923 -0.00588768833218 
976.496197923 -0.0142837372668 
979.496197923 -0.0178695724575 
982.496197923 -0.0168063096938 
985.496197923 -0.0149236691853 
988.496197923 -0.0135952691528 
991.496197923 -0.0145624808927 
994.496197923 -0.0125123258269 
997.496197923 -0.00788792738017 
1000.49619792 -0.00406461915054 
1003.49619792 -0.000375087617817 
1006.49619792 0.0026903420388 
1009.49619792 0.00734833818081 
1012.49619792 0.0100618890367 
1015.49619792 0.00459702718506 
1018.49619792 -0.00249328480929 
1021.49619792 -0.00468011494545 
1024.49619792 -0.00268997266923 
1027.49619792 -0.00333991145849 
1030.49619792 -0.00196258029804 
1033.49619792 -0.0101486478021 
1036.49619792 -0.0158497424611 
1039.49619792 -0.0188024345507 
1042.49619792 -0.016879930851 
1045.49619792 -0.0151643189174 
1048.49619792 -0.0149203029245 
1051.49619792 -0.0193610729947 
1054.49619792 -0.00659878334819 
1057.49619792 0.00847523648553 
1060.49619792 0.0154858783933 
1063.49619792 0.00963941986228 
1066.49619792 -0.000322187669811 
1069.49619792 -0.00902659438533 
1072.49619792 -0.0144973305343 
1075.49619792 -0.0184462347578 
1078.49619792 -0.0138244299403 
1081.49619792 -0.00329197297532 
1084.49619792 -0.00127077134256 
1087.49619792 0.0019759255689 
1090.49619792 -0.00319292678361 
1093.49619792 -0.00855001055836 
1096.49619792 -0.00886591517567 
1099.49619792 -0.00190734576058 
1102.49619792 0.000876430982154 
1105.49619792 -0.000488428857088 
1108.49619792 -0.00501824406449 
1111.49619792 -0.00752829756292 
1114.49619792 -0.0065335158026 
1117.49619792 -0.0066356059902 
1120.49619792 -0.00453490358917 
1123.49619792 -0.0013717954997 
1126.49619792 2.03021698854e-06 
1129.49619792 0.00292889819801 
1132.49619792 0.00264255377358 
1135.49619792 0.00125287415183 
1138.49619792 0.00280777800975 
1141.49619792 0.00243642056503 
1144.49619792 -0.00174721026522 
1147.49619792 -0.00816133094459 
1150.49619792 -0.0152089913809 
1153.49619792 -0.0199397665405 
1156.49619792 -0.0181772613305 
1159.49619792 -0.0130799899859 
1162.49619792 -0.0147326310139 
1165.49619792 -0.0185018378032 
1168.49619792 -0.0218129079895 
1171.49619792 -0.0217835744161 
1174.49619792 -0.0167320750269 
1177.49619792 -0.0149521123655 
1180.49619792 -0.0140986193486 
1183.49619792 -0.0181984802623 
1186.49619792 -0.0194308315687 
1189.49619792 -0.0215056522497 
1192.49619792 -0.0252470339641 
1195.49619792 -0.0247196132804 
1198.49619792 -0.0210989941609 
1201.49619792 -0.0153822021569 
1204.49619792 -0.0100269454116 
1207.49619792 -0.00378205918448 
1210.49619792 -0.00174303518274 
1213.49619792 -0.00344738881222 
1216.49619792 -0.00496346247867 
1219.49619792 -0.00388598386931 
1222.49619792 -0.000816443037463 
1225.49619792 -0.000188612262808 
1228.49619792 -0.00150157777778 
1231.49619792 -0.00155106597597 
1234.49619792 0.000905242024037 
1237.49619792 0.00460339608152 
1240.49619792 0.00746127622993 
1243.49619792 0.00965775851571 
1246.49619792 0.0103382130908 
1249.49619792 0.0087433683477 
1252.49619792 0.0122457225689 
1255.49619792 0.014211145519 
1258.49619792 0.0160390722264 
1261.49619792 0.0177186732119 
1264.49619792 0.019568855154 
1267.49619792 0.0160150339076 
1270.49619792 0.0117505651395 
1273.49619792 0.00927923915013 
1276.49619792 0.0135635826435 
1279.49619792 0.0211902876128 
1282.49619792 0.0283558274933 
1285.49619792 0.0319466695661 
1288.49619792 0.0228564488309 
1291.49619792 0.0154265230586 
1294.49619792 0.00332037479536 
1297.49619792 -0.0128638036635 
1300.49619792 -0.0205354200663 
1303.49619792 -0.016571806547 
1306.49619792 -0.0189513806756 
1309.49619792 -0.019369223252 
1312.49619792 -0.0205839011149 
1315.49619792 -0.0227354725416 
1318.49619792 -0.0207280460099 
1321.49619792 -0.0193507766025 
1324.49619792 -0.0208586845016 
1327.49619792 -0.0209257960228 
1330.49619792 -0.0173053469397 
1333.49619792 -0.0224906569182 
1336.49619792 -0.0274168015813 
1339.49619792 -0.0290404491086 
1342.49619792 -0.0259207962289 
1345.49619792 -0.0140937273559 
1348.49619792 -0.00780924534283 
1351.49619792 -0.00520489575685 
1354.49619792 -0.00833909478938 
1357.49619792 -0.00866680372285 
1360.49619792 -0.0058237684398 
1363.49619792 -0.000812042412637 
1366.49619792 -0.000355200146942 
1369.49619792 -0.00348670225743 
1372.49619792 -0.000149691748485 
1375.49619792 0.00738456109991 
1378.49619792 0.0159193344454 
1381.49619792 0.0188097633485 
1384.49619792 0.0158805351305 
1387.49619792 0.0111354137257 
1390.49619792 0.00495686322887 
1393.49619792 0.00103262979063 
1396.49619792 -0.00313928518832 
1399.49619792 -0.00693103960595 
1402.49619792 -0.0146979091254 
1405.49619792 -0.0197357987108 
1408.49619792 -0.0275315118001 
1411.49619792 -0.0344703495273 
1414.49619792 -0.0431639558091 
1417.49619792 -0.0475028844273 
1420.49619792 -0.0493464832041 
1423.49619792 -0.0540097768985 
1426.49619792 -0.0479887335137 
1429.49619792 -0.0510563368786 
1432.49619792 -0.0430373430436 
1435.49619792 -0.0392034914095 
1438.49619792 -0.0318688595396 
1441.49619792 -0.0254666175673 
1444.49619792 -0.0181881861679 
1447.49619792 -0.00526722615374 
1450.49619792 0.00291704246882 
1453.49619792 0.00731914304915 
1456.49619792 0.00722472345544 
1459.49619792 0.00648132095267 
1462.49619792 0.0114252820967 
1465.49619792 0.0124479486746 
1468.49619792 0.0085066208356 
1471.49619792 0.00305090906671 
1474.49619792 0.000796101142924 
1477.49619792 0.00358421726004 
1480.49619792 0.00603341525485 
1483.49619792 0.0108951534688 
1486.49619792 0.0152285042044 
1489.49619792 0.0174013807301 
1492.49619792 0.0192263892456 
1495.49619792 0.0216097926395 
1498.49619792 0.0247624716395 
1501.49619792 0.0253004070053 
1504.49619792 0.0237220443021 
1507.49619792 0.0200398168659 
1510.49619792 0.0159484979825 
1513.49619792 0.0143630764718 
1516.49619792 0.014527532672 
1519.49619792 0.0164764942623 
1522.49619792 0.0197642062753 
1525.49619792 0.0204594827378 
1528.49619792 0.0175830266893 
1531.49619792 0.0119300936862 
1534.49619792 0.00558115524702 
1537.49619792 0.00136945232944 
1540.49619792 0.00137895397388 
1543.49619792 0.00353415332212 
1546.49619792 0.00696226311079 
1549.49619792 0.00691953113011 
1552.49619792 0.00469428110141 
1555.49619792 0.00345831853248 
1558.49619792 0.00399286494682 
1561.49619792 0.00643473213327 
1564.49619792 0.0101521622703 
1567.49619792 0.0105299773635 
1570.49619792 0.00726977792628 
1573.49619792 -0.00184928379384 
1576.49619792 -0.0093789074682 
1579.49619792 -0.0125309172371 
1582.49619792 -0.0180974223564 
1585.49619792 -0.0194393287922 
1588.49619792 -0.0180740182273 
1591.49619792 -0.0198008169462 
1594.49619792 -0.0228755411591 
1597.49619792 -0.0252529852374 
1600.49619792 -0.0263852115402 
1603.49619792 -0.0246967341961 
1606.49619792 -0.0225231499514 
1609.49619792 -0.0215944112404 
1612.49619792 -0.0224153353971 
1615.49619792 -0.0251148283803 
1618.49619792 -0.0301021241002 
1621.49619792 -0.0283098395457 
1624.49619792 -0.0213359720264 
1627.49619792 -0.0111731572067 
1630.49619792 -0.00151915457057 
1633.49619792 0.00295519007337 
1636.49619792 0.0053070985361 
1639.49619792 0.00328927020109 
1642.49619792 0.00148409921547 
1645.49619792 0.00184297248572 
1648.49619792 0.00178014203251 
1651.49619792 0.00143322329638 
1654.49619792 0.00286255873389 
1657.49619792 0.000931196196224 
1660.49619792 -0.00408230063634 
1663.49619792 -0.00800690689083 
1666.49619792 -0.0072858469387 
1669.49619792 -0.00363567250916 
1672.49619792 -0.000494109493958 
1675.49619792 0.000503268013884 
1678.49619792 8.46208523422e-05 
1681.49619792 -0.00285662641733 
1684.49619792 -0.00474354167488 
1687.49619792 -0.00427620903335 
1690.49619792 -0.00242338090009 
1693.49619792 0.00443803713748 
1696.49619792 0.00893560826273 
1699.49619792 0.0124854279098 
1702.49619792 0.0139601385033 
1705.49619792 0.0133862932921 
1708.49619792 0.00917402109736 
1711.49619792 0.00850439600147 
1714.49619792 0.0103721514333 
1717.49619792 0.0136889040516 
1720.49619792 0.0148878121891 
1723.49619792 0.0163935383375 
1726.49619792 0.0130908711653 
1729.49619792 0.00676734742056 
1732.49619792 0.00314394280648 
1735.49619792 -0.000630431781963 
1738.49619792 -0.00167680960278 
1741.49619792 0.000253345303197 
1744.49619792 0.00207728678296 
1747.49619792 -0.00179390377762 
1750.49619792 -0.00549914199017 
1753.49619792 -0.00863134481857 
1756.49619792 -0.00999179613434 
1759.49619792 -0.0143614714662 
1762.49619792 -0.0163690128874 
1765.49619792 -0.0119689573392 
1768.49619792 -0.00623794776619 
1771.49619792 -0.00293602938595 
1774.49619792 -0.00204149153983 
1777.49619792 -0.00436259498252 
1780.49619792 -0.00757240074914 
1783.49619792 -0.00766032277021 
1786.49619792 -0.0029350229544 
1789.49619792 -0.00443419609607 
1792.49619792 -0.00128313890424 
1795.49619792 -0.00056461309016 
1798.49619792 0.00506510115074 
1801.49619792 0.0102057972594 
1804.49619792 0.0116308376986 
1807.49619792 0.012728645421 
1810.49619792 0.0172186766391 
1813.49619792 0.0196493581891 
1816.49619792 0.0178278365683 
1819.49619792 0.0145449142963 
1822.49619792 0.00706882020006 
1825.49619792 0.00540330006512 
1828.49619792 0.00269259387195 
1831.49619792 -0.00110779951399 
1834.49619792 -0.00395987559119 
1837.49619792 -0.0101973896497 
1840.49619792 -0.0152536535042 
1843.49619792 -0.0192405711989 
1846.49619792 -0.0196661228571 
1849.49619792 -0.0200617446657 
1852.49619792 -0.0210671812732 
1855.49619792 -0.0202475576651 
1858.49619792 -0.0223682743821 
1861.49619792 -0.0206771913453 
1864.49619792 -0.0188303768129 
1867.49619792 -0.0218425770401 
1870.49619792 -0.0280007088102 
1873.49619792 -0.0272568708764 
1876.49619792 -0.0242747360684 
1879.49619792 -0.0195242481776 
1882.49619792 -0.0172447818191 
1885.49619792 -0.0165481324277 
1888.49619792 -0.0161267650431 
1891.49619792 -0.0150402877178 
1894.49619792 -0.0127979467351 
1897.49619792 -0.0123176215333 
1900.49619792 -0.0122824423848 
1903.49619792 -0.0117997941184 
1906.49619792 -0.00962965885492 
1909.49619792 -0.00678006683117 
1912.49619792 -0.00285544707716 
1915.49619792 -0.00122647183899 
1918.49619792 -7.38527088332e-05 
1921.49619792 0.000958643715797 
1924.49619792 0.000646871456456 
1927.49619792 -0.00221988943074 
1930.49619792 -0.00367411222013 
1933.49619792 -0.00384176033639 
1936.49619792 -0.00362437744047 
1939.49619792 -0.00142624677836 
1942.49619792 0.000852266931152 
1945.49619792 0.00103513804267 
1948.49619792 -0.000683870022928 
1951.49619792 -0.00725402945542 
1954.49619792 -0.0122545380361 
1957.49619792 -0.0156321556364 
1960.49619792 -0.0147594255305 
1963.49619792 -0.0087133919678 
1966.49619792 -0.00151665615594 
1969.49619792 0.00362964138768 
1972.49619792 0.00549722965534 
1975.49619792 0.00697551503398 
1978.49619792 0.00691182434605 
1981.49619792 0.00683641206235 
1984.49619792 0.00685256092293 
1987.49619792 0.00901135659806 
1990.49619792 0.00613312608201 
1993.49619792 0.00247925623344 
1996.49619792 0.00313700721782 
1999.49619792 0.000474094495798 
2002.49619792 -0.000349986284351 
2005.49619792 -0.00028052963618 
2008.49619792 -0.00401325437686 
2011.49619792 -0.00225751759138 
2014.49619792 -0.00205151248456 
2017.49619792 0.000813924158157 
2020.49619792 0.00185617299588 
2023.49619792 0.000838132441595 
2026.49619792 -0.00314924926278 
2029.49619792 -0.00525426375195 
2032.49619792 -0.0084247224682 
2035.49619792 -0.00931969287309 
2038.49619792 -0.0137700320853 
2041.49619792 -0.0165164884275 
2044.49619792 -0.0189573779047 
2047.49619792 -0.019458533712 
2050.49619792 -0.0180748546225 
2053.49619792 -0.0178850227902 
2056.49619792 -0.0214875525664 
2059.49619792 -0.0250606901754 
2062.49619792 -0.0279943600194 
2065.49619792 -0.025365379285 
2068.49619792 -0.0242690972944 
2071.49619792 -0.0241624201456 
2074.49619792 -0.0261467217296 
2077.49619792 -0.0290776457158 
2080.49619792 -0.0306464220435 
2083.49619792 -0.0290080135201 
2086.49619792 -0.0228250817142 
2089.49619792 -0.0171494477054 
2092.49619792 -0.0139817021035 
2095.49619792 -0.0135755908884 
2098.49619792 -0.0133427616809 
2101.49619792 -0.0130288067375 
2104.49619792 -0.0101851470303 
2107.49619792 -0.00535107764172 
2110.49619792 0.000844496598865 
2113.49619792 0.0038047981037 
2116.49619792 0.00624318672495 
2119.49619792 0.00941793771092 
2122.49619792 0.00970634870926 
2125.49619792 0.0124147571135 
2128.49619792 0.0121850724301 
2131.49619792 0.0118660508621 
2134.49619792 0.0125526324914 
2137.49619792 0.0138467770865 
2140.49619792 0.0126568234325 
2143.49619792 0.0115000418084 
2146.49619792 0.0116617096417 
2149.49619792 0.00904083780445 
2152.49619792 0.00222924545281 
2155.49619792 -0.000117329473815 
2158.49619792 -0.00167927455585 
2161.49619792 -0.0015308928253 
2164.49619792 -0.000109600115771 
2167.49619792 0.000784956651209 
2170.49619792 -0.00221390842978 
2173.49619792 -0.00537618558133 
2176.49619792 -0.00493953158144 
2179.49619792 -0.00391377160525 
2182.49619792 -0.0038612384059 
2185.49619792 -0.00562924739482 
2188.49619792 -0.00393220676582 
2191.49619792 -0.00218024883784 
2194.49619792 -0.00153175119308 
2197.49619792 0.00180625223893 
2200.49619792 -0.000145813574441 
2203.49619792 -0.00446489082223 
2206.49619792 -0.00771068685682 
2209.49619792 -0.0100643097573 
2212.49619792 -0.0101265637527 
2215.49619792 -0.00975542948075 
2218.49619792 -0.009718293765 
2221.49619792 -0.0105889202451 
2224.49619792 -0.00963582784374 
2227.49619792 -0.00610935775335 
2230.49619792 -0.0030697081396 
2233.49619792 -0.00179030903046 
2236.49619792 -0.00126063909867 
2239.49619792 0.00219263449461 
2242.49619792 0.0115486997867 
2245.49619792 0.0220693734029 
2248.49619792 0.0298116537085 
2251.49619792 0.0354806574474 
2254.49619792 0.0398363530314 
2257.49619792 0.0409229728196 
2260.49619792 0.0457830215842 
2263.49619792 0.0490136392868 
2266.49619792 0.0534354077915 
2269.49619792 0.0541022583073 
2272.49619792 0.0524033696815 
2275.49619792 0.0481264400041 
2278.49619792 0.0450193284563 
2281.49619792 0.0441550611071 
2284.49619792 0.0410047051717 
2287.49619792 0.0322869904885 
2290.49619792 0.0206538618944 
2293.49619792 0.0112723079478 
2296.49619792 0.00411458658133 
2299.49619792 0.000789631861811 
2302.49619792 -0.00192259374429 
2305.49619792 -0.00621356190676 
2308.49619792 -0.0141784410892 
2311.49619792 -0.0194637910531 
2314.49619792 -0.0245954844248 
2317.49619792 -0.0271607198987 
2320.49619792 -0.0249880386851 
2323.49619792 -0.0237943143595 
2326.49619792 -0.0221110782719 
2329.49619792 -0.0209048769524 
2332.49619792 -0.015892809919 
2335.49619792 -0.00869775953528 
2338.49619792 -0.00118118694301 
2341.49619792 -0.000466857465959 
2344.49619792 -0.00376133714948 
2347.49619792 -0.00691578515971 
2350.49619792 -0.00494860497547 
2353.49619792 -0.00273610221807 
2356.49619792 0.00119462843378 
2359.49619792 0.00394319450524 
2362.49619792 0.00588070075606 
2365.49619792 0.00728501456466 
2368.49619792 0.00916685486814 
2371.49619792 0.0104679772738 
2374.49619792 0.0110636641176 
2377.49619792 0.0120123763588 
2380.49619792 0.00988979153938 
2383.49619792 0.0053794191448 
2386.49619792 -3.1751913267e-05 
2389.49619792 0.000371487054374 
2392.49619792 0.0031517354704 
2395.49619792 0.00544277205776 
2398.49619792 0.00345044286093 
2401.49619792 0.00167029307338 
2404.49619792 9.10912374711e-05 
2407.49619792 0.00511536241129 
2410.49619792 0.0078678343649 
2413.49619792 0.00991960649961 
2416.49619792 0.0118180466048 
2419.49619792 0.0159220711121 
2422.49619792 0.0166924990593 
2425.49619792 0.0195002339855 
2428.49619792 0.0162845312308 
2431.49619792 0.0139934771228 
2434.49619792 0.0145543214442 
2437.49619792 0.0154350444089 
2440.49619792 0.0131054092759 
2443.49619792 0.0100739731086 
2446.49619792 0.00937865586031 
2449.49619792 0.00723917827114 
2452.49619792 0.00975169442485 
2455.49619792 0.0145697016944 
2458.49619792 0.0150712596148 
2461.49619792 0.0132006503291 
2464.49619792 0.0115381736156 
2467.49619792 0.0131508767743 
2470.49619792 0.0146934904773 
2473.49619792 0.0152216188799 
2476.49619792 0.0184558429622 
2479.49619792 0.0151634020997 
2482.49619792 0.00939079680255 
2485.49619792 0.00268594751748 
2488.49619792 0.00109447650295 
2491.49619792 0.000729315764139 
2494.49619792 0.00243261714991 
2497.49619792 0.00250407580054 
2500.49619792 0.00493417026543 
2503.49619792 0.00381011432561 
2506.49619792 0.00297415717207 
2509.49619792 -0.000606681763804 
2512.49619792 -0.00545003249632 
2515.49619792 -0.00520348548889 
2518.49619792 -0.00301008999532 
2521.49619792 -0.00222762249577 
2524.49619792 -0.00314491390952 
2527.49619792 -0.00259554158658 
2530.49619792 -0.00362791029094 
2533.49619792 -0.00550581247143 
2536.49619792 -0.00438534022067 
2539.49619792 -0.000263694652235 
2542.49619792 0.00200949425457 
2545.49619792 0.0016349253626 
2548.49619792 0.00197873820616 
2551.49619792 0.00464509376996 
2554.49619792 0.0080862897538 
2557.49619792 0.0132242520681 
2560.49619792 0.0181963272341 
2563.49619792 0.020770359793 
2566.49619792 0.0204792000646 
2569.49619792 0.0177168257896 
2572.49619792 0.0118794894807 
2575.49619792 0.00503576815174 
2578.49619792 0.000592827460884 
2581.49619792 -0.00589320877008 
2584.49619792 -0.0129342010229 
2587.49619792 -0.0197881745116 
2590.49619792 -0.0250595160053 
2593.49619792 -0.0267570512333 
2596.49619792 -0.0257795626325 
2599.49619792 -0.0240995985963 
2602.49619792 -0.0213653837247 
2605.49619792 -0.0169261922355 
2608.49619792 -0.0149819089434 
2611.49619792 -0.0120164537853 
2614.49619792 -0.006786420792 
2617.49619792 7.67916302378e-05 
2620.49619792 0.00676063787689 
2623.49619792 0.00983849569937 
2626.49619792 0.0105730103546 
2629.49619792 0.013515394563 
2632.49619792 0.0184945365789 
2635.49619792 0.0213196071737 
2638.49619792 0.0218923448505 
2641.49619792 0.0206757230582 
2644.49619792 0.0191710148303 
2647.49619792 0.0161529184766 
2650.49619792 0.0117675515442 
2653.49619792 0.00763695942685 
2656.49619792 0.00313384143913 
2659.49619792 0.000768942857533 
2662.49619792 0.00233568348789 
2665.49619792 0.00759489208161 
2668.49619792 0.0083625707244 
2671.49619792 0.00440724705308 
2674.49619792 -0.000249084951205 
2677.49619792 -0.00539984246723 
2680.49619792 -0.00868128209088 
2683.49619792 -0.0133419861771 
2686.49619792 -0.0178744035587 
2689.49619792 -0.0205126122134 
2692.49619792 -0.02035299171 
2695.49619792 -0.0223032607422 
2698.49619792 -0.022826880883 
2701.49619792 -0.022044235592 
2704.49619792 -0.0166854069338 
2707.49619792 -0.0112297310678 
2710.49619792 -0.00648665469522 
2713.49619792 -0.00416150398455 
2716.49619792 -0.000876398238661 
2719.49619792 0.00158620922149 
2722.49619792 0.00532884998053 
2725.49619792 0.00739593687844 
2728.49619792 0.00885257536205 
2731.49619792 0.0093102380461 
2734.49619792 0.0107658189724 
2737.49619792 0.0143604271212 
2740.49619792 0.016850799483 
2743.49619792 0.0179820308432 
2746.49619792 0.0173047724925 
2749.49619792 0.0146089525249 
2752.49619792 0.0144637920072 
2755.49619792 0.01247058764 
2758.49619792 0.0116162938436 
2761.49619792 0.0102898595695 
2764.49619792 0.00606365760382 
2767.49619792 0.00349556281875 
2770.49619792 0.00266245779572 
2773.49619792 0.00105975059334 
2776.49619792 0.00103859327096 
2779.49619792 0.00378912201319 
2782.49619792 0.00738457660999 
2785.49619792 0.00888369776418 
2788.49619792 0.0103521939875 
2791.49619792 0.010685275726 
2794.49619792 0.00872337528624 
2797.49619792 0.00726862443624 
2800.49619792 0.00316436411834 
2803.49619792 -0.00273146614168 
2806.49619792 -0.010761686399 
2809.49619792 -0.0172731675547 
2812.49619792 -0.0229821539697 
2815.49619792 -0.0236523730441 
2818.49619792 -0.0229445989075 
2821.49619792 -0.0221334863095 
2824.49619792 -0.021096544718 
2827.49619792 -0.0208369887785 
2830.49619792 -0.0212322934922 
2833.49619792 -0.0203921069709 
2836.49619792 -0.0184018989205 
2839.49619792 -0.0162353056986 
2842.49619792 -0.0125787503092 
2845.49619792 -0.0107384189883 
2848.49619792 -0.0129664321082 
2851.49619792 -0.0147721748124 
2854.49619792 -0.0139168872223 
2857.49619792 -0.00920594083224 
2860.49619792 -0.00869737867677 
2863.49619792 -0.0051257053337 
2866.49619792 -0.00174250784018 
2869.49619792 0.00356345099261 
2872.49619792 0.0103141276673 
2875.49619792 0.0147063879665 
2878.49619792 0.0179596354434 
2881.49619792 0.017669674012 
2884.49619792 0.0199612922271 
2887.49619792 0.0226123822866 
2890.49619792 0.0228197945019 
2893.49619792 0.0241641044249 
2896.49619792 0.0240032178398 
2899.49619792 0.0197376208574 
2902.49619792 0.0116715671562 
2905.49619792 0.00723489289479 
2908.49619792 0.00300172862863 
2911.49619792 -0.00275722148332 
2914.49619792 -0.00738559165824 
2917.49619792 -0.0119409472922 
2920.49619792 -0.0134261610789 
2923.49619792 -0.0100308390149 
2926.49619792 -0.00668402442403 
2929.49619792 -0.00829261971053 
2932.49619792 -0.015393957645 
2935.49619792 -0.0205167229578 
2938.49619792 -0.022303132066 
2941.49619792 -0.0184176433702 
2944.49619792 -0.0124266366823 
2947.49619792 -0.00347109337724 
2950.49619792 0.00299132424037 
2953.49619792 0.00561057154086 
2956.49619792 0.00641674963713 
2959.49619792 0.00972284108929 
2962.49619792 0.0114382887309 
2965.49619792 0.0110604288308 
2968.49619792 0.0101923540453 
2971.49619792 0.0119504555428 
2974.49619792 0.0130726554436 
2977.49619792 0.0143074182795 
2980.49619792 0.0134921294501 
2983.49619792 0.0117569265682 
2986.49619792 0.00816615285465 
2989.49619792 0.00466745872404 
2992.49619792 0.000683496991257 
2995.49619792 -0.000508441198431 
2998.49619792 0.000441788265635 
3001.49619792 0.00384828146136 
3004.49619792 0.00861743170662 
3007.49619792 0.0125467271739 
3010.49619792 0.0136932376815 
3013.49619792 0.0137848459305 
3016.49619792 0.0108486875811 
3019.49619792 0.00700302473747 
3022.49619792 0.00357668395905 
3025.49619792 0.000381252298285 
3028.49619792 0.000173129401986 
3031.49619792 6.89080151612e-05 
3034.49619792 -0.00232346801112 
3037.49619792 -0.00741639811439 
3040.49619792 -0.0112605179928 
3043.49619792 -0.0163385430573 
3046.49619792 -0.0216074810638 
3049.49619792 -0.0240221654073 
3052.49619792 -0.0245561554695 
3055.49619792 -0.0245508016213 
3058.49619792 -0.0211549131523 
3061.49619792 -0.0127070921609 
3064.49619792 -0.00339674611871 
3067.49619792 0.0047893475227 
3070.49619792 0.00946042153039 
3073.49619792 0.0136543315194 
3076.49619792 0.0124668675197 
3079.49619792 0.010140996165 
3082.49619792 0.00831323891947 
3085.49619792 0.0082197562492 
3088.49619792 0.0074069335218 
3091.49619792 0.00500925856089 
3094.49619792 0.00222442225024 
3097.49619792 -0.00207851868505 
3100.49619792 -0.00772081551041 
3103.49619792 -0.0137842094429 
3106.49619792 -0.0181948198846 
3109.49619792 -0.0224505696925 
3112.49619792 -0.0221427119321 
3115.49619792 -0.0178435293178 
3118.49619792 -0.0136910111241 
3121.49619792 -0.00882955094255 
3124.49619792 -0.00173157395518 
3127.49619792 0.00452060186367 
3130.49619792 0.012956418344 
3133.49619792 0.0232855632108 
3136.49619792 0.0352726592959 
3139.49619792 0.045654621139 
3142.49619792 0.0551760196686 
3145.49619792 0.0595568048099 
3148.49619792 0.0590187040033 
3151.49619792 0.0523875976583 
3154.49619792 0.0458651445605 
3157.49619792 0.0366677871188 
3160.49619792 0.0277075523032 
3163.49619792 0.0228889924155 
3166.49619792 0.0171087435235 
3169.49619792 0.00978547421987 
3172.49619792 -0.00101186065097 
3175.49619792 -0.0135538871231 
3178.49619792 -0.024826106606 
3181.49619792 -0.0345258434277 
3184.49619792 -0.0396079022607 
3187.49619792 -0.0419971569741 
3190.49619792 -0.0411374760115 
3193.49619792 -0.0402551250634 
3196.49619792 -0.0369478646111 
3199.49619792 -0.0318364193555 
3202.49619792 -0.0235559716074 
3205.49619792 -0.0161548819373 
3208.49619792 -0.00786762181942 
3211.49619792 -0.00159023968688 
3214.49619792 0.00176907875327 
3217.49619792 0.00166783889119 
3220.49619792 -7.60752765883e-05 
3223.49619792 -0.000733026765063 
3226.49619792 0.000219436814045 
3229.49619792 0.000952864920257 
3232.49619792 0.000685853373802 
3235.49619792 -0.001584344853 
3238.49619792 -0.00164155161142 
3241.49619792 0.000400279031789 
3244.49619792 0.0037745991255 
3247.49619792 0.00918478566404 
3250.49619792 0.0137877216133 
3253.49619792 0.0176345488615 
3256.49619792 0.0184095080485 
3259.49619792 0.0194612634853 
3262.49619792 0.0177699070117 
3265.49619792 0.0135647499203 
3268.49619792 0.00909315903277 
3271.49619792 0.00681606054582 
3274.49619792 0.00865187958377 
3277.49619792 0.00849114809941 
3280.49619792 0.00535253271656 
3283.49619792 -0.00157189887928 
3286.49619792 -0.00768283822946 
3289.49619792 -0.0118972272623 
3292.49619792 -0.010771319879 
3295.49619792 -0.00374372316124 
3298.49619792 0.00425490335997 
3301.49619792 0.00836485415215 
3304.49619792 0.0103728752368 
3307.49619792 0.00804929075649 
3310.49619792 0.00732897758576 
3313.49619792 0.00880177124887 
3316.49619792 0.0153210350156 
3319.49619792 0.0162934857143 
3322.49619792 0.0104861711665 
3325.49619792 0.00534472425534 
3328.49619792 -4.75983161611e-05 
3331.49619792 -0.00186407638451 
3334.49619792 -0.000217703401571 
3337.49619792 -0.00109154682207 
3340.49619792 -0.00336730454918 
3343.49619792 -0.00446578064099 
3346.49619792 -0.00629302749012 
3349.49619792 -0.00846251879827 
3352.49619792 -0.00803620484855 
3355.49619792 -0.00583414238236 
3358.49619792 -0.00304087577136 
3361.49619792 -5.48715990054e-05 
3364.49619792 0.0016174529756 
3367.49619792 0.00189365438525 
3370.49619792 -0.00117610602905 
3373.49619792 -0.0020316251214 
3376.49619792 -0.00321835641366 
3379.49619792 -0.00530254661623 
3382.49619792 -0.0104196317948 
3385.49619792 -0.0156848692122 
3388.49619792 -0.01977273337 
3391.49619792 -0.0241504325808 
3394.49619792 -0.0251349041622 
3397.49619792 -0.0255404616101 
3400.49619792 -0.0251533324294 
3403.49619792 -0.0251848167333 
3406.49619792 -0.0208038500666 
3409.49619792 -0.0134531187386 
3412.49619792 0.000398026408776 
3415.49619792 0.0116348565314 
3418.49619792 0.0184548997199 
3421.49619792 0.0199845504467 
3424.49619792 0.0211745937144 
3427.49619792 0.0191784562197 
3430.49619792 0.0184149595528 
3433.49619792 0.0175201741199 
3436.49619792 0.0190272364326 
3439.49619792 0.024906708446 
3442.49619792 0.0275921159831 
3445.49619792 0.026743262202 
3448.49619792 0.0207142914454 
3451.49619792 0.0151439915277 
3454.49619792 0.0123641896726 
3457.49619792 0.0120815053387 
3460.49619792 0.0102314107126 
3463.49619792 0.00821578796772 
3466.49619792 0.00595743024726 
3469.49619792 0.00324246309175 
3472.49619792 0.00134860621385 
3475.49619792 -0.0027994766728 
3478.49619792 -0.00745290998045 
3481.49619792 -0.00800981416827 
3484.49619792 -0.00396653803018 
3487.49619792 -0.0018418666748 
3490.49619792 -0.00264146232384 
3493.49619792 -0.00327499116625 
3496.49619792 -0.0035714645315 
3499.49619792 -0.00422961188447 
3502.49619792 -0.00467532290664 
3505.49619792 -0.00308409861721 
3508.49619792 -0.00326230392469 
3511.49619792 -0.00295331536483 
3514.49619792 -0.00385880389853 
3517.49619792 -0.00636292565485 
3520.49619792 -0.00961661200939 
3523.49619792 -0.0101571105587 
3526.49619792 -0.0106004333165 
3529.49619792 -0.0113771204408 
3532.49619792 -0.0116114397645 
3535.49619792 -0.00936400917924 
3538.49619792 -0.00336088165468 
3541.49619792 0.00160927988399 
3544.49619792 0.00254669174288 
3547.49619792 0.00259101724018 
3550.49619792 0.0017653415432 
3553.49619792 0.00170620650903 
3556.49619792 6.78707429753e-05 
3559.49619792 -0.008652682661 
3562.49619792 -0.0175035634037 
3565.49619792 -0.0221988078531 
3568.49619792 -0.0197272118735 
3571.49619792 -0.0141050117974 
3574.49619792 -0.00441031431407 
3577.49619792 0.00573100382857 
3580.49619792 0.0138390748981 
3583.49619792 0.0190222479328 
3586.49619792 0.0213886993889 
3589.49619792 0.0204067002284 
3592.49619792 0.0152937683033 
3595.49619792 0.00452425936919 
3598.49619792 -0.0050367636688 
3601.49619792 -0.0108527581142 
3604.49619792 -0.0121546588959 
3607.49619792 -0.0135131438788 
3610.49619792 -0.013932359384 
3613.49619792 -0.0111519624016 
3616.49619792 -0.00720231714116 
3619.49619792 -0.0022143708598 
3622.49619792 0.00492468499273 
3625.49619792 0.0134921328968 
3628.49619792 0.0196222994267 
3631.49619792 0.0220179488867 
3634.49619792 0.0189327364163 
3637.49619792 0.015616865 
3640.49619792 0.0182972828884 
3643.49619792 0.024766766207 
3646.49619792 0.034709838876 
3649.49619792 0.0415190744143 
3652.49619792 0.0463019220665 
3655.49619792 0.0456963903461 
3658.49619792 0.0383830084282 
3661.49619792 0.0271233785309 
3664.49619792 0.0160024362798 
3667.49619792 0.0095856056456 
3670.49619792 0.00351145605032 
3673.49619792 -0.00143073579625 
3676.49619792 -0.010053209139 
3679.49619792 -0.0181670798277 
3682.49619792 -0.0253275255102 
3685.49619792 -0.0276389701971 
3688.49619792 -0.027588981799 
3691.49619792 -0.0270794379132 
3694.49619792 -0.0280455524589 
3697.49619792 -0.0285520379876 
3700.49619792 -0.0274435754179 
3703.49619792 -0.0239811613639 
3706.49619792 -0.0217029151314 
3709.49619792 -0.0198023633582 
3712.49619792 -0.0167209204105 
3715.49619792 -0.0128468310456 
3718.49619792 -0.00464069005748 
3721.49619792 0.0012635753857 
3724.49619792 0.0042387582333 
3727.49619792 0.00256477993731 
3730.49619792 -0.0025306207199 
3733.49619792 -0.0104561436608 
3736.49619792 -0.0182287835027 
3739.49619792 -0.0227356954272 
3742.49619792 -0.0235379109864 
3745.49619792 -0.0223407399774 
3748.49619792 -0.0206682000973 
3751.49619792 -0.018497583447 
3754.49619792 -0.0143660773841 
3757.49619792 -0.0090871244646 
3760.49619792 -0.00420600267769 
3763.49619792 0.000206426374109 
3766.49619792 0.00542102233667 
3769.49619792 0.00859754204566 
3772.49619792 0.00918100695014 
3775.49619792 0.0105549864982 
3778.49619792 0.0125344489387 
3781.49619792 0.0125367398343 
3784.49619792 0.0149437265848 
3787.49619792 0.0210169240338 
3790.49619792 0.029027413752 
3793.49619792 0.0352714092987 
3796.49619792 0.0382779650074 
3799.49619792 0.0401150748283 
3802.49619792 0.0377245172686 
3805.49619792 0.0322066505964 
3808.49619792 0.0269692911032 
3811.49619792 0.0209893344822 
3814.49619792 0.0142149506575 
3817.49619792 0.00770540309118 
3820.49619792 -0.00510739023261 
3823.49619792 -0.0120220810703 
3826.49619792 -0.0141697255758 
3829.49619792 -0.0105565145279 
3832.49619792 -0.00371325304394 
3835.49619792 0.00199209022678 
3838.49619792 0.00791685826611 
3841.49619792 0.0109960849963 
3844.49619792 0.0113448640798 
3847.49619792 0.0109846351141 
3850.49619792 0.0103212726419 
3853.49619792 0.0111847185317 
3856.49619792 0.00888417053425 
3859.49619792 -0.000591525117204 
3862.49619792 -0.0132832409054 
3865.49619792 -0.0214898917155 
3868.49619792 -0.029271919174 
3871.49619792 -0.0287614171102 
3874.49619792 -0.023568462388 
3877.49619792 -0.0181890708167 
3880.49619792 -0.0136311491269 
3883.49619792 -0.00524196770895 
3886.49619792 0.00356222138831 
3889.49619792 0.0135297155325 
3892.49619792 0.0230530706294 
3895.49619792 0.0293072292965 
3898.49619792 0.0295384328183 
3901.49619792 0.0274007515257 
3904.49619792 0.0240410647212 
3907.49619792 0.0205884415458 
3910.49619792 0.0155961067748 
3913.49619792 0.0124845237298 
3916.49619792 0.00823111364542 
3919.49619792 0.0021382215603 
3922.49619792 -0.00331651422273 
3925.49619792 -0.00432119485775 
3928.49619792 -0.00522041846994 
3931.49619792 -0.00756889202545 
3934.49619792 -0.0121563351329 
3937.49619792 -0.0128192667696 
3940.49619792 -0.0108176421549 
3943.49619792 -0.00715817374363 
3946.49619792 -0.00161788223129 
3949.49619792 0.00650345612785 
3952.49619792 0.0165459908884 
3955.49619792 0.023602210014 
3958.49619792 0.0275738003076 
3961.49619792 0.0277133289446 
3964.49619792 0.020987344597 
3967.49619792 0.00881275123326 
3970.49619792 -0.00399455755558 
3973.49619792 -0.0124305854325 
3976.49619792 -0.013138132088 
3979.49619792 -0.00911009316272 
3982.49619792 -0.00115262908874 
3985.49619792 0.00649810687523 
3988.49619792 0.011590738984 
3991.49619792 0.0127670173472 
3994.49619792 0.0137148035795 
3997.49619792 0.014891742557 
4000.49619792 0.0160505749578 
4003.49619792 0.0154875845016 
4006.49619792 0.0137566141468 
4009.49619792 0.0106618233433 
4012.49619792 0.00937995181326 
4015.49619792 0.0113062221634 
4018.49619792 0.0143484740232 
4021.49619792 0.0171976036169 
4024.49619792 0.0142743806703 
4027.49619792 0.00960966521901 
4030.49619792 0.00491286976207 
4033.49619792 0.00152194178853 
4036.49619792 -0.00273887162817 
4039.49619792 -0.00758913841814 
4042.49619792 -0.0136479080505 
4045.49619792 -0.0180759357322 
4048.49619792 -0.0181486147959 
4051.49619792 -0.0147966979647 
4054.49619792 -0.00689178303102 
4057.49619792 0.000397253633637 
4060.49619792 0.00690698118144 
4063.49619792 0.0149648995609 
4066.49619792 0.0263164088463 
4069.49619792 0.0353098306274 
4072.49619792 0.0403065036238 
4075.49619792 0.0360248083322 
4078.49619792 0.0255284855342 
4081.49619792 0.0137435845347 
4084.49619792 0.0064184155341 
4087.49619792 0.00480888677085 
4090.49619792 0.0051600406192 
4093.49619792 0.00159382811513 
4096.49619792 -0.00541968559796 
4099.49619792 -0.0105538513905 
4102.49619792 -0.0101161961291 
4105.49619792 -0.00798070692704 
4108.49619792 -0.00677247723434 
4111.49619792 -0.00912480245853 
4114.49619792 -0.010612762103 
4117.49619792 -0.0121000013907 
4120.49619792 -0.0125854460662 
4123.49619792 -0.00983363587579 
4126.49619792 -0.00586713920581 
4129.49619792 -0.00116631199097 
4132.49619792 0.00245966815728 
4135.49619792 0.00358288971249 
4138.49619792 0.00356911159564 
4141.49619792 0.00131499746049 
4144.49619792 -0.00073691124905 
4147.49619792 -0.00145257556195 
4150.49619792 0.000629470372715 
4153.49619792 0.00837706460251 
4156.49619792 0.0190345663793 
4159.49619792 0.0307626465053 
4162.49619792 0.0410694155035 
4165.49619792 0.0507269120713 
4168.49619792 0.0588376520226 
4171.49619792 0.0617116253102 
4174.49619792 0.0542854839963 
4177.49619792 0.0383164575675 
4180.49619792 0.013837714607 
4183.49619792 -0.0129582646174 
4186.49619792 -0.0363020135884 
4189.49619792 -0.052642077782 
4192.49619792 -0.0616624618183 
4195.49619792 -0.0575789600128 
4198.49619792 -0.0382152054984 
4201.49619792 -0.0090464599195 
4204.49619792 0.0191590605834 
4207.49619792 0.0349104312538 
4210.49619792 0.0372065313063 
4213.49619792 0.0267611987424 
4216.49619792 0.0110225245046 
4219.49619792 -0.00436465092917 
4222.49619792 -0.0127391784855 
4225.49619792 -0.0217700450349 
4228.49619792 -0.0274601240937 
4231.49619792 -0.024716667515 
4234.49619792 -0.0133912863875 
4237.49619792 0.0102993413955 
4240.49619792 0.0407707443031 
4243.49619792 0.0644582137753 
4246.49619792 0.0715334183819 
4249.49619792 0.0667550789915 
4252.49619792 0.053869882913 
4255.49619792 0.0366030744892 
4258.49619792 0.0214814243633 
4261.49619792 0.01081159897 
4264.49619792 0.00630391556296 
4267.49619792 0.00157496599666 
4270.49619792 -0.00683066586669 
4273.49619792 -0.0144966538355 
4276.49619792 -0.021850536581 
4279.49619792 -0.0235650823405 
4282.49619792 -0.0222750806588 
4285.49619792 -0.017555193572 
4288.49619792 -0.012031055085 
4291.49619792 -0.00505926132018 
4294.49619792 -0.00158203471346 
4297.49619792 -3.5444260363e-05 
4300.49619792 -0.00208979350448 
4303.49619792 -0.00042069258862 
4306.49619792 0.000630618836343 
4309.49619792 0.00431825081569 
4312.49619792 0.0104230658403 
4315.49619792 0.0177907261282 
4318.49619792 0.0205408819106 
4321.49619792 0.0147656904521 
4324.49619792 0.00421467769256 
4327.49619792 -0.00319758152953 
4330.49619792 -0.0119140034193 
4333.49619792 -0.0158356799929 
4336.49619792 -0.0169859117697 
4339.49619792 -0.0155754255256 
4342.49619792 -0.0126527425594 
4345.49619792 -0.0110065031713 
4348.49619792 -0.00872046283878 
4351.49619792 -0.00692106432977 
4354.49619792 -0.00285511159998 
4357.49619792 0.00251645772339 
4360.49619792 0.00975224819198 
4363.49619792 0.015781399325 
4366.49619792 0.0254814429015 
4369.49619792 0.0391860971473 
4372.49619792 0.0540141564842 
4375.49619792 0.0664723314684 
4378.49619792 0.0690858090209 
4381.49619792 0.0645247393603 
4384.49619792 0.0468700274009 
4387.49619792 0.0169416368237 
4390.49619792 -0.019701134267 
4393.49619792 -0.0525846560367 
4396.49619792 -0.0728443529207 
4399.49619792 -0.0792229552405 
4402.49619792 -0.071614355699 
4405.49619792 -0.0529696000201 
4408.49619792 -0.0264915072559 
4411.49619792 0.00575617495738 
4414.49619792 0.0370000841623 
4417.49619792 0.0637624800527 
4420.49619792 0.0793044532182 
4423.49619792 0.0784754385467 
4426.49619792 0.0667837645884 
4429.49619792 0.0547581851345 
4432.49619792 0.0384990789381 
4435.49619792 0.0209434315528 
4438.49619792 0.00542906115123 
4441.49619792 -0.0107846861172 
4444.49619792 -0.0280157110741 
4447.49619792 -0.0433766759168 
4450.49619792 -0.0542023775664 
4453.49619792 -0.0601336187644 
4456.49619792 -0.0598781505914 
4459.49619792 -0.055196175873 
4462.49619792 -0.0405140399198 
4465.49619792 -0.0222435090389 
4468.49619792 -0.00344050578549 
4471.49619792 0.0121353207043 
4474.49619792 0.0229566921706 
4477.49619792 0.0289945967306 
4480.49619792 0.0310474643362 
4483.49619792 0.0370109481084 
4486.49619792 0.0428552570578 
4489.49619792 0.0485004694901 
4492.49619792 0.0507262732859 
4495.49619792 0.0503171197984 
4498.49619792 0.0473848194366 
4501.49619792 0.0435256783376 
4504.49619792 0.0384380289841 
4507.49619792 0.0336626859105 
4510.49619792 0.0241954049057 
4513.49619792 0.0109315148297 
4516.49619792 -0.00335638430731 
4519.49619792 -0.0136432998348 
4522.49619792 -0.0173868632997 
4525.49619792 -0.0163980040903 
4528.49619792 -0.0122734637746 
4531.49619792 -0.00554049127637 
4534.49619792 0.0036252730037 
4537.49619792 0.00920384007872 
4540.49619792 0.0132390222553 
4543.49619792 0.0156752633056 
4546.49619792 0.0142578434834 
4549.49619792 0.00764089668817 
4552.49619792 0.000481463612597 
4555.49619792 -0.00661522000683 
4558.49619792 -0.0122791875668 
4561.49619792 -0.019065355602 
4564.49619792 -0.016742981482 
4567.49619792 -0.00699725786171 
4570.49619792 0.0082206489402 
4573.49619792 0.0258983767023 
4576.49619792 0.0389689239246 
4579.49619792 0.0475076684239 
4582.49619792 0.0479535176006 
4585.49619792 0.0428586072341 
4588.49619792 0.0346071047331 
4591.49619792 0.0262104279276 
4594.49619792 0.0208223610542 
4597.49619792 0.0200077006701 
4600.49619792 0.0214692828466 
4603.49619792 0.0284348070943 
4606.49619792 0.0345458571692 
4609.49619792 0.0341536613639 
4612.49619792 0.0239904811958 
4615.49619792 0.0116943508823 
4618.49619792 -0.0060527988278 
4621.49619792 -0.0254897700885 
4624.49619792 -0.041575696529 
4627.49619792 -0.0513819059962 
4630.49619792 -0.0538170889146 
4633.49619792 -0.0494370942127 
4636.49619792 -0.0358850062583 
4639.49619792 -0.0229216646762 
4642.49619792 -0.010235129684 
4645.49619792 0.00178246682046 
4648.49619792 0.011811729983 
4651.49619792 0.0167960971709 
4654.49619792 0.0144609553867 
4657.49619792 0.00620745438379 
4660.49619792 -0.00638658024296 
4663.49619792 -0.0169892159902 
4666.49619792 -0.0201771166477 
4669.49619792 -0.017641946593 
4672.49619792 -0.0120750278717 
4675.49619792 -0.00172773391905 
4678.49619792 0.0153368725258 
4681.49619792 0.0400091789278 
4684.49619792 0.0653676924194 
4687.49619792 0.0852373718021 
4690.49619792 0.100347107892 
4693.49619792 0.10718222113 
4696.49619792 0.101767867551 
4699.49619792 0.082060265008 
4702.49619792 0.0507879413452 
4705.49619792 0.0122495265584 
4708.49619792 -0.0275638968373 
4711.49619792 -0.0661284030173 
4714.49619792 -0.0992603915971 
4717.49619792 -0.120095509975 
4720.49619792 -0.127605594114 
4723.49619792 -0.111790363294 
4726.49619792 -0.0772216638052 
4729.49619792 -0.0295594277158 
4732.49619792 0.0216810355852 
4735.49619792 0.0689814158743 
4738.49619792 0.104779147514 
4741.49619792 0.124322687927 
4744.49619792 0.124275463769 
4747.49619792 0.104875820089 
4750.49619792 0.0783438671527 
4753.49619792 0.053432779121 
4756.49619792 0.0371268416885 
4759.49619792 0.0273932974984 
4762.49619792 0.025303120694 
4765.49619792 0.0268060584756 
4768.49619792 0.028862912745 
4771.49619792 0.021721458288 
4774.49619792 0.00866912046854 
4777.49619792 -0.00735853174694 
4780.49619792 -0.0192209882927 
4783.49619792 -0.0287094824849 
4786.49619792 -0.0324562754921 
4789.49619792 -0.0342575535925 
4792.49619792 -0.0266794319234 
4795.49619792 -0.0143885830778 
4798.49619792 -0.00708279420342 
4801.49619792 -0.00548626403213 
4804.49619792 -0.00416077558546 
4807.49619792 -0.000963528743251 
4810.49619792 0.00464381505042 
4813.49619792 0.00655745589099 
4816.49619792 0.0159946042662 
4819.49619792 0.027181912406 
4822.49619792 0.0341826778425 
4825.49619792 0.0317712701461 
4828.49619792 0.0178595437577 
4831.49619792 -0.00521262953993 
4834.49619792 -0.0353063977307 
4837.49619792 -0.0632300593803 
4840.49619792 -0.0788188752709 
4843.49619792 -0.076131146967 
4846.49619792 -0.048125222176 
4849.49619792 -0.00983619791044 
4852.49619792 0.0323344995724 
4855.49619792 0.0752570037209 
4858.49619792 0.103403801356 
4861.49619792 0.10240885875 
4864.49619792 0.0697064510013 
4867.49619792 0.0117874331629 
4870.49619792 -0.0456112526708 
4873.49619792 -0.0864738947443 
4876.49619792 -0.101517528043 
4879.49619792 -0.0922018689381 
4882.49619792 -0.0591503765 
4885.49619792 -0.0149289839711 
4888.49619792 0.0319188915957 
4891.49619792 0.0643359116618 
4894.49619792 0.0707329928002 
4897.49619792 0.0573040617367 
4900.49619792 0.0333170042464 
4903.49619792 0.022335834198 
4906.49619792 0.025556422052 
4909.49619792 0.0318701371102 
4912.49619792 0.0359376807717 
4915.49619792 0.0319657067473 
4918.49619792 0.0210595388273 
4921.49619792 0.00881715264795 
4924.49619792 0.000396283212748 
4927.49619792 -0.00123619881036 
4930.49619792 0.00514692656334 
4933.49619792 0.017357303394 
4936.49619792 0.0238462857494 
4939.49619792 0.0242788376216 
4942.49619792 0.0235782440755 
4945.49619792 0.0185500821795 
4948.49619792 0.0149241333386 
4951.49619792 0.00657437680865 
4954.49619792 0.00181826077109 
4957.49619792 -0.00305798596939 
4960.49619792 -0.00585810774643 
4963.49619792 -0.0111969910223 
4966.49619792 -0.0132081813323 
4969.49619792 -0.0161874324152 
4972.49619792 -0.0159882405398 
4975.49619792 -0.00886232200823 
4978.49619792 0.00978286622944 
4981.49619792 0.0309789121013 
4984.49619792 0.0546399455118 
4987.49619792 0.0811395042202 
4990.49619792 0.0943782794632 
4993.49619792 0.0944228381861 
4996.49619792 0.0768990956 
4999.49619792 0.0449750316814 
5002.49619792 0.00841566573314 
5005.49619792 -0.035431434213 
5008.49619792 -0.0709682174527 
5011.49619792 -0.0942508808539 
5014.49619792 -0.105530432581 
5017.49619792 -0.11788951312 
5020.49619792 -0.131981108128 
5023.49619792 -0.139696724891 
5026.49619792 -0.130786092445 
5029.49619792 -0.107015557903 
5032.49619792 -0.0656718691221 
5035.49619792 -0.013373166024 
5038.49619792 0.0446977253225 
5041.49619792 0.0973301845601 
5044.49619792 0.136425840735 
5047.49619792 0.154889594985 
5050.49619792 0.158390138548 
5053.49619792 0.144220381952 
5056.49619792 0.119665327124 
5059.49619792 0.09142942583 
5062.49619792 0.0583673313938 
5065.49619792 0.0253349496662 
5068.49619792 -0.010047864482 
5071.49619792 -0.0394216710637 
5074.49619792 -0.0568212779008 
5077.49619792 -0.0680794785734 
5080.49619792 -0.0714627705635 
5083.49619792 -0.0663379200073 
5086.49619792 -0.0543183377824 
5089.49619792 -0.0272008967381 
5092.49619792 0.00703706188485 
5095.49619792 0.0385480241401 
5098.49619792 0.0611425549045 
5101.49619792 0.068800653415 
5104.49619792 0.0666590176276 
5107.49619792 0.056151238054 
5110.49619792 0.0350335054243 
5113.49619792 0.00678875132442 
5116.49619792 -0.0176843086296 
5119.49619792 -0.0323936607439 
5122.49619792 -0.0312589436379 
5125.49619792 -0.021852365621 
5128.49619792 -0.00862272006783 
5131.49619792 0.0121511248965 
5134.49619792 0.0432343095104 
5137.49619792 0.0755292365619 
5140.49619792 0.102226267251 
5143.49619792 0.118240321151 
5146.49619792 0.117473852294 
5149.49619792 0.0978859369812 
5152.49619792 0.049317168013 
5155.49619792 -0.0321532522796 
5158.49619792 -0.118377407239 
5161.49619792 -0.186076509833 
5164.49619792 -0.21146762895 
5167.49619792 -0.180925657497 
5170.49619792 -0.109025801524 
5173.49619792 -0.0164020596878 
5176.49619792 0.0744959162857 
5179.49619792 0.131128031011 
5182.49619792 0.137828512199 
5185.49619792 0.109153347192 
5188.49619792 0.0585759614372 
5191.49619792 0.0084437004814 
5194.49619792 -0.0160153751292 
5197.49619792 -0.00783909936547 
5200.49619792 0.0229973032921 
5203.49619792 0.0584012697362 
5206.49619792 0.0754889517264 
5209.49619792 0.0671206158496 
5212.49619792 0.0389554910505 
5215.49619792 0.00208940661427 
5218.49619792 -0.0363362920036 
5221.49619792 -0.0709653038563 
5224.49619792 -0.0901661382424 
5227.49619792 -0.0902810368799 
5230.49619792 -0.0719052557772 
5233.49619792 -0.0371716416792 
5236.49619792 0.00072111351934 
5239.49619792 0.0368329315068 
5242.49619792 0.0599352690286 
5245.49619792 0.0647195459056 
5248.49619792 0.0533209089692 
5251.49619792 0.0379805162308 
5254.49619792 0.0307670996202 
5257.49619792 0.0388292459313 
5260.49619792 0.0583324785313 
5263.49619792 0.0837658034349 
5266.49619792 0.0966157376445 
5269.49619792 0.0968043309685 
5272.49619792 0.0808895231672 
5275.49619792 0.0598928472494 
5278.49619792 0.0353631783929 
5281.49619792 0.00451018742258 
5284.49619792 -0.0285378950968 
5287.49619792 -0.0691784742527 
5290.49619792 -0.117841333082 
5293.49619792 -0.169593183095 
5296.49619792 -0.206997326547 
5299.49619792 -0.214138027329 
5302.49619792 -0.189657825273 
5305.49619792 -0.156963781476 
5308.49619792 -0.132116172161 
5311.49619792 -0.101376076156 
5314.49619792 -0.0589148990908 
5317.49619792 -0.00112494022952 
5320.49619792 0.0621215324725 
5323.49619792 0.138233373417 
5326.49619792 0.223245782492 
5329.49619792 0.282611346925 
5332.49619792 0.290557965004 
5335.49619792 0.252084816614 
5338.49619792 0.181635361777 
5341.49619792 0.106798049203 
5344.49619792 0.0379842754135 
5347.49619792 -0.0180008451389 
5350.49619792 -0.0541113345735 
5353.49619792 -0.0645824322447 
5356.49619792 -0.0574052655522 
5359.49619792 -0.038624784077 
5362.49619792 -0.0174220217681 
5365.49619792 -0.00172806480065 
5368.49619792 -0.00101001645993 
5371.49619792 -0.0154525604538 
5374.49619792 -0.0391620898486 
5377.49619792 -0.0651294530679 
5380.49619792 -0.0901883165011 
5383.49619792 -0.104059829285 
5386.49619792 -0.101860394915 
5389.49619792 -0.0756341168397 
5392.49619792 -0.0271817170939 
5395.49619792 0.0402527859143 
5398.49619792 0.131954122895 
5401.49619792 0.223030268273 
5404.49619792 0.289222986402 
5407.49619792 0.309078382729 
5410.49619792 0.279993816073 
5413.49619792 0.197277495561 
5416.49619792 0.0832731115331 
5419.49619792 -0.0454433026825 
5422.49619792 -0.153041225998 
5425.49619792 -0.232791532989 
5428.49619792 -0.281633444722 
5431.49619792 -0.316675387627 
5434.49619792 -0.33861519101 
5437.49619792 -0.327552238058 
5440.49619792 -0.263064810195 
5443.49619792 -0.155546689089 
5446.49619792 -0.00938519766538 
5449.49619792 0.137050664691 
5452.49619792 0.244659906915 
5455.49619792 0.302581356963 
5458.49619792 0.296025599713 
5461.49619792 0.242165519167 
5464.49619792 0.178407060245 
5467.49619792 0.116861813236 
5470.49619792 0.0553446406112 
5473.49619792 -0.00256642974976 
5476.49619792 -0.052931401577 
5479.49619792 -0.0881835875735 
5482.49619792 -0.0966507927123 
5485.49619792 -0.0761881459191 
5488.49619792 -0.0433435923518 
5491.49619792 -0.0126600093169 
5494.49619792 0.0118147722555 
5497.49619792 0.0331162785969 
5500.49619792 0.0554987900792 
5503.49619792 0.0712768978216 
5506.49619792 0.0829071840508 
5509.49619792 0.0736707618996 
5512.49619792 0.0508655468684 
5515.49619792 0.00564769634212 
5518.49619792 -0.0378160910507 
5521.49619792 -0.0627822846565 
5524.49619792 -0.0463106858335 
5527.49619792 0.00305037827747 
5530.49619792 0.0606528087681 
5533.49619792 0.11017192945 
5536.49619792 0.130049660285 
5539.49619792 0.110508776115 
5542.49619792 0.0584138156638 
5545.49619792 -0.0148162153839 
5548.49619792 -0.0982473332237 
5551.49619792 -0.178775441766 
5554.49619792 -0.242135169971 
5557.49619792 -0.257544988104 
5560.49619792 -0.212554740465 
5563.49619792 -0.112926923227 
5566.49619792 0.00446144442606 
5569.49619792 0.102202039364 
5572.49619792 0.155368932137 
5575.49619792 0.164147735837 
5578.49619792 0.140050225931 
5581.49619792 0.108910415755 
5584.49619792 0.0887485035769 
5587.49619792 0.0897328395888 
5590.49619792 0.0944639134609 
5593.49619792 0.104116860407 
5596.49619792 0.111611760756 
5599.49619792 0.118864180036 
5602.49619792 0.112376520058 
5605.49619792 0.0810899363174 
5608.49619792 0.0171004140386 
5611.49619792 -0.0589698162461 
5614.49619792 -0.11655558231 
5617.49619792 -0.130970099382 
5620.49619792 -0.10043807276 
5623.49619792 -0.0360858146282 
5626.49619792 0.0372770366617 
5629.49619792 0.0839671357007 
5632.49619792 0.103681695948 
5635.49619792 0.118120211128 
5638.49619792 0.154063686924 
5641.49619792 0.210868880302 
5644.49619792 0.249745612339 
5647.49619792 0.232402710337 
5650.49619792 0.139952772107 
5653.49619792 0.000344908673463 
5656.49619792 -0.147065347952 
5659.49619792 -0.232059751553 
5662.49619792 -0.221788396078 
5665.49619792 -0.131184685295 
5668.49619792 -0.0185876797508 
5671.49619792 0.0356610844295 
5674.49619792 0.00269241033606 
5677.49619792 -0.0994414297911 
5680.49619792 -0.21145689368 
5683.49619792 -0.278441062227 
5686.49619792 -0.241398406929 
5689.49619792 -0.117226987043 
5692.49619792 0.0573693419201 
5695.49619792 0.213138158264 
5698.49619792 0.308502611971 
5701.49619792 0.323205189054 
5704.49619792 0.262141062281 
5707.49619792 0.152396521572 
5710.49619792 0.0377359005149 
5713.49619792 -0.0431223014914 
5716.49619792 -0.0775971317071 
5719.49619792 -0.0828460628654 
5722.49619792 -0.0674415664114 
5725.49619792 -0.0207735077638 
5728.49619792 0.0377742023586 
5731.49619792 0.092525746883 
5734.49619792 0.108050941594 
5737.49619792 0.08294479426 
5740.49619792 0.0293465099982 
5743.49619792 -0.0311121080321 
5746.49619792 -0.088747979681 
5749.49619792 -0.114180762306 
5752.49619792 -0.105477077922 
5755.49619792 -0.0601680901938 
5758.49619792 0.000917621074659 
5761.49619792 0.0586854832487 
5764.49619792 0.12502296208 
5767.49619792 0.192431844742 
5770.49619792 0.226765406895 
5773.49619792 0.206532842302 
5776.49619792 0.122552462146 
5779.49619792 -0.0114263942266 
5782.49619792 -0.156067073943 
5785.49619792 -0.276721635964 
5788.49619792 -0.337068613621 
5791.49619792 -0.31085473901 
5794.49619792 -0.207284035458 
5797.49619792 -0.0831483048297 
5800.49619792 0.0397994045855 
5803.49619792 0.139425337636 
5806.49619792 0.215791534624 
5809.49619792 0.228937589488 
5812.49619792 0.213536043395 
5815.49619792 0.176437616164 
5818.49619792 0.121267446666 
5821.49619792 0.0723978741498 
5824.49619792 0.0492182573908 
5827.49619792 0.0273563904126 
5830.49619792 0.00459955389121 
5833.49619792 -0.0478970930957 
5836.49619792 -0.105537702785 
5839.49619792 -0.133073688381 
5842.49619792 -0.116879019079 
5845.49619792 -0.051957299917 
5848.49619792 0.0030576820868 
5851.49619792 0.07360284845 
5854.49619792 0.113905266605 
5857.49619792 0.148038259358 
5860.49619792 0.128597687462 
5863.49619792 0.121186959716 
5866.49619792 0.104002641915 
5869.49619792 0.0816823154941 
5872.49619792 0.0494784360311 
5875.49619792 0.0209804190611 
5878.49619792 0.0189349457403 
5881.49619792 0.029971763641 
5884.49619792 0.0187387340971 
5887.49619792 -0.0147394818716 
5890.49619792 -0.0694341859913 
5893.49619792 -0.103151770675 
5896.49619792 -0.142138456508 
5899.49619792 -0.149334800547 
5902.49619792 -0.171043106291 
5905.49619792 -0.218022356791 
5908.49619792 -0.241485042763 
5911.49619792 -0.195947443419 
5914.49619792 -0.0675238364462 
5917.49619792 0.0881728063479 
5920.49619792 0.281801569342 
5923.49619792 0.387718572742 
5926.49619792 0.370621993713 
5929.49619792 0.278593800853 
5932.49619792 0.177389011074 
5935.49619792 0.104133523972 
5938.49619792 0.0719092309521 
5941.49619792 0.0754662265939 
5944.49619792 0.0865049148948 
5947.49619792 0.120462007309 
5950.49619792 0.0959882022972 
5953.49619792 0.0549428078792 
5956.49619792 0.000486128554954 
5959.49619792 -0.122932764596 
5962.49619792 -0.148784856936 
5965.49619792 -0.127898764408 
5968.49619792 -0.11295375221 
5971.49619792 -0.0509628903985 
5974.49619792 0.0310165567773 
5977.49619792 0.0977667093093 
5980.49619792 0.15143715793 
5983.49619792 0.224841054624 
5986.49619792 0.0835419896022 
5989.49619792 -0.166781865916 
5992.49619792 -0.381979173941 
5995.49619792 -0.657379618037 
5998.49619792 -0.88019389415 
